1.18 -0.98
0.11 1.17
0.53 -0.76
-0.61 0.62
0.27 0.75
1.01 1.30
-0.26 -1.51
0.26 -0.86
0.96 0.71
-1.43 -0.99
-0.79 -0.59
-2.16 -1.13
1.27 0.90
1.72 2.47
1.34 0.86
1.82 1.55
-0.44 0.46
0.31 -1.84
1.57 1.33
-0.38 -0.81
-0.00 0.68
3.24 0.99
0.73 0.38
1.05 2.54
1.18 0.56
-1.17 2.04
2.26 0.74
-0.92 0.21
0.85 -0.27
1.17 -0.13
-1.03 -1.80
0.77 -0.95
-0.22 -0.51
0.62 -1.03
-0.18 -0.29
0.38 1.54
-0.05 0.26
-0.88 0.83
0.07 0.29
-0.47 -1.24
0.40 0.99
1.10 2.57
0.79 -0.49
-1.61 0.00
-0.92 1.67
0.42 -0.54
-0.51 -0.56
-0.69 -0.27
-0.62 1.41
-1.38 -0.44
0.79 0.23
0.06 1.09
1.20 -0.22
-1.13 0.45
0.58 1.48
-1.44 0.50
-0.68 0.41
-0.17 -1.04
-0.36 0.46
0.51 1.12
0.89 -0.94
-1.28 0.39
-0.23 0.86
-0.96 -1.06
-0.77 -0.36
-0.04 -0.15
0.99 -0.12
-0.16 -0.64
-0.92 -1.25
0.26 0.81
2.06 1.24
0.74 0.65
0.20 0.59
0.78 0.24
0.64 0.66
-0.89 0.77
-0.96 -0.34
-0.17 -0.41
0.99 2.09
1.41 0.44
-0.51 -0.85
1.82 1.99
1.11 0.48
-1.06 0.09
-0.58 -0.24
1.13 0.89
-0.36 0.49
-1.41 -1.45
-0.29 -1.06
0.06 0.06
