1.03 1.03
0.83 0.83
-0.48 -0.48
-0.64 -0.64
-0.42 -0.42
0.34 0.34
-1.86 -1.86
-2.06 -2.06
-1.59 -1.59
0.97 0.97
0.09 0.09
0.55 0.55
0.00 0.00
-0.05 -0.05
-1.05 -1.05
0.10 0.10
-1.45 -1.45
1.90 1.90
-1.37 -1.37
0.57 0.57
-1.29 -1.29
0.29 0.29
0.87 0.87
-0.83 -0.83
-0.86 -0.86
-0.45 -0.45
-0.24 -0.24
-1.05 -1.05
-2.51 -2.51
-1.27 -1.27
-0.88 -0.88
-0.42 -0.42
-0.86 -0.86
0.76 0.76
0.23 0.23
-0.69 -0.69
-0.90 -0.90
1.04 1.04
-0.64 -0.64
1.08 1.08
0.51 0.51
-1.17 -1.17
1.17 1.17
-2.28 -2.28
0.69 0.69
-0.17 -0.17
0.50 0.50
1.91 1.91
1.00 1.00
1.22 1.22
-1.92 -1.92
-0.65 -0.65
0.51 0.51
-0.71 -0.71
-0.75 -0.75
-0.85 -0.85
0.26 0.26
0.51 0.51
-0.13 -0.13
-0.25 -0.25
-2.33 -2.33
0.23 0.23
0.82 0.82
0.22 0.22
-0.53 -0.53
-0.32 -0.32
0.59 0.59
-0.97 -0.97
-0.66 -0.66
0.36 0.36
2.68 2.68
-1.85 -1.85
-1.14 -1.14
-1.88 -1.88
0.43 0.43
0.31 0.31
-0.52 -0.52
0.34 0.34
-0.02 -0.02
0.02 0.02
-0.82 -0.82
1.03 1.03
-0.93 -0.93
1.07 1.07
1.23 1.23
0.12 0.12
0.56 0.56
0.88 0.88
-0.80 -0.80
-0.40 -0.40
0.85 0.85
1.66 1.66
0.21 0.21
-0.29 -0.29
-0.17 -0.17
0.62 0.62
-0.85 -0.85
0.28 0.28
0.88 0.88
-0.53 -0.53
