1.34 -0.09
-0.01 -0.13
-0.42 0.43
-0.18 1.71
-1.71 2.50
-0.25 1.37
-0.32 -0.49
0.69 -0.78
0.12 0.73
-0.22 -0.01
-0.62 0.27
0.71 0.29
-0.30 1.07
-0.62 0.22
1.58 -0.01
1.45 -1.51
1.40 -1.78
-1.02 1.55
-0.53 0.49
-1.08 -0.71
1.95 -2.01
0.58 -1.02
0.35 -1.03
0.58 -1.16
1.29 -1.09
-0.68 0.19
-1.36 1.77
-0.15 0.98
0.70 0.34
-0.75 0.79
-0.22 0.53
2.62 -1.20
-0.52 -0.43
1.12 -0.18
0.54 1.24
0.25 -0.34
0.35 -0.07
-0.97 1.01
-2.24 1.74
0.52 -1.08
-0.67 1.19
-0.65 0.32
-0.38 -0.12
0.60 0.98
-0.17 1.56
-1.67 2.02
0.01 1.44
1.39 -0.84
1.83 -1.89
-0.06 -0.19
1.45 -0.63
0.64 0.71
0.83 1.77
-0.48 -0.14
0.02 -0.53
-2.56 1.57
-1.70 0.41
1.31 -1.11
-0.12 0.48
-0.97 -0.14
-0.12 0.60
0.42 -0.25
0.76 -0.28
0.67 -0.97
1.31 -1.35
1.30 -1.46
-0.54 0.37
0.61 -0.47
-0.04 -0.32
0.07 -1.19
-0.42 1.51
1.37 -0.60
-2.45 1.36
-0.23 0.18
-0.45 1.46
0.18 0.43
0.85 -0.11
0.25 -0.97
-0.42 0.36
-0.42 -0.13
0.57 -0.50
-1.38 1.02
1.54 -0.99
-0.53 -0.11
0.08 0.47
-0.18 -0.32
0.59 0.65
-0.04 -0.71
1.26 -1.20
-0.52 1.08
-0.97 0.53
-0.92 1.00
-0.34 0.52
-1.48 2.21
1.98 -1.40
-1.88 1.02
-0.35 -0.59
0.21 -0.52
-0.01 -0.11
0.78 -0.90
