0.55 -0.13
-1.29 1.37
-0.34 0.43
-0.40 0.39
-0.10 0.52
0.21 0.38
-1.66 1.41
0.90 -0.85
-0.30 -0.47
-0.33 0.10
0.40 -0.38
0.83 0.19
-0.32 0.53
0.58 -0.54
-1.09 0.84
-0.80 0.74
-0.88 1.30
-0.67 -0.20
1.07 -1.94
-0.58 0.44
-0.42 -0.17
0.88 -0.69
-0.29 0.35
0.89 -1.70
-0.26 0.17
-1.54 1.53
-0.24 -0.02
0.57 -0.23
2.10 -1.71
-0.63 0.40
-1.57 0.48
0.75 -0.42
-1.26 1.86
1.16 -0.78
-0.87 1.31
-0.40 1.03
-0.30 0.25
-0.73 0.93
1.01 -1.52
-1.15 0.83
-2.42 2.22
-0.28 -0.34
-0.84 1.24
-0.69 0.51
1.48 -1.11
2.14 -2.19
1.79 -1.55
1.28 -0.95
-0.31 -0.46
0.57 -0.51
