0.23 -1.69
-1.16 -0.72
0.74 -0.31
-2.52 -0.81
0.64 -0.75
-0.31 0.98
0.81 1.74
0.53 0.16
1.09 1.32
0.21 -1.40
-0.70 -0.24
-0.72 0.73
-0.54 -0.34
1.75 0.78
-0.81 -0.05
0.37 0.30
2.39 0.49
1.06 1.26
0.86 -0.13
0.28 0.98
-1.77 -1.72
-0.54 -1.52
-0.15 -2.01
1.65 1.80
-1.01 0.11
0.50 0.26
-0.76 -1.95
-0.66 -0.63
-0.83 -0.04
2.02 2.01
-0.67 -0.11
-0.70 0.65
-0.49 0.81
1.83 1.53
-1.25 0.22
1.10 0.54
-0.08 -0.44
-1.13 0.62
-0.76 -1.40
1.48 -1.33
-0.43 -0.54
-0.97 -0.22
0.93 -0.30
-1.64 -1.11
-0.19 0.19
-0.27 -0.48
0.87 0.46
0.81 2.45
-0.76 -0.43
-0.42 -0.77
0.54 -0.15
0.21 0.63
1.60 1.02
0.66 0.17
-1.30 -1.32
-0.26 -0.49
-0.95 0.53
1.07 -0.94
0.07 0.28
-0.99 -0.44
-1.27 -0.14
0.68 -0.62
-1.01 -0.75
-1.23 -0.86
0.72 -1.15
0.42 1.20
1.08 1.71
-0.51 0.27
-0.18 1.05
0.99 0.35
-1.04 -1.25
-0.39 0.15
-0.14 -0.26
0.92 0.79
-2.20 -2.63
-0.05 -0.74
-2.41 -0.37
-0.74 -0.01
-0.59 -0.69
-0.03 -0.26
0.60 -0.08
0.68 -1.29
-0.32 0.87
-0.47 -0.24
0.47 0.81
-1.40 -2.05
1.37 0.04
-0.14 -0.49
0.52 2.08
0.10 -0.21
