-0.67 -0.06
-0.47 0.10
-0.62 0.85
-0.52 0.48
-0.18 -0.03
1.16 -1.84
-0.15 1.36
2.40 -1.97
0.14 -0.29
-0.53 0.53
-1.02 0.70
0.45 -0.26
-0.80 1.13
1.04 -0.64
0.08 -0.90
2.15 -1.18
0.08 0.25
-0.20 -0.17
-0.14 0.34
0.48 -1.34
0.75 -0.87
0.29 0.14
1.46 -1.40
0.79 -0.16
0.41 0.12
1.66 -0.74
-0.35 0.87
-0.62 1.43
-1.26 1.30
-0.52 0.60
0.42 -0.18
-0.60 0.94
-1.74 0.77
-0.03 -1.30
-1.34 0.75
-2.24 0.99
-1.30 0.21
1.80 -1.88
1.21 -0.70
0.61 0.31
0.38 0.09
-0.34 0.01
0.04 -1.58
-0.01 -0.52
0.37 -0.29
-0.13 1.35
0.06 0.88
1.25 -0.74
-1.23 0.03
-1.44 0.88
-0.29 -0.20
1.83 -1.07
-0.71 0.43
-0.27 -0.28
-0.52 -0.53
-0.33 0.34
-0.68 1.60
-2.14 2.18
0.62 -1.15
-0.44 0.54
1.70 -1.69
1.19 -0.46
0.46 -0.53
-0.34 0.50
-1.18 2.40
1.72 -2.77
0.31 0.00
0.81 -0.09
-1.30 2.06
0.48 -0.47
0.60 -0.18
0.54 0.02
-0.28 -0.37
0.80 -1.03
-1.17 0.61
-0.76 0.22
0.78 0.44
1.26 -1.32
-0.45 -0.16
0.22 -0.28
-0.67 0.19
-0.39 1.29
0.05 0.10
-0.61 0.52
1.66 -1.72
1.05 -2.18
1.68 -1.42
0.83 -0.37
0.85 -0.40
-1.82 1.36
-0.74 0.31
-0.39 0.40
0.56 -1.08
-1.64 0.80
0.08 -0.48
1.24 -1.23
-1.51 0.69
1.69 -2.30
-1.22 0.49
0.65 -0.52
