0.22 0.16
0.92 -0.61
-0.22 -0.93
-0.60 -0.58
-0.39 -0.55
1.45 -0.70
0.86 1.37
-1.26 1.03
1.74 -0.92
0.51 -0.68
-1.33 -1.01
0.34 0.39
-0.73 -1.61
-0.85 0.64
0.54 -0.54
0.27 -1.20
-0.45 -0.83
-0.34 -0.43
-0.26 -0.19
-3.56 -2.80
0.33 -0.53
1.93 1.64
-0.59 -0.81
0.35 -0.79
0.36 2.06
-0.29 0.24
-0.30 -0.64
0.46 1.48
-0.99 0.64
0.32 0.02
-0.02 1.20
-0.78 0.67
-0.79 -1.75
0.47 0.13
0.65 0.45
-0.22 0.38
0.65 0.30
0.12 -0.65
0.02 0.28
0.53 0.72
-0.72 -0.79
0.76 -0.12
0.03 0.17
0.53 0.13
0.28 -0.43
0.48 0.64
0.47 0.19
1.41 1.14
0.32 1.47
0.08 0.18
-1.12 -0.57
-0.83 -0.92
0.75 -0.83
0.21 -0.75
2.27 1.94
0.85 -0.64
1.15 1.09
-0.97 -0.19
1.81 2.16
-0.87 0.56
-0.69 -0.49
1.24 1.86
0.44 -0.86
1.09 0.23
-1.05 -0.38
1.54 0.38
-0.06 0.98
1.09 0.87
-0.49 -0.22
-1.14 -0.76
1.70 2.01
-0.84 0.15
-1.40 -0.64
1.82 2.70
0.79 0.29
0.76 0.45
-0.17 0.45
-1.24 -1.30
2.05 0.29
-1.46 -1.53
0.01 -0.60
0.52 0.70
-0.94 -0.98
0.03 0.11
-0.80 -0.95
-0.23 1.20
0.91 0.82
2.84 2.06
0.69 -0.13
0.04 -0.89
