0.87 1.64
3.13 0.16
1.36 1.17
-0.24 0.59
0.93 1.11
-0.60 -0.37
0.44 -1.44
-1.47 0.91
0.77 1.81
0.41 -0.72
0.56 -1.01
-0.37 0.45
1.04 0.28
-2.18 -0.23
0.07 -0.27
-0.08 0.11
-0.69 -0.75
-0.31 -0.70
1.89 -0.10
0.19 -0.75
-0.03 -1.90
-0.75 -0.42
1.26 2.48
-1.13 0.69
0.16 -1.14
-0.47 -0.07
0.08 1.03
0.76 1.28
-0.08 -0.88
0.80 -1.51
0.32 0.50
0.02 0.93
-0.81 0.16
-0.23 -0.95
-0.73 0.49
-1.26 -1.70
-2.30 0.75
1.34 1.63
1.03 0.82
0.65 0.73
1.55 1.52
0.98 0.01
-1.05 -0.28
1.22 -0.13
0.00 1.10
0.07 0.27
0.71 -0.97
-0.79 1.28
0.52 -1.08
0.45 1.03
