0.20 0.60
-0.37 0.57
-1.53 1.44
-1.02 1.38
-0.56 0.41
0.25 0.27
2.48 -2.35
1.29 -0.72
-1.12 0.50
-0.52 1.25
0.03 -0.16
-0.60 0.17
1.23 -0.47
0.09 0.47
1.15 -1.09
1.13 -0.75
-1.60 1.37
-2.11 1.48
0.93 -1.43
0.58 -0.76
-0.67 1.30
0.55 0.19
2.02 -1.84
-0.37 0.97
-0.31 1.16
-0.27 0.37
-0.29 -0.12
0.77 -0.92
0.38 -0.70
-1.60 2.14
-1.17 0.64
-0.88 0.77
-1.19 1.07
-0.25 0.15
-0.25 0.04
1.19 -1.04
1.40 -0.95
0.04 0.52
1.71 -2.03
-0.86 1.08
-0.26 1.02
0.83 -0.72
0.40 0.23
-0.72 -0.17
0.13 -0.62
0.29 0.11
1.66 -1.40
0.75 -0.76
0.32 -0.77
-0.06 0.04
