1.38 -0.79
0.49 -0.28
0.64 -1.72
-0.10 -0.49
-1.03 0.43
-0.57 0.76
0.49 -0.45
0.64 0.57
-0.55 -1.22
-0.26 -0.76
-0.08 -0.98
0.54 0.52
-0.07 1.61
-1.74 -1.72
-0.26 1.91
-0.50 -0.52
0.72 0.14
-0.64 -0.93
-0.20 0.62
2.03 -0.59
0.40 -0.86
0.08 0.15
-0.79 0.61
0.78 -0.91
2.74 -0.62
-0.32 0.82
0.78 2.31
0.44 1.09
0.21 -1.72
1.02 0.10
-0.91 -0.04
-1.74 0.28
-1.24 -0.60
1.59 0.54
-0.63 -0.68
1.50 -0.08
0.11 -1.09
-0.13 0.96
0.52 -0.20
-1.16 0.76
-0.31 -0.90
-1.30 0.12
0.40 1.38
-0.25 1.44
2.51 -0.86
-0.48 -0.56
1.01 0.70
0.98 1.38
1.98 -2.34
-0.37 0.62
