-2.12 -1.61
1.25 0.33
0.40 1.65
0.87 0.16
-0.80 1.47
-0.28 -0.99
2.24 1.15
0.69 0.69
-0.20 0.85
-1.09 -0.55
0.44 -3.06
-0.28 2.41
-1.16 -0.14
0.04 -0.64
1.08 0.20
-0.11 0.14
0.32 -0.14
-0.27 -0.23
-0.63 -0.49
0.88 1.24
0.52 -0.72
-1.19 -0.00
-0.29 -0.65
-0.57 -0.03
0.92 1.12
-0.41 -0.73
-1.36 -1.14
-1.74 -1.16
-1.46 -0.44
-1.48 -2.56
-1.16 -1.78
1.27 0.37
-1.04 0.15
1.42 1.32
-0.37 0.91
-1.77 1.04
-0.74 -2.50
-1.63 -0.49
0.01 0.59
0.06 0.42
-0.68 1.13
-0.14 0.52
0.22 -0.75
1.18 1.65
-1.83 -0.84
-0.95 0.73
-0.80 -0.09
1.09 -0.03
-1.28 -0.78
-0.48 -0.38
-1.20 -0.37
0.69 0.30
1.39 -1.37
0.17 -0.38
0.11 -0.49
-0.56 -1.64
-1.59 -1.28
0.56 1.05
-2.17 -0.42
0.57 1.38
-1.01 0.88
1.40 0.13
1.85 0.12
-0.02 -0.48
-0.66 -0.45
1.02 0.77
-0.25 -1.25
-1.76 -0.41
-0.25 0.79
0.54 1.15
-0.21 -1.85
1.14 0.08
-0.04 0.71
-2.05 -0.29
-0.15 0.27
-0.06 0.32
-0.23 0.72
-1.13 -0.20
0.20 0.55
0.11 -1.47
0.91 0.74
-0.94 0.27
-1.14 -0.76
-0.07 1.36
1.64 0.75
0.03 0.05
-0.03 -0.04
0.31 0.44
1.33 1.13
-1.44 -0.79
-1.00 1.17
1.65 1.40
-0.82 0.40
-0.30 0.29
0.82 -0.13
0.30 0.16
-0.55 -0.26
0.82 0.08
1.56 2.01
0.08 -1.42
