-0.62 0.05
-0.49 -0.87
1.07 1.14
0.56 1.03
-0.14 0.04
-1.98 -1.15
-0.36 -0.27
1.15 0.65
-1.32 -0.50
-0.60 -0.38
0.42 0.47
-2.08 -3.37
-2.13 -2.15
0.78 -0.63
1.22 0.01
-1.01 -0.28
0.42 0.63
-0.07 -0.90
0.03 -0.43
-0.05 0.01
0.81 0.48
0.42 0.45
-0.70 -1.21
0.70 0.43
-0.54 -1.29
-1.28 -1.88
0.14 0.16
-0.96 -0.32
-1.29 -1.50
0.75 0.59
0.47 1.12
0.07 0.99
-0.05 0.29
-0.82 -1.22
1.70 1.15
-1.05 -0.76
-0.04 -0.24
-0.81 -0.22
0.75 0.95
0.33 1.33
1.24 1.47
0.22 0.61
0.99 0.45
1.06 0.30
1.22 0.33
-0.64 0.13
2.43 1.20
1.86 1.47
-0.16 -0.11
-0.01 1.24
