0.10 0.27
-0.75 -0.88
0.56 0.29
-0.26 -1.58
-0.05 -0.52
0.75 0.92
2.02 0.69
1.17 -0.33
0.82 0.61
-0.86 -0.31
0.36 -0.39
-0.33 -1.17
-0.55 0.20
-0.25 1.70
1.00 -1.25
-1.91 -0.83
0.05 0.45
-1.53 -0.67
-1.89 -2.02
-1.86 -0.96
-0.46 -0.63
0.44 0.69
-0.89 -0.30
0.62 1.13
0.96 2.41
-0.16 0.16
0.87 -1.00
0.56 -0.17
0.80 0.10
-0.53 -0.50
0.33 -0.03
-2.32 0.02
-1.51 -1.90
0.89 0.63
1.33 0.30
1.06 1.71
-1.49 -0.61
0.66 -0.58
0.16 0.77
0.76 -0.50
-0.58 -1.10
0.29 0.06
-1.40 -0.98
-1.05 -0.53
-0.22 0.84
-2.33 -0.92
0.14 0.58
-0.32 0.06
-0.75 -0.95
1.90 -0.72
0.83 1.09
0.38 0.33
0.19 0.78
-0.09 0.71
-1.00 -0.13
-1.50 0.18
-0.43 -0.01
-1.27 0.71
-0.52 0.75
-0.42 0.78
0.75 -0.44
-0.16 -1.91
-0.05 -0.06
-0.71 -0.42
1.85 0.48
0.76 -0.10
0.07 0.07
-0.32 0.44
0.41 1.15
-0.99 0.93
-0.87 0.18
0.80 1.06
0.80 0.12
1.10 0.80
-1.36 -2.28
-0.16 0.06
-0.02 1.86
0.02 0.68
0.19 -0.53
-1.59 -0.49
0.80 3.22
0.86 0.62
0.67 2.78
0.67 0.24
0.47 -0.76
0.45 -0.80
0.31 1.49
1.72 1.76
2.50 -0.64
0.04 1.91
1.53 -0.20
-0.57 0.63
0.83 -0.11
0.33 0.75
-0.22 0.28
2.39 2.00
-1.14 0.76
-0.51 -0.96
-0.87 -0.37
-0.69 -1.19
