1.18 1.79
0.50 0.80
-0.19 -1.41
1.35 0.67
0.00 -0.02
-0.77 0.90
1.13 0.91
-0.34 -0.44
0.76 -0.04
-0.53 -1.20
0.09 0.63
-0.18 -1.36
-1.40 -1.38
-0.03 -0.30
0.78 1.17
0.14 0.16
0.41 0.01
-0.53 -1.58
0.04 0.89
-1.06 -0.60
-0.03 0.58
-0.81 -0.29
1.17 1.25
0.84 -0.55
-0.57 -1.51
-1.34 -1.32
0.53 -0.75
-1.69 -0.71
-1.07 -0.25
-1.37 -0.56
-0.24 1.08
-0.12 0.77
-0.67 0.08
-0.18 -0.76
-1.34 -1.47
-0.17 -0.48
1.12 -1.27
-0.42 0.32
-0.25 -0.50
1.62 2.65
-0.89 0.83
0.59 1.21
-1.30 0.95
1.55 1.35
-1.86 -0.89
-0.90 0.24
0.52 1.11
0.39 0.56
-2.43 -2.19
0.97 0.32
0.63 0.69
-0.41 -0.43
0.09 -0.07
1.13 0.14
-0.28 -1.29
1.14 0.62
1.02 1.06
-0.27 -0.95
1.34 0.13
0.02 -0.40
0.26 -0.00
0.88 1.31
0.53 0.66
0.94 -0.18
0.84 1.46
0.19 1.92
-0.50 0.21
1.24 1.27
-1.47 -1.46
0.21 0.53
2.22 0.11
-0.11 -1.38
0.59 -0.21
0.33 0.31
1.04 0.17
-2.43 -0.69
-0.65 0.48
0.96 -0.41
1.15 1.82
-1.50 -0.86
-1.16 0.42
0.95 0.56
0.15 1.12
2.18 1.22
-0.47 -1.26
1.40 2.27
2.05 2.03
0.51 0.41
-1.31 -0.30
-0.05 0.69
