-1.27 0.24
0.73 0.25
0.35 -0.72
0.64 -0.70
0.48 1.70
-1.06 -1.47
-0.26 -0.23
-1.85 0.29
-0.72 1.46
1.56 -1.92
-1.46 1.04
0.30 -1.47
1.09 -2.22
1.10 -1.17
-0.49 -0.19
0.10 -0.10
-0.00 -0.63
-0.22 1.21
-0.81 1.29
-0.79 -0.26
0.41 0.09
-1.45 0.09
-0.80 -0.78
0.01 -0.63
0.73 -0.95
0.22 1.36
0.25 -0.75
-1.03 0.73
-0.68 0.57
0.28 1.51
0.28 -1.18
0.53 0.18
-0.83 0.12
-1.08 0.69
-0.08 -0.90
-0.80 0.85
0.62 0.01
-0.29 -0.87
-0.85 0.28
-0.64 -0.93
-0.64 0.56
-1.71 -0.93
1.23 -0.83
-0.31 0.51
1.20 -0.83
-1.10 1.31
2.21 0.34
-0.85 1.22
-0.08 -1.84
-1.63 2.64
-0.74 -0.21
-0.93 0.92
1.54 -0.63
-0.74 0.29
-0.81 0.17
-0.18 1.60
-0.01 0.47
1.06 -1.02
2.03 -2.41
0.84 -0.64
-1.13 -0.15
-1.03 1.13
0.20 -0.28
0.22 1.34
0.29 1.02
-2.19 1.22
1.15 -0.84
0.57 -1.15
0.96 -0.81
0.15 1.02
1.93 -1.41
-0.26 -0.57
-1.94 2.60
-1.35 1.54
0.25 0.78
-0.32 0.22
-0.63 -0.82
-0.13 -0.35
2.23 -0.42
-0.60 -0.15
1.25 0.83
1.26 0.15
0.27 0.08
-1.14 0.33
-0.73 1.08
-0.89 1.09
0.12 -0.95
-0.87 0.13
-3.00 1.95
-1.39 0.61
-0.13 -0.92
-1.86 -0.05
0.55 -0.70
-0.76 1.01
-0.23 0.66
-0.33 -0.41
-1.13 0.19
0.62 -0.47
0.41 0.22
0.69 0.67
