-0.61 -1.34
0.90 -0.06
-1.71 0.28
-0.37 0.72
1.64 0.34
0.45 -0.98
0.27 -0.51
1.71 0.20
0.08 0.46
-0.05 -1.34
-1.49 -0.97
0.36 1.29
0.99 -1.42
-0.68 1.35
0.25 1.69
0.09 -0.68
-2.02 -0.61
-0.67 -0.02
1.77 -1.13
-1.24 0.63
-0.69 -0.36
0.50 -0.48
-0.72 1.78
0.59 -0.15
0.22 -0.42
0.17 0.33
0.63 0.11
0.59 0.73
-0.18 1.08
-0.25 -0.23
-2.08 0.52
1.14 -0.99
0.05 -1.07
-0.53 0.12
-0.31 0.43
0.93 -3.27
0.95 -2.25
-0.18 0.07
1.18 1.54
0.81 -1.28
-0.44 0.97
-1.01 0.27
-2.23 0.53
0.67 1.35
1.63 2.38
0.16 -0.71
0.53 2.28
-2.18 -0.02
1.79 0.28
0.69 0.49
-1.31 1.52
-1.61 1.35
1.37 -0.76
0.01 -1.93
-0.39 -0.31
0.53 1.34
-0.95 0.12
0.88 0.17
-0.60 0.66
0.59 0.75
-0.45 -1.49
0.54 -1.48
0.32 0.19
-1.06 0.43
-1.55 0.81
1.02 1.46
-1.51 -0.70
0.60 0.98
-0.37 0.01
-0.11 -1.55
0.64 0.14
1.72 -0.28
-0.25 0.03
0.12 0.04
0.20 0.57
-0.56 0.27
0.47 0.19
-2.50 0.74
0.01 0.40
1.51 0.20
-0.27 -1.42
0.34 -0.08
0.83 -1.11
1.64 -0.49
-0.51 -0.61
-0.66 -0.67
0.20 0.80
-0.17 0.11
-1.12 0.59
-1.18 -0.68
