2.60 -0.97
0.07 0.47
-0.05 0.34
-0.34 2.89
1.17 -0.86
-0.06 0.17
1.16 0.17
-0.24 0.92
-0.18 -0.28
-0.62 1.03
0.59 -0.23
1.33 0.64
-0.86 0.60
0.91 0.85
1.49 -0.20
-0.48 0.42
-0.27 -0.20
1.18 1.19
1.13 0.84
0.06 1.55
0.37 -2.55
0.09 1.05
1.90 0.25
-0.59 -1.90
-0.12 -1.62
0.07 0.57
0.35 -0.99
-0.19 0.54
-0.07 0.48
0.88 -0.09
0.66 -1.12
-0.90 0.15
-1.02 -0.67
1.04 0.35
0.21 0.97
1.28 -1.63
-0.34 -0.06
-0.71 -1.38
0.95 -2.13
-1.22 -0.02
0.25 0.06
-0.72 -0.43
0.84 0.14
-0.10 -0.71
-1.10 0.06
-0.48 -0.13
-1.01 -0.71
-0.87 1.38
0.20 0.71
4.05 -0.21
