-0.87 0.03
0.37 0.59
-0.46 -1.49
-0.03 -0.89
-1.08 -0.03
-0.37 2.03
-0.20 0.30
-0.35 -1.31
0.76 0.36
-0.14 -1.08
-1.60 -0.59
1.29 -0.42
0.02 0.61
0.77 1.64
0.73 -0.18
0.82 0.49
-0.94 0.85
-1.65 0.07
0.18 -0.61
-0.34 -0.67
-0.72 0.75
-0.75 0.14
-0.28 0.46
-1.29 1.34
1.45 -2.16
0.36 0.26
-0.28 0.64
1.44 -0.08
0.62 -0.11
-1.32 0.17
-1.63 1.38
-0.38 0.22
-1.32 0.26
1.25 1.88
-0.67 -0.87
-0.17 0.69
-1.07 0.74
1.15 -0.23
0.24 0.11
-0.85 0.50
-0.35 0.73
-2.38 0.71
1.31 -1.17
-0.12 1.91
0.90 0.14
-0.58 0.96
-1.18 1.70
-0.05 0.99
-0.55 -2.19
2.93 -2.01
