0.30 -1.93
0.46 1.04
-1.54 0.82
0.28 0.76
1.36 -0.71
-1.58 -1.59
1.15 0.45
1.88 0.14
0.30 0.12
0.15 -0.54
0.47 0.35
0.78 0.35
-0.23 -0.04
0.66 -0.89
-0.75 1.72
-0.19 -0.28
-2.40 -0.06
-0.25 -0.39
-0.02 0.77
-1.29 -0.31
-0.02 -0.23
-1.06 -1.75
0.07 -0.59
-1.07 -0.01
0.51 0.17
-0.79 0.14
1.99 0.25
-0.12 -0.32
-0.22 -0.65
-1.31 0.90
1.42 1.76
-0.61 -0.40
-1.73 -0.71
0.03 0.96
-0.96 -1.88
0.98 2.05
-0.20 -0.28
-0.37 0.59
-0.91 -1.58
-0.99 -1.44
1.04 1.00
-2.18 -1.53
0.51 0.86
-0.03 -0.61
0.80 2.57
-1.23 0.31
0.88 0.11
-1.40 -1.33
0.56 -0.61
-0.02 0.02
