0.69 0.80
0.77 0.72
-0.68 -0.09
1.75 1.86
-0.33 -0.81
0.75 1.20
1.11 0.40
0.05 -0.76
0.16 -0.50
1.70 1.59
-0.18 -0.54
-1.38 -0.57
0.53 0.29
-1.56 -1.64
1.38 0.61
1.72 0.89
0.63 0.19
0.37 -0.22
0.51 1.48
-0.53 1.18
1.88 1.82
-1.41 -0.79
0.82 0.91
0.92 0.36
0.83 -1.49
0.31 -1.00
-0.96 -0.70
0.83 -0.57
1.70 1.31
-0.29 -1.35
-0.23 -0.12
1.04 -0.31
-0.79 -0.48
-1.57 -0.71
-0.48 -0.61
0.01 0.86
1.11 -0.23
2.46 2.17
-0.78 -1.08
-0.47 0.29
-1.05 -0.64
-0.75 -1.22
1.02 0.56
-0.75 -1.10
0.76 0.64
0.12 0.67
1.26 1.39
-0.26 -2.09
-1.17 -0.71
1.13 -0.18
