0.47 -0.57
-0.37 0.57
-0.56 -2.19
-0.45 -1.55
0.02 1.07
-0.21 -1.32
0.21 0.87
-0.76 -1.84
1.64 -0.44
-2.49 -1.80
-1.75 -2.42
0.80 1.36
0.73 -0.21
-0.95 0.99
1.79 0.41
1.53 -0.52
0.72 -0.04
0.46 0.92
-0.26 1.25
-1.83 0.59
-0.63 -2.05
-0.03 0.39
0.30 -0.36
0.23 0.17
-0.64 -0.45
-0.23 -0.23
1.00 -1.87
0.46 0.63
1.14 0.13
-0.02 -1.56
0.90 1.35
-0.03 -0.05
0.46 -0.88
-1.61 0.11
-0.36 -1.45
2.66 0.47
-0.44 -0.89
1.10 -1.24
0.22 -0.37
-0.02 -1.29
0.02 -0.14
0.36 -0.18
0.54 -0.20
1.29 1.32
0.47 1.16
-0.62 -0.79
0.73 -0.50
0.63 -0.82
1.12 -0.30
-1.36 0.53
0.81 0.26
0.61 -2.26
0.61 0.77
-0.33 -1.20
-0.50 1.09
0.31 -1.36
-0.45 0.45
-0.76 0.28
-2.66 -0.13
0.64 -0.81
0.73 -0.51
1.35 -0.51
-0.42 -0.28
1.51 2.47
-0.37 -1.69
1.32 0.57
0.27 1.05
-1.05 -0.10
1.54 0.25
0.57 -0.17
-1.15 0.13
-0.40 1.36
-0.88 0.48
0.13 -0.88
-1.16 0.13
-0.43 0.35
1.05 -0.61
-2.03 -1.68
-0.51 -0.61
-1.01 0.14
-1.53 -1.25
-0.83 -0.48
-0.24 -0.55
-0.74 0.47
-1.35 1.44
-0.31 -2.02
0.85 0.99
-1.64 0.21
-0.46 -0.13
1.46 0.06
