-1.73 1.73
0.39 -0.39
-1.16 1.16
-0.37 0.37
1.40 -1.40
-0.38 0.38
-1.90 1.90
0.12 -0.12
0.10 -0.10
1.00 -1.00
0.32 -0.32
-0.64 0.64
-0.88 0.88
-0.92 0.92
-0.96 0.96
0.55 -0.55
0.26 -0.26
0.53 -0.53
1.25 -1.25
0.99 -0.99
0.55 -0.55
0.99 -0.99
-0.70 0.70
-0.46 0.46
-0.67 0.67
1.09 -1.09
-0.19 0.19
0.11 -0.11
0.53 -0.53
2.30 -2.30
-0.58 0.58
0.90 -0.90
1.98 -1.98
0.20 -0.20
-0.54 0.54
-1.06 1.06
0.70 -0.70
0.84 -0.84
-0.46 0.46
2.48 -2.48
-0.14 0.14
1.09 -1.09
0.63 -0.63
-0.35 0.35
-1.54 1.54
1.32 -1.32
-0.92 0.92
-1.84 1.84
-0.23 0.23
0.10 -0.10
-0.77 0.77
-1.15 1.15
0.72 -0.72
-0.39 0.39
0.49 -0.49
-0.23 0.23
0.84 -0.84
0.57 -0.57
0.91 -0.91
-0.19 0.19
-0.91 0.91
-0.52 0.52
-0.58 0.58
-1.27 1.27
0.87 -0.87
1.51 -1.51
-0.20 0.20
0.75 -0.75
0.96 -0.96
0.98 -0.98
1.95 -1.95
-1.29 1.29
-1.57 1.57
-0.27 0.27
0.15 -0.15
-1.94 1.94
-0.50 0.50
0.96 -0.96
-0.39 0.39
0.52 -0.52
0.03 -0.03
-0.46 0.46
-0.19 0.19
-1.17 1.17
1.37 -1.37
-0.87 0.87
-1.48 1.48
0.31 -0.31
-0.42 0.42
-2.07 2.07
-1.04 1.04
0.65 -0.65
-0.97 0.97
2.38 -2.38
1.02 -1.02
-1.01 1.01
-0.25 0.25
-0.74 0.74
0.03 -0.03
0.72 -0.72
