0.13 0.69
2.07 -1.42
1.29 -1.02
0.29 -2.32
1.52 -0.12
-0.60 1.20
-2.12 -0.03
-0.58 0.16
0.74 -0.24
0.24 1.20
-0.80 0.54
-0.55 -0.56
1.17 -2.71
1.59 -1.16
-0.07 -0.41
-1.17 1.29
-1.32 0.19
-0.73 -0.46
0.16 -1.10
0.11 0.43
-2.79 0.85
-1.58 0.41
0.55 -0.39
0.32 0.93
0.72 -0.59
-1.04 1.04
0.52 -0.04
-0.80 0.52
-0.72 0.74
2.31 -0.11
-0.68 -0.38
0.59 -1.10
-0.95 -0.20
-1.14 2.56
0.70 1.50
-0.37 -0.41
-0.57 -1.45
0.43 0.17
0.88 0.18
-0.51 2.68
-0.03 0.87
-1.27 0.40
-0.31 0.12
1.17 0.78
0.16 -0.21
-0.55 -0.73
1.19 -0.93
-1.32 -0.11
-0.16 -1.03
-0.47 0.26
-0.39 0.27
0.60 -0.13
0.79 -2.42
-1.12 0.15
-0.10 0.65
0.22 -0.38
0.69 -1.18
1.81 -0.64
1.79 -2.65
0.04 0.81
0.02 -0.91
2.13 -1.08
-0.69 0.18
-1.55 0.58
-0.12 -0.43
-0.59 0.83
0.06 -0.48
-0.32 -0.11
0.54 -0.13
1.05 -0.82
0.99 -0.36
0.59 -0.96
-1.47 1.58
-0.67 2.05
-0.16 0.19
-0.14 -0.66
-0.91 0.48
-0.02 0.02
0.44 1.06
-1.07 -0.15
1.23 -0.26
1.94 -2.19
-1.79 0.26
-0.57 0.44
0.96 -1.35
0.74 -1.00
-0.64 0.41
0.52 -1.11
-0.55 0.52
-2.21 0.16
-0.11 -0.40
0.65 1.27
-0.17 0.81
-0.91 -0.45
-0.29 0.89
-0.33 0.92
-1.14 1.78
0.00 0.42
-1.07 0.56
1.27 -0.29
