-0.40 0.73
0.39 0.44
0.62 1.54
1.94 1.67
0.68 1.50
0.41 -1.16
0.95 0.38
-0.92 -0.97
1.20 1.24
0.61 0.16
0.14 1.13
2.76 2.72
0.48 0.32
0.73 0.68
0.16 0.20
-0.71 -0.48
0.50 0.53
1.23 0.66
-0.99 -0.38
-0.63 -0.37
-2.72 -2.09
-1.06 -1.45
1.95 1.59
0.19 -0.84
-0.61 -0.18
-0.61 -0.62
-0.79 -1.04
-1.24 -1.76
1.40 0.17
-0.06 -0.08
-0.14 0.81
0.70 0.15
1.48 0.83
2.55 2.59
0.26 0.44
0.36 0.73
-1.10 -1.83
-1.20 0.37
0.82 0.75
0.69 0.80
2.03 2.83
0.36 -0.26
0.76 -0.66
0.75 0.44
-1.08 -0.59
0.23 0.33
0.68 0.66
0.12 0.34
1.46 1.73
1.72 1.86
0.43 0.26
-0.65 -0.06
-1.84 -1.49
-0.30 0.22
0.68 1.26
1.05 1.36
0.34 -1.01
1.05 0.43
0.11 -0.35
-0.38 0.15
1.49 1.40
0.88 0.47
0.48 -0.09
-0.49 -0.10
0.16 0.47
0.56 0.02
-0.41 -0.43
0.54 0.41
2.08 1.13
-0.24 -0.81
-0.29 -0.48
1.30 2.29
-0.43 -1.13
-1.94 -2.01
-0.44 0.25
-0.20 -1.58
0.21 0.55
0.46 0.16
0.27 -0.50
-1.01 -0.69
1.80 0.93
1.28 0.63
0.66 0.98
-0.16 0.58
1.23 0.67
-1.32 -0.57
0.11 0.07
1.08 0.97
0.08 0.39
-0.57 -0.51
-1.25 -0.02
-0.28 -1.19
-0.31 1.09
0.77 0.30
0.23 0.60
-1.16 -0.85
-0.43 -0.74
1.37 0.22
1.73 0.94
1.41 1.52
