-0.24 0.02
0.76 0.96
2.65 -2.11
0.49 1.91
-1.13 1.52
-1.80 0.19
-1.52 1.31
-1.49 0.43
-0.77 1.71
-0.81 -0.75
0.14 0.50
0.33 0.14
0.81 0.68
2.10 0.62
-1.02 0.18
0.26 1.06
1.69 -0.85
1.90 -0.76
-0.74 0.70
0.85 -1.20
0.48 1.11
0.93 -0.01
0.64 0.06
0.42 -0.26
-1.76 0.43
1.00 -1.28
-1.16 -0.93
-1.14 0.67
0.07 0.50
0.36 -0.59
-0.19 0.81
0.18 -1.33
-0.43 -0.55
1.62 -0.95
-0.62 1.96
-0.37 0.62
0.80 -2.37
0.03 0.82
-0.80 1.53
-0.72 -1.87
-0.31 -0.51
-0.18 -0.18
0.17 0.45
-1.05 0.95
0.39 0.10
-0.72 -0.23
0.52 -0.89
0.42 -0.09
-0.12 0.76
1.29 -0.48
