-0.48 0.11
0.80 0.58
-1.34 -0.34
0.52 -0.18
0.64 1.36
0.03 1.19
2.31 1.92
-2.75 -1.23
-0.17 -1.72
-1.65 -0.77
0.28 -0.84
1.82 1.87
0.37 1.72
1.71 1.42
-0.26 -0.23
-0.37 -0.91
-0.09 -0.11
-0.74 0.30
0.76 0.48
0.22 0.17
-0.52 0.52
1.15 1.39
-0.20 0.55
-0.64 -1.12
0.37 -0.12
-1.98 -0.63
-2.10 -1.63
0.18 -0.27
0.13 -0.01
-1.69 -1.91
0.78 -1.08
0.12 -1.18
1.18 1.28
0.28 0.65
-1.35 -1.50
-0.03 0.31
-0.10 -0.37
-0.61 0.45
0.79 1.04
0.64 0.37
1.53 1.64
1.32 0.30
-0.03 -0.86
-0.58 -1.34
-0.39 0.21
0.95 -0.40
-1.57 -0.61
-1.38 -0.95
1.37 0.55
-0.41 1.11
0.11 0.46
0.50 1.13
2.36 1.87
1.82 2.05
0.27 0.11
0.46 0.18
0.26 0.39
-1.59 -1.79
-0.61 -0.40
0.38 -0.29
0.76 0.11
-0.41 -1.51
-0.03 -0.69
-1.21 -0.20
0.38 -0.67
0.68 -0.40
0.57 -0.28
0.09 -0.68
1.12 0.99
0.92 1.34
0.85 1.90
0.30 0.76
-1.68 -1.55
1.42 2.22
1.40 0.89
-0.38 -0.22
1.34 1.36
-0.07 -0.95
-0.65 0.77
1.28 0.73
0.59 -0.09
0.29 0.18
0.44 1.33
-0.62 -0.21
-1.27 -1.00
0.80 0.73
0.03 -0.33
-1.65 -1.03
-0.93 0.38
0.04 0.86
0.70 0.12
-0.78 -0.38
-0.24 -1.61
-0.84 0.19
0.23 -0.90
-1.03 -0.08
0.82 0.49
-0.46 -0.59
-1.61 -1.76
0.33 -1.15
