-0.14 1.62
-0.30 0.38
1.11 0.58
1.10 -1.71
-0.19 -0.02
-0.06 -0.11
0.52 0.07
-0.06 0.03
0.04 -2.18
-0.54 -0.24
-1.76 2.06
-2.27 1.22
1.85 -1.22
0.54 0.37
0.51 -1.48
-0.32 -0.20
1.25 -2.45
-0.41 -1.24
-0.09 0.89
-0.82 0.68
-1.86 3.29
0.47 0.88
-0.09 1.00
0.18 0.38
2.55 -0.80
0.12 0.23
0.53 -0.85
2.79 -1.44
-0.12 0.60
0.47 0.17
-0.48 1.00
-0.97 -0.02
0.47 -0.31
0.13 -0.54
-0.56 0.32
-0.46 1.01
-0.46 0.47
0.59 1.02
-1.52 2.40
-0.81 -0.49
-0.01 -0.18
0.59 0.62
0.50 0.35
-0.66 -0.36
-0.22 0.52
-0.91 1.22
1.31 0.97
-0.84 0.60
-0.22 0.84
-0.19 0.03
1.01 -1.06
-1.43 0.54
0.03 -0.22
-1.25 1.86
-1.15 1.50
1.46 0.32
-0.33 1.69
-0.31 1.53
-0.04 -0.45
1.10 -0.16
1.26 -0.50
-0.38 -0.45
-0.55 -0.51
-1.53 1.06
-1.38 -0.44
1.24 -1.06
-0.36 0.35
-1.29 0.20
0.24 -0.48
-2.28 0.33
-1.05 0.73
-0.63 0.57
-0.85 -0.22
0.49 -0.43
-1.06 0.46
-0.07 0.42
-1.36 0.47
-1.05 0.39
0.66 -0.45
-1.50 2.17
0.41 -0.73
1.66 -0.91
0.90 -0.86
0.82 -0.88
0.50 -0.15
1.23 -1.94
1.20 -0.81
-0.81 0.09
-0.56 -0.11
-1.49 1.14
