1.73 -0.23
-0.21 -0.27
-1.26 0.64
0.23 -1.09
-0.47 1.16
0.16 -0.15
-0.07 -0.90
0.82 -0.93
-0.95 1.67
1.05 0.14
-2.25 1.95
1.13 0.97
-0.61 1.44
1.09 -0.77
-0.47 1.35
-0.91 1.43
0.28 0.14
-0.75 0.78
0.75 0.16
0.51 -0.43
-1.42 0.83
1.78 -1.38
0.47 -0.09
0.35 0.05
0.33 -0.57
-2.21 1.27
0.33 -0.84
0.01 0.85
-1.32 1.81
-0.91 0.17
-0.91 0.47
1.20 -0.34
0.18 -1.11
0.04 -0.77
-1.11 0.92
-1.89 1.24
-0.77 0.59
0.52 -0.57
-0.99 0.22
-0.20 0.39
1.07 -0.88
0.52 -1.34
0.60 -0.76
1.41 -1.51
-0.08 0.15
-0.72 -0.19
0.05 -0.34
-1.15 1.27
-0.01 0.02
-0.34 0.66
0.22 -0.53
0.73 -0.75
-0.00 -1.21
-2.92 1.15
0.91 0.49
0.56 -0.06
0.32 0.70
-2.64 1.98
-2.06 1.14
0.15 0.33
1.35 -1.27
0.71 -0.24
0.70 -2.38
1.31 -2.46
-0.00 0.50
-1.15 0.65
0.12 -0.80
-0.69 -0.68
-0.29 0.01
1.73 -2.45
0.84 -1.42
-1.19 0.90
-1.01 0.09
0.89 -0.68
0.64 -0.13
-0.63 2.24
-0.94 0.21
-0.43 -0.14
0.24 -0.38
-0.03 0.69
1.46 -0.72
-0.95 -0.30
0.50 -1.64
1.43 -1.26
0.64 -1.12
-1.11 0.51
1.09 -0.92
-0.39 0.36
1.16 0.45
-0.77 0.87
0.50 0.19
0.83 -0.60
-0.43 2.26
1.43 -0.82
-0.54 1.22
0.40 0.39
0.18 0.25
0.12 -0.04
1.72 -0.52
0.64 -1.31
