0.51 0.34
-1.19 1.04
-1.49 0.81
0.42 -1.24
-0.69 -0.33
0.93 0.09
-0.13 2.41
-0.34 0.27
-0.78 0.33
1.47 -2.33
2.18 -1.50
-0.68 0.39
2.35 0.58
2.26 -1.51
-0.67 -0.30
-0.43 0.53
-1.26 0.62
0.02 0.78
-2.03 -0.25
-0.12 0.04
-0.37 -0.64
-0.73 -0.04
0.46 1.10
0.97 -1.16
-1.02 1.01
1.70 -0.97
1.07 -1.37
0.20 -0.83
-1.08 1.14
-0.55 -0.01
-0.09 1.47
0.32 -0.09
-0.33 -0.67
-0.45 0.46
-0.72 0.85
0.20 1.10
0.22 0.66
0.65 -0.10
-1.44 1.87
0.37 -1.59
0.61 -0.22
0.23 -1.43
0.18 -0.49
-0.38 -1.10
0.47 -0.97
0.41 0.36
-2.10 0.22
-0.03 0.80
0.71 0.26
-1.24 1.81
