-0.82 1.25
-1.28 1.50
0.47 -0.57
1.01 -0.63
-0.40 -0.19
0.78 -0.61
-1.79 1.08
1.70 -1.85
0.10 0.28
-0.07 -1.11
-1.77 2.19
-0.47 0.39
-0.70 0.88
0.30 -0.45
-0.61 0.35
0.17 -0.07
1.45 -1.33
1.53 -1.69
1.52 -1.08
0.84 -0.79
0.33 0.25
2.04 -1.58
0.72 -0.98
0.56 -0.38
-0.94 0.43
0.29 -0.02
-0.43 -0.11
0.77 0.09
0.46 -1.01
-0.75 0.21
-0.98 0.42
-0.32 0.12
1.14 -1.08
-0.31 0.52
-0.58 1.34
1.98 -2.26
1.01 -1.35
0.03 0.23
0.46 -0.05
-1.01 0.24
0.62 -0.50
1.48 -1.10
1.50 -1.47
-1.79 1.37
-0.36 -0.22
-0.28 0.99
1.05 -1.00
0.69 -0.81
-1.61 2.00
0.06 -0.90
