-0.65 0.69
1.69 0.80
0.67 1.74
0.69 1.07
-1.53 -0.66
-0.58 -0.41
-0.83 -1.15
2.13 0.76
1.21 -0.00
-0.17 0.23
1.78 0.97
-0.76 -0.49
0.17 -0.19
0.23 2.27
-0.63 0.06
0.38 -0.40
-1.36 -1.85
1.85 -0.62
1.48 1.00
-0.43 0.60
-0.34 0.52
-1.74 -0.10
-0.34 -0.66
0.87 0.71
-0.42 0.29
0.20 1.94
0.71 0.45
-1.39 -1.14
-0.18 0.35
0.07 -0.30
-1.54 -0.52
0.93 0.09
0.43 0.23
-1.21 1.32
0.62 -0.19
1.93 1.53
-0.02 0.64
-0.99 0.61
-0.77 -0.90
0.02 0.74
0.80 -1.12
0.87 0.20
0.30 1.17
-0.14 -0.68
0.26 0.91
1.76 3.48
1.10 -0.05
0.57 0.18
0.21 -0.64
1.00 0.35
1.92 0.90
-0.39 -0.04
-0.70 -0.62
0.73 0.44
-0.14 -1.51
-0.85 -1.47
-1.10 0.92
-0.93 0.91
-1.11 0.32
-0.82 -0.52
-1.49 0.63
1.03 0.81
-0.39 1.29
-0.14 -1.04
0.60 0.05
1.46 -1.99
-0.02 -1.07
0.42 0.30
0.73 -0.23
0.13 -0.22
-0.40 1.76
-1.42 -0.42
-0.38 -0.53
-0.95 -1.00
0.88 1.83
-1.96 -0.21
-0.47 -0.45
-0.39 -0.39
2.46 -0.70
-0.46 1.31
-0.70 -1.47
-0.23 -1.49
-1.56 0.56
0.90 1.35
-0.27 -0.61
-1.05 -1.86
-0.75 0.11
0.63 1.93
0.54 0.43
-1.68 0.71
