-0.84 0.10
1.83 -1.56
1.23 -1.08
0.63 0.06
-1.49 -0.36
0.56 -0.62
1.69 0.21
1.00 -0.88
-0.67 1.17
2.23 -2.30
1.22 -0.12
-1.88 2.43
1.24 -0.53
-1.44 -0.02
0.92 -1.01
-0.95 0.03
-0.08 -0.89
2.59 -0.72
-0.35 -0.06
-0.00 0.23
0.38 1.21
-0.31 0.49
-0.37 0.94
-0.12 -0.15
0.04 -0.60
-0.94 1.21
-0.46 0.87
-0.98 -0.02
1.13 -0.37
-0.41 -0.74
-1.28 0.15
0.02 0.14
-0.63 -0.66
0.46 0.98
-0.37 0.82
0.70 -0.39
-0.56 0.64
1.87 -2.20
0.32 0.19
0.72 -1.17
0.29 -1.63
0.10 0.15
-0.41 -0.71
-0.17 -2.09
-0.25 1.08
-0.08 0.07
-0.20 0.93
1.77 -2.23
-0.69 0.73
-0.79 1.00
