-0.13 -0.72
1.55 0.49
-0.27 0.09
-0.71 -1.88
1.03 0.61
-0.99 0.02
-0.22 -1.59
0.97 0.39
-0.56 -0.64
-0.62 -0.85
0.38 0.62
-2.40 -2.06
0.42 1.23
0.32 0.63
0.01 0.19
-0.15 -0.51
-0.17 -0.78
0.53 0.06
-0.02 1.11
1.23 0.45
-0.43 -0.15
-0.78 -1.09
-0.53 -0.10
0.72 0.38
1.37 1.53
0.41 0.79
3.27 1.85
0.27 1.03
0.16 0.86
-1.42 -1.53
-0.82 -0.74
-0.55 0.10
-0.89 -0.55
0.02 0.00
-0.20 -0.51
1.04 1.51
-1.85 -1.63
0.17 0.66
-0.31 -0.15
-0.17 -0.62
0.57 0.01
-1.11 -0.83
2.08 2.72
-0.50 -0.23
-1.33 -0.58
-0.18 -0.02
1.72 1.90
-0.47 -1.04
-0.55 0.17
1.34 1.26
0.22 0.02
-0.37 -0.64
-0.60 0.49
-1.09 -0.60
-0.88 -1.02
-1.89 -2.00
0.37 0.74
-0.59 0.46
0.99 0.86
-1.78 -0.55
0.05 0.27
-0.74 -0.76
2.72 1.60
-0.91 -0.29
-0.55 -1.02
0.15 -0.72
-0.13 0.30
-0.73 -0.32
-1.48 -2.93
0.68 1.00
-0.17 0.39
-1.45 -0.69
0.54 0.72
-1.64 -2.43
1.17 0.11
0.58 -0.62
1.27 1.73
-1.55 -0.56
0.63 -0.30
-0.92 -0.38
0.14 0.43
-0.81 -0.53
0.54 1.04
-1.82 -1.06
0.40 0.53
-0.46 -1.09
0.07 -0.12
-0.34 -0.16
0.14 0.50
0.19 1.13
