-1.14 0.82
0.46 -0.11
0.63 1.62
0.40 -0.18
0.21 -1.18
0.09 -0.30
-0.34 0.13
1.67 1.00
0.57 0.24
0.94 2.04
-0.52 0.79
0.62 -0.96
-0.03 -0.69
-0.58 0.07
0.29 -0.26
-0.19 -0.44
1.18 0.74
0.62 -0.70
-0.97 0.80
0.14 1.28
-0.34 -0.42
-2.51 -0.06
-0.18 -1.23
0.00 0.57
-0.92 0.19
1.26 0.05
1.56 0.21
0.58 1.88
1.11 2.58
-0.29 0.66
-1.18 0.48
0.35 0.67
0.28 0.52
0.56 -0.05
-1.04 0.62
0.24 -0.54
0.74 0.75
-1.13 -2.08
-1.30 -1.15
0.95 1.62
-1.00 -1.51
-2.22 0.45
0.02 -1.12
1.31 1.03
-0.83 -1.01
-2.28 -1.22
0.49 0.45
-1.58 -1.92
-0.21 -1.40
-0.32 0.20
0.71 0.11
1.41 0.96
-0.89 0.21
0.53 0.13
1.10 1.64
0.49 1.82
-0.85 -0.03
-1.11 -0.39
-0.45 0.43
-0.77 0.52
-0.29 0.12
0.31 -0.59
-1.72 -1.15
-0.47 -0.87
1.27 -0.17
0.57 -0.80
0.84 0.69
0.73 -1.69
-0.14 -0.70
-0.64 -0.67
0.21 0.03
1.37 -1.29
-1.45 0.87
-0.53 -0.05
-1.20 -1.30
-2.41 -2.09
0.91 -0.53
-0.64 0.75
1.31 0.71
-0.97 -0.21
1.71 0.10
0.56 -1.04
0.38 -0.77
-0.46 -0.40
0.26 1.50
1.00 0.10
0.29 1.19
-1.16 -0.14
-1.34 -1.97
-0.24 -0.20
-0.53 0.18
-1.08 -1.35
0.24 0.64
-2.10 -0.76
-0.93 0.95
-0.73 1.74
0.07 0.04
0.37 1.49
-1.24 0.26
-2.84 -2.12
