0.42 0.70
-0.71 -1.32
0.66 1.85
0.05 0.51
0.09 0.02
-0.72 0.60
-1.07 -0.99
-1.16 -0.22
0.00 0.50
-0.65 -1.15
2.52 1.69
1.10 0.55
-1.23 -0.35
-0.54 0.35
1.76 1.03
-1.67 -0.89
0.83 -1.58
-1.29 -0.76
0.44 0.69
0.68 1.13
-0.56 -0.55
-1.35 -0.53
0.33 1.03
-1.67 -2.33
0.68 0.80
0.08 0.02
0.80 -0.30
0.99 0.58
-0.55 0.50
-0.30 -0.07
-0.41 -0.27
-1.05 -0.32
0.48 0.38
0.25 -0.03
0.60 1.15
2.00 2.01
0.09 -1.59
0.42 0.55
0.07 -0.39
-1.12 -0.45
-0.39 -0.26
1.05 1.34
-0.21 0.00
-0.88 -1.80
-0.68 0.22
0.46 -0.79
-1.82 -1.23
-2.04 -1.34
-1.29 -2.29
-0.04 0.17
-0.90 -0.70
-1.91 -1.83
1.02 1.01
-0.23 -0.11
0.22 -0.67
-0.16 0.06
-0.89 -0.30
0.81 0.43
-0.48 -0.96
0.17 0.50
0.89 1.35
-0.68 -0.90
1.82 0.22
-0.51 -0.77
-1.39 -0.64
-0.20 -0.19
-1.16 -0.56
0.55 0.33
-0.69 -1.29
2.06 2.05
-0.09 -1.23
1.51 1.06
0.43 -0.71
0.40 -0.48
0.14 -1.21
0.53 -1.09
1.56 1.73
-0.20 0.83
-0.91 0.12
-1.16 -0.96
-0.71 -1.00
1.56 1.99
-0.43 -0.18
-0.44 -1.73
-0.76 -0.80
1.08 -1.05
0.42 -0.10
0.13 0.09
-2.00 -1.67
2.43 1.77
-0.50 1.14
0.55 -0.20
-0.46 0.35
-0.25 -1.04
-0.39 0.09
-1.07 -0.54
0.69 1.28
1.33 -0.22
-1.66 -1.51
0.63 0.84
