-1.54 1.24
-0.51 0.55
0.93 -0.69
-1.11 2.61
1.43 -0.19
0.26 -0.02
0.77 0.74
-0.37 2.33
0.87 0.78
-1.53 0.16
-1.25 1.27
0.44 -0.30
-0.71 0.85
-0.09 0.57
-1.06 0.13
1.90 -2.61
-0.69 -0.67
0.16 0.10
0.83 0.24
-0.01 -1.26
1.73 -1.05
-1.16 0.06
-0.84 -0.14
0.60 0.46
-0.87 0.61
-0.93 0.58
-0.15 0.84
0.77 0.26
1.23 0.28
-0.89 0.39
-2.00 -0.25
1.10 -1.12
-0.30 0.01
1.24 0.22
0.45 1.30
-0.00 -0.41
-0.64 -2.07
-1.14 -0.63
-0.43 0.46
-0.50 1.81
-0.13 -0.46
1.30 0.87
-0.95 0.12
-0.05 1.06
-0.14 0.69
0.47 -0.08
1.11 0.99
-1.30 0.77
-0.68 1.36
0.37 -1.41
-1.11 -0.75
0.40 0.55
-0.88 0.03
0.56 0.53
0.22 0.26
1.06 -0.87
0.14 1.31
1.39 -2.15
-0.63 0.45
-2.34 -0.00
0.15 -0.53
0.40 -1.32
-0.31 0.44
-0.93 0.88
-0.36 0.76
0.65 -1.35
2.93 -1.61
1.48 -1.18
-0.06 0.56
-1.38 -0.59
-0.74 0.14
-0.66 0.37
0.77 0.12
1.15 -0.42
1.49 -1.48
0.93 -0.97
1.88 -1.36
-0.77 0.59
-1.66 -1.63
0.72 -1.34
-0.84 0.45
-0.09 -2.05
-0.54 0.49
-0.85 0.36
0.41 -0.42
-0.82 0.36
-1.69 1.00
0.33 -1.16
0.58 -1.51
0.80 -1.34
