0.07 0.65
0.31 -0.14
-0.58 -1.64
0.75 -0.34
0.79 1.01
0.33 0.20
-0.53 0.65
-0.04 -1.40
-0.47 -0.48
1.14 -0.24
0.61 1.66
-0.97 0.78
0.81 0.41
1.37 -0.29
-1.82 1.20
-0.86 0.42
1.05 -0.21
1.65 -1.29
-1.17 1.56
-1.88 -0.12
2.35 0.32
-0.19 -0.11
0.71 -0.22
-0.52 -0.74
-0.38 0.39
0.32 0.49
-0.85 -0.01
0.71 0.36
-1.03 0.64
1.13 0.64
1.23 0.41
0.07 0.33
-0.04 -1.71
-0.67 0.67
-0.30 0.06
0.07 -1.85
-1.32 -0.44
0.66 -1.69
-2.28 -0.33
1.23 0.66
0.06 0.47
-1.89 -0.27
-1.08 -1.59
-0.64 0.03
0.75 -1.17
-0.70 -0.26
0.48 -0.96
1.57 -2.05
-0.71 -0.24
0.58 3.06
-1.13 0.40
0.33 -1.71
-2.44 -0.31
-0.43 0.18
-0.42 0.93
-1.33 -0.06
-0.79 0.93
-1.58 0.92
0.81 1.54
0.04 -0.14
0.89 -0.90
-0.92 0.50
0.17 -1.08
-0.22 0.81
-0.69 0.55
-0.33 -0.03
0.26 -0.12
-0.69 -1.99
0.25 -0.43
-1.34 -0.85
-0.13 1.80
0.39 -2.18
2.42 -0.06
-0.53 0.74
0.68 0.24
0.22 -1.19
-0.83 -1.67
0.31 -0.31
0.57 0.12
-1.11 -0.79
1.21 -1.92
-1.72 0.39
-1.46 -0.37
0.98 -0.41
-0.75 0.24
0.08 0.76
0.55 1.39
0.62 1.10
1.77 -2.13
0.63 0.69
