0.27 -0.35
-1.14 -0.16
1.02 -0.78
0.18 1.36
0.20 -0.23
2.11 -1.73
-0.42 -0.97
-0.63 1.67
0.72 -0.09
-0.86 -0.61
0.61 -0.52
0.19 0.09
0.76 -1.25
1.34 0.42
-1.11 0.72
-0.59 0.19
-0.56 0.26
-0.56 1.36
-0.82 -0.22
-1.02 -1.23
-0.46 -0.45
0.35 -0.67
-0.71 1.30
-0.06 -0.94
-1.26 1.03
0.92 -0.32
-0.35 0.41
-0.01 1.39
0.13 -0.60
1.53 0.47
-1.92 2.08
-0.95 1.06
1.51 -1.18
-0.55 -1.64
-1.31 -0.08
-1.02 0.17
-2.28 0.60
0.89 0.37
-0.47 -1.10
1.22 -1.35
-0.76 1.52
-0.75 1.70
0.92 -0.41
1.33 0.49
0.05 -0.47
-1.84 -1.10
-1.93 2.45
-0.08 0.74
-0.45 0.87
-1.45 -0.00
