-0.74 0.81
1.41 -1.45
-0.21 0.91
1.09 1.45
-0.81 -0.33
1.04 0.43
0.93 -1.61
0.70 -0.66
0.02 0.03
-0.41 2.22
-0.22 -1.02
-1.35 1.96
0.37 -0.73
0.80 0.15
-0.44 0.39
0.11 -0.11
0.39 0.46
1.04 -1.30
-3.39 2.43
0.15 0.85
0.71 0.60
0.15 0.04
0.37 -1.15
-2.18 -0.30
-0.06 -0.72
0.16 -0.39
0.32 1.19
0.51 -1.09
-0.73 -1.27
0.35 -1.02
0.19 -0.71
-1.38 -2.12
-1.48 0.31
-0.85 0.83
-0.19 -0.63
-1.09 -0.12
-0.82 -0.29
2.42 -0.99
-1.42 0.88
0.13 -1.18
-1.08 -0.24
0.23 -1.31
1.02 -0.07
-1.23 -0.40
-0.89 -0.71
-0.69 -0.97
1.10 -1.16
0.95 1.44
1.61 -1.91
0.12 0.09
-0.53 1.78
-1.52 1.09
0.77 1.05
0.16 0.10
-0.44 -0.08
0.98 0.49
0.76 -0.60
0.37 0.64
-1.16 0.52
-0.73 1.31
-0.92 0.11
0.14 0.69
0.06 -1.92
-0.91 0.68
-1.67 0.15
1.81 -1.08
0.68 -1.13
-0.30 -0.35
-1.45 0.59
-1.08 -0.85
-0.04 -0.59
-1.12 0.11
0.14 0.51
0.05 0.56
0.29 0.54
-1.01 0.95
-0.98 -0.09
-1.19 -0.43
0.43 -1.62
-2.72 0.99
0.54 -1.54
-1.08 0.60
-0.12 -0.77
-0.26 -0.42
2.06 -2.83
0.08 -0.75
-0.63 0.57
-0.65 -0.01
0.54 0.12
0.80 0.40
