0.75 1.11
-0.89 0.15
-1.05 0.35
0.72 -1.97
-0.84 -0.20
-1.27 1.55
0.83 -0.39
-1.07 0.48
0.66 -0.73
0.26 -0.00
0.28 0.50
1.42 -1.64
-0.20 0.16
0.05 -0.38
-0.00 -1.56
0.60 -0.22
1.18 -0.46
1.78 -0.85
0.11 1.58
-1.20 -0.24
-1.10 2.06
-0.28 0.20
-0.16 0.66
-0.70 -0.12
1.04 -0.93
0.33 -1.76
-0.73 1.26
1.92 -0.03
-0.32 -0.32
-2.60 1.43
0.97 -1.27
-0.76 1.30
0.58 -0.83
1.12 0.85
0.51 -0.49
1.02 -0.84
-1.03 1.02
0.42 -0.89
-0.68 0.10
-1.35 -1.87
-0.49 0.12
-0.71 0.25
0.08 -1.43
-0.36 0.42
-0.91 0.84
-1.80 0.57
-0.80 0.44
0.24 1.35
0.71 0.40
2.39 -1.85
