1.13 1.73
-0.36 -0.33
2.63 0.47
-0.16 0.81
0.42 -0.30
-1.39 -1.00
0.34 -1.69
-2.42 -1.72
0.04 0.32
-1.41 1.25
-0.94 -0.03
-1.05 0.13
1.77 -0.32
0.81 0.70
1.05 -0.23
-0.97 1.08
0.18 0.37
0.09 -1.52
-1.33 -0.35
-0.52 0.64
0.65 0.46
-0.20 -1.19
-0.41 -0.16
0.10 -0.05
1.29 0.74
0.43 1.55
1.54 1.43
0.57 0.52
0.68 -0.65
0.38 -0.43
-0.36 1.96
0.98 -0.97
1.71 -1.20
2.10 -0.51
-1.04 -0.49
0.36 -1.05
0.42 -0.78
1.69 1.71
-0.71 -0.02
0.32 0.33
-0.51 0.54
-1.96 0.72
0.09 -0.07
0.40 -0.26
0.87 1.53
0.05 -1.60
-0.60 -2.08
-0.16 0.31
0.45 1.60
-1.52 0.29
-0.85 -1.28
1.16 0.80
0.37 -0.50
0.10 2.76
-0.01 -0.07
0.35 -1.89
-0.33 -0.57
0.75 -0.43
1.40 0.50
1.03 0.93
-1.41 -1.12
-1.20 0.56
-0.03 -0.67
-0.83 -1.04
0.94 0.49
-0.48 -0.89
0.66 1.53
1.96 -0.30
-1.55 -0.59
-0.63 -0.19
-0.52 -0.10
-0.87 -0.82
0.11 2.02
-0.32 0.39
-2.35 0.07
0.72 -0.28
-0.26 0.98
-0.01 0.53
-1.13 -1.32
-0.94 -1.95
-0.31 1.07
-1.07 -0.14
0.07 -0.84
1.21 0.24
2.07 2.64
0.73 0.24
-0.08 -0.87
-0.47 0.15
2.42 1.51
-1.05 -0.48
0.56 0.71
0.36 1.10
-0.71 0.30
-0.41 -0.00
-0.27 -0.05
-0.38 0.45
0.55 1.24
-0.59 -0.15
-0.21 -0.96
-0.53 -0.56
