0.01 0.14
-0.02 0.23
0.19 0.62
0.48 -0.12
1.73 -2.33
-0.44 0.46
-0.02 -0.24
0.95 -1.33
1.05 -0.80
-0.52 0.88
-0.80 0.14
-1.33 0.36
0.84 -1.21
1.65 -1.07
-1.23 0.52
-0.24 0.85
-1.17 0.53
0.65 -0.87
-0.96 0.83
0.60 0.06
2.03 -1.90
0.71 -0.72
0.81 -1.20
0.55 -0.67
-0.05 -0.06
0.02 0.15
-0.61 1.38
-0.87 0.76
0.34 -0.82
0.79 -0.23
0.73 -2.08
-0.77 0.80
1.75 -0.48
1.08 -1.09
-0.23 0.23
-0.36 0.37
-0.97 0.39
-1.03 1.69
2.10 -1.62
-0.76 0.46
1.61 -1.37
-0.38 0.29
0.85 -1.62
-0.03 -0.29
-0.33 0.26
-1.03 0.96
-1.83 2.41
3.65 -3.24
0.34 -0.10
1.62 -1.54
-0.86 0.40
0.52 -0.91
1.35 -1.20
0.41 0.04
-0.53 0.63
-0.17 0.76
0.92 -0.43
-0.64 0.60
1.59 -1.53
-0.64 0.87
-1.72 1.34
0.78 -0.80
-1.16 1.16
1.03 -0.89
1.68 -1.26
1.15 -1.13
0.38 0.11
-1.27 1.38
-0.73 0.27
-0.35 -0.64
-0.19 0.92
-0.35 0.59
0.51 -0.91
1.41 -1.35
-1.02 0.45
0.58 -0.92
-0.47 0.77
0.73 -0.25
-0.73 0.64
-1.72 1.66
-0.30 1.03
0.35 -0.30
0.09 0.29
0.45 -0.81
-1.17 1.08
0.34 -0.19
-0.42 0.35
-0.43 0.73
0.94 -0.77
-0.11 0.30
