-1.17 1.17
-0.02 0.02
-0.15 0.15
0.16 -0.16
0.59 -0.59
1.58 -1.58
0.43 -0.43
-0.23 0.23
0.11 -0.11
0.23 -0.23
-0.46 0.46
0.77 -0.77
-0.32 0.32
-0.50 0.50
0.92 -0.92
-2.41 2.41
-0.59 0.59
-0.37 0.37
2.02 -2.02
-0.11 0.11
0.01 -0.01
0.91 -0.91
-0.06 0.06
1.95 -1.95
-1.02 1.02
0.27 -0.27
-1.92 1.92
2.49 -2.49
0.14 -0.14
-0.35 0.35
1.24 -1.24
-0.04 0.04
1.41 -1.41
-0.11 0.11
-0.76 0.76
-0.89 0.89
-2.19 2.19
-0.83 0.83
-0.67 0.67
-0.27 0.27
-1.71 1.71
-0.46 0.46
-1.37 1.37
0.37 -0.37
1.25 -1.25
-0.44 0.44
0.10 -0.10
0.61 -0.61
-1.76 1.76
0.48 -0.48
-0.33 0.33
0.44 -0.44
-0.66 0.66
-0.62 0.62
-1.50 1.50
0.57 -0.57
0.65 -0.65
-0.77 0.77
-1.35 1.35
-0.66 0.66
-0.75 0.75
0.52 -0.52
0.17 -0.17
-0.10 0.10
0.72 -0.72
-2.88 2.88
-1.51 1.51
-0.91 0.91
-0.91 0.91
-1.03 1.03
-0.03 0.03
-0.73 0.73
0.42 -0.42
0.21 -0.21
-0.46 0.46
-0.81 0.81
-1.47 1.47
-0.52 0.52
-0.99 0.99
0.80 -0.80
-0.53 0.53
0.09 -0.09
-0.58 0.58
-0.28 0.28
0.73 -0.73
0.72 -0.72
1.00 -1.00
-0.02 0.02
-2.98 2.98
-0.23 0.23
-0.84 0.84
-0.47 0.47
-0.33 0.33
1.13 -1.13
0.20 -0.20
1.69 -1.69
-1.04 1.04
1.24 -1.24
1.28 -1.28
-0.36 0.36
