2.04 1.12
1.16 1.02
0.07 -0.13
-0.95 0.30
-1.89 1.04
0.53 1.72
0.08 -0.05
0.71 -0.28
-0.31 -0.13
0.95 -1.16
0.46 1.06
-0.92 0.93
-0.19 0.22
-0.36 1.26
-1.10 -0.17
0.57 -0.18
0.86 -0.03
0.42 0.09
-0.26 -0.12
-0.09 0.51
-0.95 0.06
0.06 -0.72
0.68 -0.20
-0.48 0.84
0.39 1.03
-0.75 0.65
0.09 0.30
1.44 -0.23
-0.14 -0.83
0.08 -1.05
-0.59 0.78
-1.06 -1.63
-0.68 0.35
1.56 -1.85
-0.13 -0.02
-0.94 1.11
1.64 -0.80
1.11 -1.11
-1.70 0.72
2.39 -2.22
-0.60 1.43
-0.13 0.73
-0.28 -1.37
1.46 -0.57
-0.68 2.07
-0.72 -1.89
1.31 -2.24
-0.08 2.50
-0.32 1.08
-0.00 -0.47
0.19 -0.56
-0.37 1.09
-1.14 2.57
-0.25 1.31
2.57 -1.70
-0.78 0.34
0.92 -0.18
-0.14 -0.38
0.02 0.68
-0.52 -0.70
2.27 0.65
-1.14 1.03
-0.24 0.19
-0.21 0.11
0.43 0.98
-0.07 1.01
-0.18 -0.81
0.27 1.49
0.65 -0.61
-0.70 -0.76
-1.81 2.10
-0.53 0.94
-0.68 -0.28
-0.19 -0.06
1.31 -1.09
-1.58 0.63
1.70 -1.06
-1.17 -0.49
0.25 -0.43
0.61 0.27
-2.13 -0.00
0.33 -0.80
0.09 -1.46
1.55 0.92
-1.16 0.72
1.27 -0.68
2.00 -0.36
-0.67 0.93
1.70 -0.12
-1.05 0.47
0.82 -0.60
-0.35 -0.19
-0.73 -0.10
-0.11 0.14
1.29 1.05
-1.18 1.25
-0.05 0.09
1.49 -0.84
1.05 -1.77
-0.73 1.00
