-1.21 0.31
-0.60 0.36
1.63 0.03
-0.53 0.21
-0.30 -0.73
-0.49 -0.73
-0.94 -1.16
0.27 1.19
0.40 0.54
1.96 1.55
1.90 2.29
1.69 -0.32
-1.04 0.18
1.30 0.89
1.16 0.20
-0.37 -0.86
0.10 0.31
-1.27 -0.73
-1.00 0.46
0.69 1.21
-0.80 -2.33
-0.31 0.31
0.19 0.50
-1.31 -2.80
-0.53 -0.48
1.10 -0.73
-0.13 -0.53
0.68 -0.23
0.46 0.08
1.63 -0.38
0.57 0.51
-0.34 -1.32
0.88 -1.02
0.47 -0.46
-1.47 -0.03
0.69 0.90
0.39 -0.60
-0.87 0.87
0.39 0.34
0.19 -2.12
-1.35 -1.55
-0.71 -0.03
-0.88 0.83
1.45 0.30
0.41 1.71
-0.57 -0.35
1.80 1.24
2.22 -0.29
-0.47 -1.34
0.88 -0.10
