-0.02 0.10
-0.22 -0.35
-1.32 1.17
0.32 -0.45
0.86 -1.34
-1.52 1.11
0.25 0.21
-0.02 0.56
-2.11 1.53
-0.03 -0.02
-0.49 0.02
1.66 -2.23
0.91 -1.30
-0.27 0.26
0.76 -0.53
-0.17 1.07
-0.02 0.02
1.94 -1.16
-0.78 0.15
0.43 -1.61
1.05 -0.65
0.73 -0.73
0.15 -0.08
0.71 -0.52
1.34 -0.49
-0.40 0.06
-0.18 0.31
0.42 -0.50
0.77 -0.53
0.39 0.26
-0.73 -0.03
-1.16 1.03
-0.62 0.32
1.43 -1.30
0.27 0.05
1.09 -1.53
1.34 -1.21
-0.06 0.59
1.06 -0.78
0.17 0.20
-1.56 1.67
1.71 -2.28
-0.02 0.15
0.18 -0.29
-1.18 1.69
0.57 -1.08
0.83 -0.73
-1.15 1.50
-0.73 0.28
2.07 -2.03
0.50 -0.93
-0.80 1.03
-2.49 2.89
0.77 -1.41
-0.69 1.32
0.94 -0.78
0.71 -0.95
0.19 -0.14
-0.89 0.70
0.46 -0.82
1.03 -1.46
-0.04 -0.14
-0.43 0.33
-0.02 -0.11
0.81 -0.86
-0.80 0.54
0.13 0.49
0.24 -0.64
-0.40 -0.43
1.09 -0.71
0.32 -0.20
-1.31 0.64
-1.40 0.89
-1.88 1.49
0.03 0.33
-1.31 0.17
1.39 -1.62
-0.91 0.97
-0.62 0.92
1.69 -1.58
-0.04 -0.70
-1.03 0.56
-1.37 0.47
-0.24 -0.50
-0.86 1.02
-1.73 1.35
-0.91 1.31
-2.44 1.61
0.15 0.31
0.99 -1.17
