-0.48 -1.31
1.27 -0.52
0.21 0.91
-0.76 0.76
0.80 1.29
-0.93 -1.36
0.61 -0.45
0.47 -1.07
0.68 0.17
1.12 0.54
-1.86 -0.99
-1.15 -1.40
0.91 1.13
1.28 0.90
-0.24 1.22
0.38 -1.13
0.55 1.03
-1.70 -1.64
0.94 1.11
-1.24 1.47
2.28 1.56
1.37 1.71
-1.94 -0.68
0.94 1.04
0.95 1.06
1.37 1.63
1.47 0.50
1.83 1.82
-0.51 -0.45
-0.11 1.02
0.55 1.08
-0.45 0.32
-0.59 1.18
0.34 -0.79
-0.73 -0.91
0.37 0.60
-0.38 -0.77
-1.54 -0.05
1.22 1.71
-0.10 0.83
-0.82 -0.72
0.37 -0.26
-0.02 0.03
-0.32 -0.98
-0.36 -0.75
0.34 0.97
-0.67 0.08
0.99 1.21
1.81 -1.04
-0.45 -0.85
2.60 1.91
1.65 0.87
1.12 0.56
-1.85 -0.37
-0.51 -1.35
-1.35 0.77
0.51 0.15
0.03 -0.06
-0.40 0.67
-0.82 -1.16
-0.15 -1.10
0.60 0.90
0.45 1.29
-0.25 -1.25
0.76 0.33
1.38 -1.23
-0.56 -1.14
0.39 -0.65
0.94 -0.51
1.33 2.32
0.18 0.42
1.15 -0.20
-0.86 -0.04
-0.99 0.96
-1.34 -1.66
-0.20 0.78
-1.57 0.11
0.92 1.26
1.91 1.24
-0.12 0.22
-1.70 -1.00
-0.50 -1.40
-0.11 0.14
-0.03 0.69
0.35 0.57
0.22 -0.54
-0.72 -0.59
0.80 -0.10
-0.03 1.53
0.54 -0.49
