0.39 -0.02
-1.17 -0.73
-0.82 0.79
-0.89 -1.61
-0.15 -1.22
-0.93 -0.55
0.20 0.70
-2.56 0.23
-1.64 0.15
0.11 -0.05
0.23 -0.20
1.50 0.19
-0.91 -1.30
0.03 0.77
0.17 2.45
-0.49 -0.38
1.60 -0.90
0.93 -0.29
1.26 1.49
-1.00 -0.72
-1.29 0.32
0.86 -1.74
0.82 0.10
-0.97 -1.35
1.41 2.05
-0.38 -1.07
-0.09 0.12
1.11 -1.59
-0.31 1.31
0.14 0.60
1.32 0.18
0.22 0.28
-0.21 -0.61
-0.38 -1.60
-0.84 0.33
0.22 -0.82
0.15 0.04
0.38 -1.31
-0.89 -1.76
-0.45 0.51
0.66 1.53
-0.29 0.39
-1.65 0.78
0.75 1.33
-0.14 -2.30
0.68 -0.72
-0.29 0.54
-0.20 -1.52
-1.16 0.27
0.97 0.89
-0.81 1.21
-0.43 -0.54
0.50 0.81
-1.87 0.15
0.88 -0.05
-0.88 1.12
-1.68 -0.92
1.75 -0.59
0.63 2.59
1.53 1.67
-0.17 0.13
-1.03 -0.30
-0.01 0.56
-0.41 0.09
0.26 1.33
0.02 -1.63
-1.50 -0.95
0.32 0.63
0.49 -0.05
-1.87 -1.38
-1.20 -0.28
0.46 1.14
1.03 1.45
0.58 -1.94
-0.11 -0.16
-0.05 1.09
0.44 -1.31
1.60 1.47
-0.34 -0.24
-1.46 0.24
-0.71 -0.19
2.20 -0.25
1.81 0.33
1.15 0.97
-1.18 -0.07
0.74 -0.21
0.76 -1.57
1.50 -0.04
1.80 0.28
0.80 0.65
0.09 0.38
-1.46 -0.33
-0.82 0.03
0.14 0.61
-0.47 1.18
1.26 0.94
-2.13 -0.46
0.33 -0.01
1.04 -1.22
0.50 -0.35
