0.14 0.14
-0.47 -0.47
0.22 0.22
-0.72 -0.72
2.22 2.22
0.25 0.25
1.26 1.26
-0.65 -0.65
0.28 0.28
-0.16 -0.16
0.18 0.18
-1.07 -1.07
-0.09 -0.09
0.67 0.67
-0.61 -0.61
-1.27 -1.27
0.11 0.11
-0.99 -0.99
0.50 0.50
0.06 0.06
2.99 2.99
0.83 0.83
-0.07 -0.07
0.68 0.68
1.08 1.08
1.61 1.61
-0.14 -0.14
0.11 0.11
-0.12 -0.12
-1.80 -1.80
-0.36 -0.36
0.22 0.22
0.22 0.22
-1.03 -1.03
0.86 0.86
0.88 0.88
-1.34 -1.34
-0.44 -0.44
-0.33 -0.33
-0.20 -0.20
-1.92 -1.92
0.31 0.31
-0.39 -0.39
0.07 0.07
1.56 1.56
1.13 1.13
-1.40 -1.40
-0.28 -0.28
1.24 1.24
-0.63 -0.63
-1.51 -1.51
0.17 0.17
-0.75 -0.75
1.18 1.18
1.18 1.18
0.37 0.37
-0.23 -0.23
-0.71 -0.71
-1.10 -1.10
0.38 0.38
0.28 0.28
0.40 0.40
1.77 1.77
-0.32 -0.32
2.04 2.04
1.04 1.04
0.60 0.60
-0.47 -0.47
0.56 0.56
-0.13 -0.13
-1.46 -1.46
1.11 1.11
3.02 3.02
1.01 1.01
-0.83 -0.83
-0.62 -0.62
1.40 1.40
-1.89 -1.89
1.83 1.83
0.87 0.87
-0.27 -0.27
-0.14 -0.14
-0.07 -0.07
0.74 0.74
0.10 0.10
0.89 0.89
-1.16 -1.16
0.30 0.30
0.90 0.90
0.69 0.69
-0.32 -0.32
0.21 0.21
0.04 0.04
0.08 0.08
1.34 1.34
-1.88 -1.88
-0.80 -0.80
1.29 1.29
0.26 0.26
1.59 1.59
