0.23 -1.23
0.96 -1.76
1.39 -0.12
0.40 -0.50
-0.93 -0.92
0.33 1.12
0.35 0.54
0.33 -0.42
-0.13 0.40
-0.34 -0.27
0.16 0.48
-0.12 -0.27
0.91 -1.44
1.11 2.02
0.97 -0.01
1.97 0.23
-0.85 1.51
0.46 0.13
0.99 -1.43
-1.56 -0.69
0.73 1.26
0.08 1.64
1.35 0.03
0.53 0.27
0.46 0.14
0.43 -0.90
-0.96 1.06
-1.40 -0.80
-0.97 0.75
1.13 -0.65
-0.88 -1.26
1.01 -0.29
-1.08 -1.82
-0.78 -1.97
-0.10 -0.76
-0.57 -0.19
-0.63 0.46
-0.24 0.73
1.55 -1.70
-0.62 -1.53
-1.02 1.55
0.20 -1.47
0.04 -0.83
-0.26 -0.84
-1.92 0.42
-1.07 -0.07
-2.40 0.07
1.55 -1.02
-1.36 0.68
0.64 0.12
-0.39 0.12
-0.19 0.75
1.32 -0.15
-0.36 -1.03
0.78 0.77
-2.34 1.00
-0.18 0.05
-0.24 -2.17
-2.02 -1.05
0.80 1.23
-0.15 0.10
-0.42 0.25
-0.36 0.03
-0.70 0.14
-1.10 -1.46
0.76 -0.65
0.32 1.58
1.55 0.28
0.66 -1.31
-1.70 -1.05
-1.17 -0.16
0.62 -0.08
-0.25 -0.12
-0.99 -0.16
-0.59 -0.45
0.49 -0.22
0.90 2.90
-1.22 -2.36
0.91 0.24
0.96 -0.53
1.86 0.47
0.89 -0.09
-0.30 -2.11
-1.39 0.10
-1.02 -0.22
0.33 0.84
-0.89 0.10
1.15 1.65
0.06 0.25
2.07 -0.21
