1.04 0.32
-0.20 -0.01
1.49 0.44
0.06 0.57
-1.07 -0.67
-1.66 -0.43
-0.36 -0.04
-0.04 -0.36
-0.35 0.35
0.09 1.02
0.38 1.40
0.56 -0.03
0.40 0.60
0.39 -1.18
-1.33 -1.06
0.57 -0.37
0.17 1.27
-1.80 -0.60
-1.72 0.01
0.96 0.52
0.26 0.70
1.57 0.69
0.34 0.19
0.87 0.75
-1.22 -1.05
-1.04 -0.29
1.60 1.90
0.98 1.21
0.10 0.52
1.02 2.00
1.17 0.56
0.08 -0.30
0.41 1.66
0.04 0.87
1.28 0.51
-1.17 -0.95
1.47 1.62
-0.55 -1.26
1.04 1.06
0.22 -0.57
-2.56 -2.54
-0.93 -1.01
1.77 0.23
-0.69 -0.18
-0.49 0.74
-0.29 0.54
-0.42 -0.49
-0.12 -0.19
-0.15 0.02
-0.43 -1.13
-0.16 0.84
-0.36 0.41
-0.17 0.23
0.31 1.29
0.88 0.94
0.66 -0.47
-0.69 -0.71
-0.21 -1.00
0.07 1.34
0.76 -0.16
-0.57 -0.54
0.13 0.05
-0.26 -1.65
1.88 1.31
0.04 -0.21
-2.16 -1.24
-1.25 -0.61
1.80 1.41
-0.44 -0.17
-1.14 -1.56
0.54 -0.13
1.36 2.04
0.91 1.21
-1.52 -1.76
-1.00 -0.04
-2.25 -1.69
0.64 -0.80
-0.99 0.87
-0.95 -1.03
-0.43 -1.08
1.62 0.93
-0.58 -0.47
1.18 0.58
-0.93 -1.82
1.08 1.16
0.95 1.46
-0.16 0.97
0.77 0.92
0.02 -0.81
1.18 1.17
-1.41 -1.94
1.31 -0.04
0.16 -1.20
1.10 0.42
-0.63 -1.07
1.20 0.40
0.60 -0.07
2.18 1.73
0.24 1.65
0.11 0.70
