-0.58 -0.75
1.15 0.97
-2.24 -0.29
0.65 0.46
-0.52 0.21
-0.15 1.64
0.65 -0.03
-0.43 -1.12
-1.78 -1.93
0.84 -0.23
0.13 0.45
0.72 -0.22
-0.69 0.06
-1.20 1.34
0.03 -0.14
0.19 0.07
1.14 1.53
-0.58 0.16
-0.93 0.82
0.88 -0.02
-1.00 0.67
1.27 0.31
0.34 0.27
-0.80 -0.67
0.52 0.71
0.90 -0.08
-0.41 -0.47
-0.87 -1.57
2.12 0.45
-0.27 0.02
0.98 -1.25
-2.32 -1.10
-0.06 -0.35
-0.03 0.06
-1.08 -0.37
-2.18 -0.97
-1.26 -0.18
-1.66 -0.77
0.80 1.36
-1.44 -2.70
1.18 -0.01
-0.02 -0.78
-0.20 1.10
-0.64 -1.75
-0.80 -0.52
-0.11 -2.15
-0.78 -0.92
-0.86 -0.87
-1.47 -0.35
1.16 1.32
-0.16 1.64
0.49 0.66
-1.99 -0.90
-0.82 -1.60
0.93 -0.84
0.28 -1.02
0.23 -1.97
-0.47 -1.67
0.98 0.14
0.78 -0.48
0.38 -0.47
0.77 0.19
-2.77 -1.39
-1.77 -0.15
0.28 -1.42
-0.82 -1.11
-0.41 0.37
-0.44 -0.86
-0.03 1.14
-0.35 0.41
-0.44 -0.32
-0.77 -0.07
0.16 0.36
0.40 1.56
-1.56 -1.54
-1.32 -1.08
-0.51 1.30
-0.02 0.74
0.75 1.29
0.83 -0.21
-0.66 -0.56
0.76 0.05
0.10 -0.02
0.60 -0.56
-2.65 -2.58
-0.13 -0.96
0.65 -2.90
1.49 0.21
0.84 0.19
0.57 -0.55
