0.68 -0.51
0.21 0.09
-1.47 -1.68
-0.27 -0.78
0.83 1.30
1.72 2.19
-2.00 -2.35
-1.35 -1.10
-0.95 -1.04
1.31 0.53
0.03 -0.50
-0.69 -0.59
0.46 -0.19
0.09 0.43
1.08 0.84
-0.34 0.27
1.01 2.18
0.11 0.02
-0.23 -0.40
-1.07 -0.31
-0.03 -0.34
0.77 0.25
-3.50 -2.56
1.03 -1.08
1.11 0.79
-0.92 -0.79
-0.08 0.22
-0.64 0.09
-0.42 -0.26
-0.39 0.08
-1.26 -1.46
0.35 0.41
-1.70 -0.63
-1.15 -2.59
0.30 0.98
-0.15 0.56
-1.42 -1.44
0.84 0.21
-0.16 -0.79
-0.67 -0.49
0.26 0.01
-0.31 -0.33
0.72 0.01
-0.82 -0.60
-0.18 -0.09
0.73 -0.39
-0.31 -0.58
-0.71 -1.29
1.91 1.58
-0.19 -0.22
