-0.81 0.58
-0.72 0.11
0.34 0.39
-0.77 -1.59
-0.62 -0.15
0.57 -0.41
-0.99 -0.77
2.18 1.22
0.45 0.17
0.62 0.78
0.61 1.15
-2.46 -1.35
-1.16 -2.73
1.34 0.36
-0.08 -0.76
-1.98 -1.76
0.28 -0.89
-1.21 -0.92
-1.55 -1.27
0.41 0.63
0.56 0.72
-0.90 -1.23
0.36 0.70
0.94 -0.21
-0.25 -0.78
0.89 0.54
-0.27 0.48
-0.06 -0.70
-1.25 -0.67
0.02 -0.03
1.42 2.03
-0.73 -1.21
-0.10 0.27
0.86 0.94
-0.75 -0.13
0.25 0.35
0.47 0.29
-0.37 0.42
2.13 2.20
-0.46 -0.19
-1.12 -0.64
-0.16 -0.60
1.31 0.91
1.16 1.53
-1.23 -1.29
-0.53 -0.72
1.72 1.07
-0.85 -1.08
-0.28 -0.65
0.13 1.02
