-0.75 -0.70
2.32 2.56
-0.19 -0.08
-0.33 0.21
0.22 1.07
0.22 0.55
-1.47 -1.37
1.01 0.65
-0.16 0.16
-1.54 -0.73
-0.09 0.19
1.04 1.55
0.05 -0.15
0.78 0.84
1.24 1.17
-0.10 -0.12
0.49 -0.10
0.69 0.30
-0.61 0.02
0.26 1.66
1.34 0.96
-0.04 -0.68
-2.13 -1.62
-0.48 0.05
-0.84 -0.57
0.33 0.55
0.65 -0.01
1.09 0.78
-1.43 -1.35
1.26 1.06
-0.52 -0.63
-1.87 -1.14
-2.46 -1.92
-0.86 -1.24
-0.08 -0.78
0.89 0.99
-1.70 -1.43
-0.10 -0.55
0.82 0.97
0.41 -0.29
0.57 0.17
0.23 0.61
-2.00 -2.35
-0.40 -1.52
-0.03 -0.31
0.32 0.57
-0.07 0.45
-2.23 -1.72
-1.58 -2.09
1.63 1.11
-0.26 -0.62
1.61 1.83
-1.77 -1.64
0.40 0.76
0.52 0.03
-0.19 -0.97
-0.80 -1.02
0.49 0.07
0.88 0.75
-2.06 -1.78
-0.16 -0.73
-0.15 -0.11
1.59 2.09
0.50 0.43
-1.11 -0.94
-0.78 -0.53
-2.02 -1.76
-0.44 0.22
-1.23 -1.09
0.37 0.11
-0.24 -0.79
0.24 -0.42
1.32 1.22
0.47 0.16
0.79 -0.19
0.90 0.78
0.80 1.19
-0.52 -0.89
0.51 0.90
-0.47 0.16
-0.06 0.32
0.07 0.60
1.00 0.90
-0.78 -0.37
-0.11 0.49
-0.20 -0.40
1.82 1.32
1.60 1.55
-1.18 -1.46
-0.54 -0.92
0.62 0.69
-0.17 -0.67
0.15 0.17
0.48 0.51
1.06 1.13
0.75 0.30
0.58 0.81
0.82 1.24
1.04 0.79
0.09 0.02
