0.47 0.10
-0.22 0.18
0.02 0.74
-0.65 -0.14
0.79 0.52
0.42 -0.03
2.11 1.70
-2.63 -1.91
2.14 1.75
0.83 0.03
-0.96 -0.59
-2.64 -2.11
-0.17 -0.15
-0.01 0.14
-0.80 -0.84
-0.23 -0.42
1.01 0.08
-0.80 -1.39
-0.23 -0.51
-1.58 -0.90
0.48 0.76
-0.21 -0.01
-0.72 -0.61
0.25 -0.21
0.40 0.21
0.77 0.66
1.34 0.62
0.79 1.22
-0.61 -1.21
0.13 -0.25
0.47 0.79
-0.75 -0.26
-1.09 -0.99
0.25 0.65
0.15 -0.24
1.49 0.73
0.36 0.25
0.13 0.54
-0.46 0.04
-1.12 -0.55
-0.71 -0.36
0.74 1.02
-0.48 -0.19
0.13 0.35
0.80 0.44
0.27 1.24
3.24 3.91
-0.54 0.27
1.87 2.04
-0.88 -0.86
0.09 0.26
0.50 0.10
1.31 1.54
-0.05 -0.48
-0.13 -0.37
-0.35 -0.52
1.41 1.58
-0.04 -0.02
-0.24 0.13
1.03 1.25
-0.88 -1.55
1.04 0.86
0.19 0.49
0.31 0.91
-1.11 -0.41
-0.27 0.00
0.72 1.02
1.04 1.11
0.38 -0.06
-0.19 0.40
-1.15 -0.65
-0.31 -0.80
0.83 0.74
0.15 -0.52
0.48 0.56
0.77 0.19
-1.56 -1.87
1.64 1.09
0.50 1.11
0.02 -0.25
-0.45 -0.05
-1.16 -2.03
-0.78 -1.37
-2.50 -2.42
-0.90 -0.92
-0.91 -0.60
0.70 0.85
0.56 1.20
0.07 -0.17
1.60 1.57
