1.06 0.48
0.03 0.21
1.48 1.95
1.20 0.80
-0.25 0.10
-1.52 -0.80
0.59 0.34
-2.36 -2.60
1.65 1.47
0.35 -0.19
0.33 -0.07
0.49 0.38
-0.48 -0.01
-1.24 -1.17
0.34 -0.65
-0.36 -0.71
-0.40 0.16
-1.17 -0.90
0.33 -0.15
1.05 0.58
-1.41 -1.32
-1.72 -1.68
-0.76 -0.43
-0.15 0.59
-0.32 0.39
0.68 1.22
0.42 -0.17
-0.66 -0.57
-0.50 -0.72
0.52 1.10
0.58 -0.10
1.90 1.29
-0.37 -0.56
-0.42 0.31
-1.75 -1.66
-0.46 -0.90
-0.83 -1.33
-0.98 -0.79
-0.17 0.57
0.86 1.11
-0.66 -1.31
-1.39 -1.27
1.06 1.02
-1.44 -1.73
1.45 1.35
-0.01 -0.06
0.05 0.84
0.22 0.12
-0.02 -0.13
-2.28 -2.19
