-0.78 -0.78
-0.01 -0.01
-0.20 -0.20
1.19 1.19
-0.43 -0.43
-0.64 -0.64
-0.21 -0.21
-0.07 -0.07
0.50 0.50
-0.34 -0.34
0.55 0.55
1.41 1.41
-0.78 -0.78
-0.14 -0.14
0.97 0.97
-0.81 -0.81
1.64 1.64
-0.93 -0.93
-0.81 -0.81
-0.97 -0.97
-1.44 -1.44
0.51 0.51
1.04 1.04
0.22 0.22
0.99 0.99
-0.83 -0.83
1.43 1.43
0.39 0.39
-0.89 -0.89
-1.56 -1.56
-2.27 -2.27
-0.83 -0.83
-0.75 -0.75
2.41 2.41
0.14 0.14
2.64 2.64
-0.96 -0.96
0.65 0.65
-0.03 -0.03
-0.25 -0.25
-0.01 -0.01
-0.47 -0.47
-1.10 -1.10
-1.57 -1.57
0.31 0.31
1.94 1.94
1.48 1.48
-0.11 -0.11
-0.85 -0.85
0.25 0.25
-0.37 -0.37
-0.49 -0.49
0.72 0.72
-1.62 -1.62
0.86 0.86
-0.38 -0.38
-0.22 -0.22
0.41 0.41
-0.01 -0.01
0.46 0.46
-1.92 -1.92
-0.16 -0.16
0.37 0.37
-1.01 -1.01
0.16 0.16
-0.67 -0.67
1.12 1.12
-1.07 -1.07
0.15 0.15
-0.33 -0.33
2.00 2.00
-0.86 -0.86
-0.85 -0.85
-0.83 -0.83
-0.83 -0.83
0.74 0.74
-0.05 -0.05
-0.13 -0.13
0.88 0.88
-1.34 -1.34
1.01 1.01
0.28 0.28
1.74 1.74
-1.31 -1.31
1.03 1.03
-1.04 -1.04
0.74 0.74
-1.67 -1.67
0.29 0.29
-1.28 -1.28
