-0.93 -1.73
0.12 -0.29
-0.35 -0.71
-0.37 0.16
-0.41 -0.06
-2.77 -1.98
0.67 0.52
-0.89 -0.58
0.26 -0.26
-0.32 0.90
1.49 0.38
-0.86 -1.40
-0.91 -1.53
1.09 0.94
1.62 2.36
0.32 -0.54
2.21 0.97
-0.98 -1.10
-0.91 -1.43
0.08 0.71
-0.37 -1.58
-1.26 -1.21
2.19 1.64
-0.71 -0.61
-1.89 -0.56
-1.68 -0.80
-0.72 -1.15
-0.51 0.21
-0.46 0.13
0.51 -0.18
-0.54 -0.04
0.18 -0.02
-1.06 -1.26
-0.11 0.30
-0.53 -0.88
1.98 0.71
1.11 0.69
1.32 -0.87
0.75 -0.29
0.63 0.32
-0.12 0.16
1.86 0.84
-0.35 -0.99
1.11 0.93
0.57 1.88
-0.41 0.12
-0.18 -0.55
0.63 -0.67
1.71 1.59
-0.41 -0.54
-0.41 0.52
0.96 1.97
-0.72 0.28
-0.11 0.31
-0.22 0.04
2.01 1.41
0.33 1.73
0.89 -0.21
0.63 1.41
1.35 0.26
0.27 -0.19
1.25 1.36
0.28 0.70
-0.47 -0.83
0.06 0.13
-2.18 -1.42
-1.39 -0.53
-0.92 0.18
-0.14 -0.80
0.89 0.69
-0.91 -0.51
0.84 0.28
-0.78 -1.03
1.31 1.71
1.15 0.11
-0.47 2.14
0.01 -0.47
-0.05 1.28
-1.15 -1.38
0.92 0.66
-0.05 -0.41
0.02 0.97
-0.28 -0.79
-0.82 -0.00
1.01 0.71
1.05 0.35
1.10 2.36
-1.92 -2.22
-0.89 -0.74
-0.52 -0.11
-0.29 0.83
0.01 -0.40
0.81 0.95
0.43 -0.35
-0.03 -0.28
0.01 -0.27
-1.10 -1.59
-0.46 -0.23
-1.82 -1.60
-0.95 0.35
