1.97 -1.38
-0.35 0.66
1.05 -0.89
0.36 -0.82
-0.88 0.63
0.79 -1.02
-0.14 0.06
0.59 0.26
-1.30 1.34
0.34 0.01
1.38 -0.64
0.26 -0.40
2.63 -2.44
0.43 -0.38
-0.67 0.62
-0.03 -0.74
-0.43 0.11
-0.46 0.90
0.77 -0.46
0.13 0.04
0.60 -0.78
-1.22 1.40
1.13 -1.41
0.11 -0.05
0.10 -0.08
-1.26 1.03
-0.58 0.68
1.33 -1.60
0.07 -0.65
1.26 -1.34
-1.14 0.21
-0.17 0.32
-0.89 0.63
0.65 -0.80
1.03 -1.35
1.05 -0.26
1.91 -1.74
0.79 -0.86
0.53 -0.19
0.58 -0.43
0.17 0.11
0.22 0.10
-1.67 2.15
-1.76 1.16
0.84 -0.67
0.54 -0.90
0.55 -0.65
-1.36 1.98
1.23 0.45
-0.21 0.36
-0.07 0.60
0.13 -0.51
0.11 0.58
-0.03 0.14
0.57 -0.27
-0.40 0.41
1.04 -1.32
-1.96 2.60
-0.93 1.18
0.05 0.06
0.73 -1.05
0.56 -0.48
0.01 0.35
-1.08 1.66
0.21 -0.20
-0.58 0.41
0.98 -1.12
1.60 -1.60
-0.94 0.55
0.77 -0.86
1.14 -1.07
-0.38 0.23
-0.55 0.14
-0.84 0.96
0.94 -0.10
-0.18 0.03
-0.65 -0.60
-0.49 0.20
0.96 -1.25
0.12 0.17
-3.08 2.16
1.88 -2.05
2.62 -2.07
-0.67 -0.03
1.53 -1.01
-0.01 0.01
0.51 -0.74
-0.07 -0.07
1.70 -1.51
0.47 -0.92
-0.11 -0.71
-1.38 1.38
1.11 -0.95
1.06 -1.93
1.36 -0.74
0.35 -1.08
-0.92 1.22
1.76 -1.97
-0.81 1.05
0.09 -0.40
