1.31 0.36
0.26 -0.06
1.17 0.07
-0.19 -0.07
-0.07 1.08
0.25 -0.38
-0.84 -0.08
-0.47 0.35
-0.54 1.77
0.68 1.09
0.12 0.44
-0.66 -1.14
-0.12 0.14
0.77 -0.34
0.35 0.18
-0.82 -2.71
-0.95 -2.01
-0.74 -0.60
-1.27 -0.81
0.40 -1.15
0.26 1.02
1.81 1.68
2.03 1.15
1.28 0.46
0.30 0.76
-0.77 0.27
1.29 -1.04
0.35 0.92
-1.49 -0.32
1.45 0.74
-0.93 -1.27
-0.85 -0.43
-0.27 0.53
-1.24 -1.93
-0.99 0.06
-0.44 0.97
0.59 0.78
0.14 -1.32
1.51 1.56
1.46 1.22
1.24 0.57
0.05 -1.30
-0.61 -1.26
-1.67 -1.01
-1.05 -0.26
-0.54 -0.06
-2.19 -1.17
1.84 1.66
0.60 0.36
-1.16 -0.75
-0.68 -0.20
-0.76 0.15
-0.71 -0.40
-0.81 -0.32
-1.43 -1.43
0.10 0.71
0.12 0.21
-1.28 -2.81
-0.09 1.63
0.90 0.49
0.20 -0.00
0.83 -0.82
-1.03 0.33
-0.51 -1.14
-0.22 -0.08
-1.37 -0.42
0.31 0.69
-0.00 -0.35
-0.65 -0.24
1.24 0.16
2.86 2.74
0.53 0.24
-0.51 -0.69
-0.21 -0.95
-2.03 -0.98
0.53 0.77
-0.72 -1.20
-0.96 -0.50
1.98 0.15
0.34 0.28
0.49 -1.54
0.21 0.22
0.13 -0.34
-0.79 -1.59
-0.27 -1.07
-0.54 0.43
1.05 0.99
-0.05 0.18
-1.35 0.15
1.84 1.24
