0.99 -0.82
-1.44 0.24
0.11 -0.19
0.36 0.25
-0.36 0.26
-0.58 -1.99
-0.16 1.31
-0.24 -1.73
0.02 -0.15
-0.72 0.21
-0.87 -0.66
-0.84 -0.08
0.26 0.71
-0.83 1.27
-2.19 0.21
-0.73 0.00
-0.18 0.50
-0.89 1.97
-1.32 -1.06
2.00 0.64
-0.47 -0.21
0.14 1.09
-0.55 0.55
0.41 -0.37
-0.84 -1.61
2.05 -0.75
1.09 -1.42
-0.02 -0.20
-0.35 -0.31
1.09 1.19
-0.33 -2.05
-0.02 1.48
0.97 -0.67
-0.20 0.05
0.24 0.40
-1.96 0.32
-1.41 0.38
-1.18 0.21
1.73 -0.90
-0.13 -0.04
1.92 -0.88
-1.69 -1.80
0.20 2.48
0.39 1.25
-1.87 -1.34
0.29 -0.26
0.37 -0.50
-0.06 0.75
0.30 0.79
1.51 -0.81
