0.10 0.53
0.58 0.45
1.38 0.39
1.38 0.08
-1.19 -0.33
-1.82 -1.75
0.31 -0.74
-0.82 1.04
1.62 -0.80
-1.16 -0.92
1.02 -0.89
0.70 -0.44
0.23 -0.60
-0.01 -0.56
0.45 0.43
-0.42 -0.03
0.24 -0.85
0.59 -1.09
-0.26 0.32
0.27 0.77
1.63 0.66
0.67 0.62
0.24 0.15
0.59 -2.38
-0.65 1.36
-1.01 0.07
-0.99 -0.69
-0.23 -1.19
0.07 -0.07
-1.42 -0.10
0.16 0.49
0.32 1.24
0.86 -1.36
-0.08 0.48
-0.03 0.30
1.29 0.69
0.17 0.01
-1.08 -0.57
0.18 -1.53
-2.17 1.41
-1.34 -0.74
-0.79 0.14
1.89 -1.68
-0.98 -0.64
-0.04 -0.76
2.62 -0.75
0.82 2.90
1.53 -0.39
0.11 0.17
-0.01 -0.90
1.26 -1.65
-0.06 -1.73
-0.87 -1.00
0.10 -1.40
0.60 -1.22
0.21 -0.49
0.02 0.67
-1.77 0.99
0.22 1.16
-0.56 -0.30
-0.39 0.59
0.42 -0.54
2.64 -0.63
-0.91 -1.64
1.39 -1.00
0.10 0.25
-0.96 -1.47
-0.57 -0.61
0.10 1.49
1.51 -1.70
0.96 2.84
-0.02 -0.96
-0.21 -0.36
0.08 -0.29
0.12 0.37
-1.57 -0.19
-0.16 -1.36
-1.61 1.98
0.02 -0.29
-0.35 0.15
-1.32 -0.05
-2.93 1.08
-0.79 -1.34
-0.38 0.37
1.21 -0.01
-0.23 -0.35
-0.26 -0.01
-1.00 0.16
1.23 1.66
-0.24 0.55
-0.69 1.61
1.64 -0.89
-0.56 1.28
1.69 0.78
0.72 0.58
-0.84 0.08
-0.47 0.83
1.08 0.71
0.17 1.01
-0.56 0.27
