1.23 0.44
-0.74 0.20
-0.18 -0.84
0.20 -0.55
0.40 0.02
-1.11 -0.36
-0.70 -1.18
-0.52 -1.48
-0.04 -1.21
-0.59 -0.31
0.30 -1.11
-0.56 0.32
-0.74 -0.47
-0.06 -1.10
-0.16 -1.00
1.25 0.54
-1.12 -1.65
0.95 1.93
-0.06 0.01
1.90 1.37
-0.60 -2.48
1.10 0.10
0.11 0.57
-0.14 0.38
-1.98 -0.03
-1.51 1.05
-1.28 -0.12
0.14 -1.21
0.34 -0.03
0.46 0.31
-1.13 -0.87
-0.18 0.20
-0.38 -1.14
-1.01 0.14
-0.30 0.60
-0.06 -0.57
-0.31 -0.50
-0.82 -0.79
0.32 1.29
-0.50 0.02
1.03 0.04
0.41 0.74
-0.75 -0.83
-0.29 -0.57
0.97 1.90
1.09 0.28
-1.11 -0.47
-0.67 -0.17
0.80 1.09
-1.74 -1.19
0.05 -1.13
-0.87 2.12
-0.43 0.12
-0.60 0.09
0.38 0.24
-0.03 -0.40
1.40 -0.67
0.45 0.83
0.12 0.74
0.47 0.24
0.25 -0.20
-0.08 0.02
-3.25 -2.58
0.45 0.98
-0.84 -0.53
-0.12 0.91
1.42 -0.55
-0.67 -0.65
-0.89 -0.22
-0.59 1.26
0.62 1.17
0.10 -0.06
0.78 -0.64
0.63 0.37
-0.10 0.05
1.23 -1.62
2.66 2.05
1.75 0.96
0.95 -1.00
-1.55 0.06
0.01 -1.05
1.45 -0.08
0.30 -0.11
-1.57 -0.15
0.81 1.26
0.07 -0.06
0.68 0.49
2.30 3.51
-0.22 -0.01
-2.47 -2.13
-0.29 0.28
-0.41 1.11
-1.36 -1.14
1.03 0.05
-0.31 0.21
-0.52 -0.96
-0.47 -1.08
1.03 1.48
-1.86 0.23
-2.02 -1.54
