-0.68 -2.23
0.03 -1.02
-2.00 -1.18
1.87 0.20
0.43 -0.83
-1.06 0.33
-1.73 -1.10
1.19 0.19
0.23 -0.07
-2.22 -1.04
0.05 -0.11
-0.21 -0.67
0.18 1.13
-2.42 -2.49
-1.75 -1.46
0.71 -0.21
1.99 0.38
-0.20 0.92
-0.86 -1.01
0.35 -0.85
-0.73 -0.44
0.10 0.35
1.00 0.34
-0.17 -0.44
-0.64 -0.47
-0.03 -1.02
-0.82 0.50
1.03 0.48
1.32 0.57
0.19 -0.56
1.09 1.94
0.70 -0.48
0.14 -0.24
-0.19 1.30
1.43 -1.53
0.39 -0.71
-0.27 -1.52
0.36 -0.45
0.39 0.39
-1.00 -0.37
-1.02 -1.14
-0.18 1.51
0.89 0.61
-1.00 -0.13
-0.27 -2.14
0.32 0.40
-0.52 1.35
1.47 0.69
-0.19 1.33
0.18 0.21
-1.20 -1.00
1.25 -0.46
-1.58 -0.70
0.34 1.29
1.50 1.25
1.33 0.31
1.21 1.84
1.16 -0.12
1.39 0.48
-0.36 -0.20
1.09 -0.59
-1.51 -0.52
-2.06 1.90
-1.34 -0.57
0.21 0.49
-0.27 0.19
0.53 -0.22
1.19 1.57
-0.89 0.34
-0.80 -0.32
0.67 -0.05
0.33 1.28
0.32 -0.34
-0.35 -1.02
0.33 0.76
-1.48 -0.96
-1.44 0.90
0.85 0.19
-0.57 -0.26
0.34 -0.72
-0.53 -0.81
2.00 0.35
0.49 0.61
1.08 0.24
0.62 0.73
0.46 -1.41
-0.23 0.25
-0.18 0.38
-1.10 1.19
0.83 -1.10
-0.06 -0.10
0.82 2.55
-2.25 -2.44
0.08 0.56
0.32 1.14
-0.29 0.18
-1.13 -2.29
-0.46 0.34
-0.35 -0.24
-1.15 -1.37
