0.87 0.56
1.71 -1.12
-0.73 1.33
1.39 1.53
-0.43 -1.19
-2.51 -1.19
0.36 0.36
0.90 1.06
0.26 -0.30
-0.50 -0.17
-0.34 0.24
-0.28 -0.94
0.79 -0.70
1.41 -1.69
0.74 0.23
-1.93 -0.80
-0.21 -0.36
1.82 -0.75
-0.07 0.70
1.79 -0.40
0.63 0.96
0.50 -1.20
-0.68 -1.49
1.38 0.22
0.23 -1.02
-1.16 -0.14
-1.69 -1.70
-1.21 0.87
0.00 0.81
-0.43 1.74
0.22 0.18
-0.16 0.44
1.23 0.12
0.04 0.52
-1.38 1.00
0.17 -0.54
-1.52 -0.77
0.77 0.90
0.92 0.17
0.76 1.79
-0.04 -0.90
0.87 0.20
0.39 -2.04
0.63 1.54
0.30 0.32
1.70 -0.49
-0.11 -0.15
0.20 -0.51
-0.01 0.41
-0.68 2.54
-0.74 -0.94
0.06 1.26
0.65 0.73
1.76 1.87
-1.02 0.17
-0.35 -1.49
-0.77 -1.13
1.24 1.28
-0.02 1.56
1.52 -0.60
-1.16 -0.08
-0.23 1.19
1.28 2.13
1.55 -1.05
-1.10 0.15
-1.38 -0.46
-0.06 0.70
0.23 -1.20
0.05 2.38
-0.23 0.38
-0.10 0.02
-0.71 -0.42
0.82 -0.54
-1.46 -0.44
-1.93 -1.86
-0.02 0.68
0.74 -0.58
0.86 -0.38
-1.45 0.35
-0.10 -0.74
-0.65 0.27
-0.15 1.54
-0.65 -0.06
-1.75 -0.31
-1.31 0.31
-0.38 0.16
1.85 1.23
0.20 -1.57
0.42 0.72
-1.25 -0.29
-1.02 -1.03
0.49 0.31
-1.04 -1.57
0.66 0.25
-1.22 0.19
0.29 0.03
0.43 -0.92
2.12 -0.21
-0.53 -1.42
-1.36 -0.76
