1.33 -0.18
0.19 -0.75
1.03 -2.02
1.48 -1.16
1.10 -0.32
0.83 -1.06
0.29 0.17
-0.52 1.03
-0.64 0.86
0.12 -0.55
-1.18 1.76
-0.85 0.75
0.20 -1.12
-1.25 1.34
2.44 -1.49
-0.29 0.50
0.39 -0.27
-2.19 1.49
1.66 -1.49
0.53 -0.71
-0.60 0.40
-0.39 -1.64
0.87 -1.23
0.32 -0.06
0.23 -0.22
-1.35 0.57
2.09 -0.76
-0.85 0.20
-0.86 0.53
-0.25 -0.73
0.36 -0.71
-0.34 1.28
0.45 -0.94
0.04 -0.57
-0.47 0.32
0.01 -0.28
1.22 1.69
-0.56 -0.96
-0.01 -0.29
-0.17 0.66
-1.01 1.41
-0.77 0.40
-0.07 0.51
0.23 -0.16
1.25 -1.13
0.75 -0.35
0.68 -1.06
2.09 0.06
-0.54 -0.06
-1.34 0.66
0.04 -0.49
1.31 -0.85
-0.19 0.08
-0.75 0.68
-1.71 0.66
-0.40 0.84
-0.07 -0.72
0.00 0.04
-0.33 1.27
-1.23 0.35
-1.41 1.22
-1.25 1.48
-1.36 -0.12
0.53 -1.31
0.23 -0.70
-1.65 2.40
1.24 -1.49
0.31 0.16
0.19 0.07
0.20 0.59
-0.56 -0.02
-0.05 -0.43
-1.89 0.95
-0.45 -0.05
0.16 1.17
-0.60 0.71
0.23 -0.48
-1.01 1.00
0.54 0.09
0.35 0.56
1.20 -1.81
0.90 -0.67
-1.59 2.10
0.15 1.00
2.42 -1.28
2.56 -1.83
-0.68 0.07
1.02 -0.11
-0.77 1.62
-0.78 -0.51
1.08 -0.32
1.13 -2.03
0.64 -1.42
-0.40 0.83
-0.60 0.26
0.96 -2.01
0.37 0.67
-1.43 1.81
-1.15 0.42
-1.11 1.18
