-0.28 -0.28
0.46 0.46
-1.08 -1.08
2.76 2.76
-0.19 -0.19
1.02 1.02
-0.14 -0.14
-0.27 -0.27
-0.26 -0.26
-0.05 -0.05
-0.74 -0.74
0.61 0.61
1.35 1.35
-1.09 -1.09
1.80 1.80
1.50 1.50
-0.85 -0.85
-0.62 -0.62
0.00 0.00
-1.37 -1.37
1.84 1.84
0.33 0.33
0.76 0.76
0.09 0.09
-0.43 -0.43
-0.91 -0.91
-0.09 -0.09
-1.02 -1.02
-1.09 -1.09
-1.18 -1.18
-1.05 -1.05
0.34 0.34
-1.22 -1.22
0.69 0.69
0.41 0.41
-0.75 -0.75
0.44 0.44
0.03 0.03
0.36 0.36
-0.04 -0.04
0.09 0.09
-2.64 -2.64
-0.48 -0.48
1.62 1.62
-0.64 -0.64
-1.56 -1.56
0.00 0.00
0.03 0.03
-1.10 -1.10
1.75 1.75
0.83 0.83
0.02 0.02
0.39 0.39
0.12 0.12
-1.17 -1.17
-0.29 -0.29
0.92 0.92
-0.51 -0.51
0.05 0.05
1.33 1.33
-1.03 -1.03
0.08 0.08
-0.41 -0.41
0.90 0.90
-0.07 -0.07
2.36 2.36
0.65 0.65
0.76 0.76
0.43 0.43
-1.06 -1.06
1.68 1.68
0.62 0.62
0.81 0.81
0.77 0.77
0.29 0.29
1.45 1.45
-0.62 -0.62
-0.08 -0.08
1.01 1.01
0.90 0.90
-1.71 -1.71
-0.27 -0.27
-0.06 -0.06
-0.46 -0.46
-0.25 -0.25
-1.25 -1.25
-1.36 -1.36
-2.29 -2.29
1.23 1.23
0.23 0.23
