-1.26 1.19
0.12 1.19
-0.55 -1.49
-0.25 2.24
-3.54 -0.31
-0.05 -0.52
0.69 0.29
1.80 -0.45
0.07 2.18
0.32 -1.01
1.29 -0.11
1.37 -0.38
-0.23 -1.04
-0.85 -0.66
0.46 -1.15
1.12 1.29
1.45 -0.31
0.84 0.31
0.81 1.22
1.61 0.39
0.42 -0.72
0.19 0.27
0.80 -1.55
0.52 -1.50
-0.20 0.36
-0.20 0.08
0.86 0.46
0.71 0.77
0.18 -0.41
0.22 -0.42
-0.02 -2.09
1.09 -0.98
1.12 0.74
-0.33 -0.37
-0.23 0.91
1.40 -0.27
-0.18 0.59
-0.31 0.25
-0.34 -0.65
1.95 -0.06
0.51 0.34
-0.30 0.31
-1.24 0.10
-1.22 -0.92
-1.35 -0.35
-0.22 0.38
-1.80 -1.50
0.14 1.57
0.87 2.43
1.09 -0.86
