1.27 1.77
-1.40 -1.10
-1.41 -1.55
-0.33 -0.51
-0.87 0.46
1.14 0.72
-0.08 0.37
-1.75 -1.23
-1.54 -2.17
1.47 0.85
2.22 0.13
0.10 -0.54
-0.85 -1.34
-0.14 0.26
0.66 -0.15
0.04 -0.73
0.06 0.11
0.61 0.07
0.32 -0.99
0.10 1.18
1.19 1.93
-2.02 -2.21
-1.87 -1.46
-1.00 -0.52
0.90 -0.64
0.47 -0.49
-1.59 -1.64
-1.29 0.53
0.16 0.20
0.87 1.34
-0.02 0.29
-1.67 -1.61
0.42 0.47
-0.66 -0.46
-0.11 -0.22
-1.35 -0.98
-0.75 1.28
0.13 0.40
-0.71 -0.78
-0.42 0.32
0.81 0.59
0.06 -0.12
-0.21 -0.65
0.79 0.48
-0.41 -0.65
1.46 0.91
-0.43 -0.99
-0.19 -1.68
1.03 0.21
1.13 1.57
