-1.30 -1.95
-0.93 0.61
0.55 -0.39
-0.07 0.31
0.04 0.27
1.29 1.30
1.33 0.12
-0.21 -0.70
0.87 0.80
0.52 0.36
0.42 1.77
0.28 0.49
0.54 2.16
1.00 1.75
-0.07 -0.34
1.26 1.33
-1.92 -0.69
-0.86 0.70
2.00 1.49
0.80 -0.50
0.25 0.11
0.15 0.34
-0.62 0.17
-0.13 0.09
0.71 1.13
-0.26 -1.32
-0.78 0.43
0.15 0.40
1.38 1.17
0.90 0.37
0.63 0.43
0.16 1.06
0.17 -1.06
0.82 0.47
2.02 1.09
-0.97 0.04
0.33 -0.18
3.16 2.45
0.99 1.29
-0.91 0.16
-0.73 -1.06
1.02 2.40
-1.29 -1.36
1.48 0.47
1.50 2.80
-0.92 -1.80
0.58 -0.50
1.29 -0.09
0.24 0.14
-0.36 0.76
-0.82 -0.66
1.05 -0.45
0.81 0.36
0.55 -0.05
0.37 -0.57
-0.23 0.27
-0.09 -0.96
-1.04 0.94
1.73 -0.38
0.38 0.23
1.47 0.22
1.24 2.35
-0.14 0.15
-0.41 1.22
-0.21 0.30
-0.05 -0.81
1.42 1.69
0.72 0.18
-1.51 0.19
0.06 -0.08
1.88 -0.77
0.96 -0.08
-2.51 -1.58
1.31 -0.44
-1.12 -0.58
-1.28 -0.54
-0.53 0.08
0.74 0.44
1.02 -0.50
1.14 0.70
1.15 -0.03
0.16 -2.18
-0.93 0.17
1.74 -0.23
1.16 0.83
1.22 0.93
-1.18 -1.56
0.95 0.26
1.13 2.36
-0.35 0.54
