-0.40 0.77
0.00 -1.55
-1.13 1.10
-0.40 0.21
1.56 0.67
0.36 -0.17
2.93 -1.19
-1.30 -1.12
0.15 0.94
-0.85 -0.75
-0.14 -0.15
0.22 -0.11
1.47 -1.95
-0.29 -0.88
0.46 -0.16
0.04 0.40
-1.42 1.30
-0.53 -2.19
-0.04 -0.69
0.89 1.98
-0.03 0.71
-2.33 0.26
1.84 1.38
-0.15 0.52
-0.93 -0.71
-0.70 1.02
-0.51 1.03
1.37 1.03
-0.08 -0.87
-0.05 0.00
0.35 -0.18
-1.70 -1.40
-0.55 -0.25
0.04 1.21
0.15 -0.29
-2.30 -2.98
-0.13 0.35
-0.33 -1.29
-0.19 -0.60
-0.20 0.60
0.82 -0.43
-0.70 0.15
-0.59 -0.17
0.59 -1.46
-0.29 -0.24
-2.83 0.19
0.36 -0.46
0.14 -0.49
-0.92 -0.61
0.52 0.66
2.63 -0.22
-0.35 0.69
0.47 -0.08
0.52 -0.38
0.15 -0.86
1.75 0.90
0.23 -0.35
1.41 1.65
-0.84 1.09
-0.24 0.85
-0.81 -1.72
0.35 1.18
0.71 -0.31
0.95 1.22
1.50 1.11
-0.85 -0.77
1.65 -0.13
-1.36 -0.83
-0.46 0.35
0.74 0.42
-0.10 0.36
0.99 -0.29
0.12 -1.27
0.34 -2.44
-1.34 0.84
-0.97 -1.05
0.75 0.60
-0.01 1.83
0.16 -1.67
-1.61 0.44
0.50 1.15
-0.05 -0.66
1.30 1.12
-0.62 1.03
0.86 0.31
-0.77 -0.63
-0.68 -0.45
0.83 1.48
-0.94 -0.43
-0.46 -0.73
