-0.60 -1.63
0.81 -1.48
1.26 -1.16
0.26 -0.20
0.26 1.37
1.79 0.25
1.73 1.53
0.13 0.66
0.50 -0.21
1.39 -0.09
2.22 -1.81
0.26 -0.37
0.42 0.55
-0.11 0.54
2.05 -1.38
-0.43 -0.90
0.40 0.81
-0.74 0.20
1.83 0.13
0.52 0.23
-1.19 -0.11
0.14 0.21
0.61 0.19
-0.03 0.75
1.39 -0.24
-0.39 -2.42
-0.64 1.43
0.60 0.78
-0.16 -0.36
0.18 1.00
0.65 1.49
-1.61 1.15
-0.49 -1.15
1.21 -1.47
-1.28 -0.88
-0.50 0.16
-0.11 0.90
-1.03 -0.21
-0.64 0.67
0.17 -1.96
-2.06 -0.19
-0.06 -0.57
0.24 0.28
-0.01 0.75
0.44 -1.87
3.19 0.08
0.64 0.74
0.38 0.71
0.33 0.71
-0.58 1.46
