-0.20 -0.62
-0.59 0.74
0.65 -0.47
1.52 1.76
-0.89 0.06
0.58 0.96
0.30 0.24
-1.02 -0.88
-1.11 -0.35
-0.30 0.23
-2.31 -0.12
-0.66 -0.43
-0.83 -1.09
-0.50 0.97
-1.30 -1.77
-0.94 -2.82
-1.15 -1.96
0.04 -0.80
0.81 0.90
-0.30 -1.43
-1.53 -0.65
-1.13 -1.40
0.89 1.44
0.73 -0.47
-0.05 1.67
0.03 -0.37
0.84 0.51
1.27 1.12
-0.34 0.82
-1.71 -0.73
1.20 1.59
-0.66 -0.37
-0.19 0.31
-1.45 -0.22
0.69 0.83
0.06 1.39
2.14 -0.22
0.17 1.50
-2.45 -1.34
-0.09 0.96
1.03 -0.33
-0.27 -0.91
-0.85 0.21
1.72 0.62
1.22 0.37
-0.47 0.16
1.75 1.16
1.52 0.85
-1.56 -0.24
-0.45 -0.56
0.97 0.94
0.59 0.23
0.25 -0.96
-0.33 0.60
-0.72 -0.15
0.89 -0.38
-0.04 0.65
0.68 0.34
-0.83 -0.44
-1.15 -1.29
-1.27 -0.37
0.73 0.68
0.01 -0.04
-1.20 0.52
1.06 0.59
-0.41 -1.39
-0.87 -1.37
0.09 0.70
-1.59 -0.30
-0.87 -0.97
-0.72 -1.00
-1.47 0.37
1.05 1.16
-0.01 0.84
-2.43 -3.25
0.17 0.09
-0.08 0.66
1.28 1.77
-0.69 -0.70
-1.31 -1.56
-0.90 -0.89
0.49 1.08
-0.12 -0.47
-0.04 -0.17
0.76 -1.24
1.56 0.80
0.24 1.01
0.92 0.53
0.67 1.24
-0.04 0.47
0.25 -0.51
-1.01 -1.08
0.62 0.96
-1.58 -0.68
1.47 0.48
0.18 -1.24
-0.43 -0.85
0.45 0.90
1.70 0.71
0.36 1.64
