-1.62 -0.03
-1.44 1.41
0.50 -0.75
-0.17 -0.10
-2.01 -0.57
1.57 0.20
0.20 -1.99
1.07 -0.85
-0.09 0.56
0.07 -0.23
0.02 -0.06
0.51 0.44
-0.55 -2.13
-0.11 -1.11
0.78 1.32
-0.35 0.11
0.88 -0.44
1.03 -0.19
-1.71 0.98
0.15 -0.02
-0.61 -0.24
0.96 -0.05
1.98 -0.68
0.25 0.13
0.82 0.18
-0.46 -0.88
0.48 1.05
-0.69 -0.48
0.45 2.53
-0.35 -0.18
-0.36 0.65
2.32 0.81
0.56 -0.06
-0.18 -0.29
-1.17 -0.79
1.56 0.07
-0.66 -0.55
-1.43 -0.34
-0.07 -1.40
-0.74 1.43
-0.30 -1.00
-0.45 -1.17
0.52 -0.32
1.02 -0.50
-1.51 -0.22
-0.29 1.32
-1.47 -0.81
-1.54 2.59
1.68 -2.48
-0.06 -0.64
