0.86 0.16
0.33 0.76
0.12 -0.94
3.08 -1.25
0.54 -0.98
0.24 0.51
-1.00 1.79
0.02 0.62
0.66 -0.20
0.13 -2.54
2.36 -0.31
-0.33 -0.78
-0.44 -0.28
0.28 0.17
-0.36 0.64
-0.07 1.18
-0.65 1.52
-1.67 1.28
-0.08 -0.18
-0.86 -1.61
-0.63 -0.82
1.01 0.30
-0.50 1.75
0.25 0.08
0.11 0.48
0.37 -0.55
0.59 -0.06
-1.34 1.71
0.99 -0.64
-0.90 -1.64
1.10 -1.64
0.84 1.74
2.36 -1.38
-0.68 0.24
0.51 -0.25
1.18 0.81
-1.68 1.35
-0.07 -0.14
-0.29 -1.75
-1.41 -0.35
0.56 0.13
0.04 -0.18
0.40 -0.03
-0.25 -0.09
1.23 -0.05
-0.30 0.11
0.86 -0.32
0.99 -0.41
1.87 -0.02
-0.43 -0.69
-1.10 -0.99
-0.91 0.39
1.61 1.99
-0.63 1.81
2.95 0.03
1.12 0.10
-0.38 0.13
0.57 -1.70
0.25 -1.16
-0.80 -0.65
0.61 0.45
0.14 0.07
-0.59 0.19
2.47 1.57
0.88 0.25
0.92 -0.30
-1.85 0.79
-0.22 1.74
-1.39 -0.33
-0.72 1.06
-0.01 -0.41
1.32 -2.44
0.67 -1.01
0.32 0.58
-1.74 -0.02
-0.37 2.02
0.29 0.35
-0.18 -0.22
0.15 1.11
0.12 -1.01
0.67 0.48
0.37 -0.32
1.41 -0.53
-1.30 0.36
0.35 -0.39
0.72 -0.97
1.11 0.28
0.01 -0.34
-0.67 2.00
-0.14 -1.02
