-1.92 -1.89
-0.20 0.83
1.51 1.01
-0.38 1.08
-0.77 -1.18
-1.00 -1.21
-0.10 -0.31
-0.18 -0.30
-0.47 -0.43
2.45 0.80
-1.11 -0.57
-1.68 -1.21
-0.69 -0.56
-0.11 1.43
1.75 0.75
-0.42 -0.18
-1.52 -0.77
0.86 -0.38
0.77 0.31
0.63 -0.64
1.18 -1.14
0.41 -1.87
0.19 1.88
2.56 2.40
0.22 1.00
0.00 0.49
-0.52 -1.08
-0.84 0.35
1.06 1.42
0.12 0.92
0.25 -0.37
0.07 -0.65
0.07 -1.18
1.29 0.92
-0.42 -0.38
-0.08 0.58
0.32 0.59
-1.96 -0.48
-0.64 -1.22
-0.65 0.04
1.61 0.56
-0.24 0.36
0.24 -1.00
-0.11 -0.58
-0.47 -2.03
-0.89 -0.63
-1.75 -0.11
0.54 -0.39
0.29 -1.44
-0.04 0.97
