-0.23 1.35
-1.28 1.74
-1.91 1.21
0.10 -0.16
0.32 -0.49
-1.49 0.71
-1.80 2.57
-1.56 0.91
-0.05 0.52
-0.25 -0.93
-1.20 -1.06
1.03 -0.36
0.36 -1.52
-1.40 0.80
-0.21 -0.93
-0.59 -0.91
-0.36 -0.45
0.34 -0.07
0.04 -0.21
-0.68 1.12
0.72 -1.71
-0.56 -0.44
0.17 -1.19
0.40 0.48
-0.37 0.15
0.08 0.11
0.95 -0.81
-0.93 -1.37
-0.14 0.31
2.42 -0.28
0.97 -0.67
2.15 -1.72
-0.94 1.00
-1.03 0.86
-0.11 -0.16
-1.84 2.52
-0.76 0.67
-0.10 -0.82
1.15 -0.52
-1.35 0.19
-0.41 0.04
0.92 -0.76
-0.02 -0.02
0.26 -0.33
-0.51 0.82
-0.30 -0.36
1.24 -0.03
-1.11 0.95
-0.40 -0.13
-0.56 0.23
-1.62 1.27
0.57 -1.56
-2.58 1.21
-0.28 0.23
1.78 -2.13
0.32 -0.31
1.05 -0.07
-1.86 0.38
1.82 0.25
-1.19 0.57
-0.21 -1.04
-1.49 2.41
0.72 -1.60
-2.62 1.13
-0.60 -0.06
-0.34 -0.41
1.69 -0.23
-1.28 0.99
0.19 0.95
-1.75 1.62
-1.22 0.10
-0.44 1.91
1.64 -1.08
-1.22 1.22
-0.32 -0.10
-0.74 -0.89
0.41 0.93
0.80 -1.93
0.14 -0.22
-0.24 0.33
-0.29 0.71
0.31 0.24
0.02 1.12
-0.23 1.10
-0.58 -0.56
-1.23 -0.87
0.99 -0.27
-0.18 -0.07
-0.89 0.21
-0.34 -0.16
0.62 -1.03
-0.27 0.89
0.71 -1.33
-0.33 1.17
-1.36 1.68
0.94 -0.95
0.79 0.16
-0.85 1.71
-1.01 -0.28
0.47 -0.68
