-0.47 -1.32
-0.50 -0.76
-1.23 -1.78
-0.58 -0.85
-1.57 -0.97
0.69 0.67
-0.87 -0.49
-0.14 0.27
1.10 0.37
-0.57 -0.71
2.67 2.44
-1.65 -0.93
0.47 1.10
0.77 0.59
-0.32 -0.59
0.90 1.21
-0.30 0.17
-0.86 -0.85
0.17 0.28
1.33 1.89
0.98 1.34
0.98 0.11
2.50 1.33
0.50 -0.60
-0.36 0.57
0.91 1.23
1.29 0.30
-1.85 -2.53
2.12 2.14
-0.05 -0.76
0.32 -0.23
-0.01 0.34
0.04 0.55
0.37 -0.39
0.07 0.85
0.39 -0.19
0.07 -0.55
-0.22 -0.36
0.25 0.73
-0.75 -1.04
-0.19 -0.60
0.89 0.24
0.76 0.31
1.01 1.42
-1.10 -0.65
-0.09 -1.09
1.35 0.49
-0.82 -0.38
-0.31 -0.03
0.17 0.32
-0.57 -0.64
-1.29 -0.04
0.55 0.39
2.06 2.70
-0.43 0.22
0.86 0.22
0.86 1.69
0.55 1.18
0.19 -0.11
-1.58 -1.50
-0.80 -1.37
1.98 0.77
0.31 -0.27
-0.10 -0.45
1.33 0.55
-1.00 -1.08
1.71 1.08
-0.33 -0.70
-0.20 -0.73
-1.16 -0.54
0.17 1.08
-0.75 -0.97
-0.39 -0.02
0.86 0.81
-1.00 -1.59
0.57 -1.40
-1.12 0.62
0.42 1.60
0.85 0.71
-1.74 -1.78
2.20 1.78
0.88 0.38
0.96 0.22
-0.17 -1.12
0.00 -0.05
0.08 -0.15
0.27 0.67
-2.56 -2.02
1.37 2.12
0.76 0.55
1.44 0.18
-0.44 -0.04
1.31 1.24
1.05 0.61
1.13 0.30
-0.38 -0.20
-0.30 -0.03
-0.61 0.19
-0.76 -0.83
-0.25 -0.18
