0.38 0.21
0.91 -1.06
1.04 -0.49
-0.10 -1.08
1.45 -2.37
1.28 -1.54
-1.24 1.09
-0.19 0.30
-0.97 1.19
0.25 0.00
0.19 0.44
-0.77 -0.64
0.01 -0.40
0.57 -1.35
1.65 -0.59
1.01 -0.38
-0.87 0.18
0.03 0.78
0.22 -0.12
-0.07 0.06
0.84 -0.41
-0.50 0.43
-1.53 2.03
-0.07 0.83
0.26 0.75
-1.43 1.48
0.83 -0.25
-0.33 0.36
-0.21 -0.33
-0.21 -0.54
0.75 0.93
-0.39 0.02
1.45 -0.80
0.21 -0.09
0.58 1.12
2.50 -1.34
0.28 -0.56
-1.28 -0.29
1.48 -1.35
0.17 -0.94
0.23 -0.38
-0.64 0.89
0.73 -1.26
1.15 -1.53
-0.70 0.45
0.77 -0.87
0.60 -1.38
1.28 -1.69
-0.05 0.05
0.46 -0.01
0.72 -2.17
-1.11 0.35
0.42 -0.79
0.63 -0.16
0.07 -1.00
-1.51 1.83
0.60 -0.09
-2.38 2.12
-0.44 0.79
-0.19 0.44
-0.21 0.28
0.61 0.26
0.29 -0.46
0.50 -0.37
-0.71 0.59
-1.82 0.58
-0.79 0.79
-1.06 1.05
-1.20 1.37
-0.71 0.28
0.24 -0.98
2.11 -1.78
-0.23 0.25
-1.85 1.56
-0.20 -0.01
0.02 0.61
0.88 -0.32
-0.69 1.10
-1.96 2.08
0.78 -0.37
-0.87 0.63
-0.54 1.23
-0.43 -0.02
-0.55 0.78
0.90 -0.51
0.57 -0.65
-0.15 -0.38
-0.99 -0.21
1.55 -0.44
1.80 -1.78
-1.65 2.04
-0.50 1.29
1.56 -1.68
1.27 -0.99
-1.08 0.90
-0.24 -0.49
-1.84 1.31
-1.67 1.69
-1.42 0.79
1.50 -0.88
