0.84 -1.45
-0.21 1.14
0.03 1.35
-0.31 0.94
0.39 -0.79
0.25 0.51
-1.57 1.39
1.13 -0.52
-2.08 -0.55
0.33 0.00
0.05 -0.81
-1.39 -0.45
-0.73 0.69
2.10 -3.10
-1.36 -0.03
0.89 -0.93
-0.97 -0.17
1.31 -0.53
-0.10 0.33
-1.85 0.45
0.64 -1.20
-1.10 0.71
-0.12 0.53
-0.54 -0.05
1.81 -1.75
0.84 0.62
-0.26 -0.62
-0.69 0.43
0.43 1.37
-0.67 -0.28
0.47 -1.15
-0.51 0.87
0.60 -1.35
0.08 0.96
-0.89 2.54
-0.37 0.04
0.76 -0.34
-1.38 1.13
-1.35 0.41
0.57 -0.52
1.87 -0.48
0.25 -0.31
-0.21 0.04
-1.52 0.67
1.02 -1.01
-3.28 0.93
-0.54 1.11
-0.07 -0.03
0.35 0.88
0.06 1.12
1.35 -0.16
0.93 -0.88
1.45 -2.38
-0.11 0.17
0.57 -0.19
-0.77 0.42
-0.74 0.27
-1.78 -0.21
0.56 0.13
-0.22 1.73
0.32 -1.42
-0.82 -1.38
0.14 0.56
-0.76 0.42
-0.41 -0.14
-0.79 0.23
0.60 -1.10
-0.18 -0.53
-0.75 -0.98
0.08 0.52
0.66 -0.61
-1.20 1.09
-1.62 -0.58
-0.89 1.07
-1.38 -0.26
-0.92 0.23
1.23 -0.09
-0.56 -0.44
1.08 -0.94
0.86 0.48
-1.30 0.60
-0.08 -1.63
1.93 -1.18
1.05 -1.33
-1.41 0.69
0.65 -0.27
-0.30 2.31
0.24 -0.60
-0.25 0.46
1.16 -0.08
-0.99 0.32
1.35 -1.08
0.02 0.86
-0.23 1.94
-1.17 1.30
1.15 -0.36
0.19 0.95
0.49 -0.26
0.25 -2.04
-1.85 1.98
