-0.58 1.29
0.39 0.42
0.02 1.67
-0.25 -0.52
-1.09 -0.61
0.09 -0.67
-0.48 0.65
0.01 1.09
-0.23 -1.04
-0.40 -1.17
-0.30 -0.96
-0.22 0.78
-0.52 0.46
0.30 0.23
-0.07 -0.32
-0.84 1.10
2.30 1.62
1.26 1.43
1.32 0.69
0.35 1.59
0.99 1.14
-0.13 -0.81
-1.06 -0.65
-1.16 0.20
-1.82 0.76
-1.84 -1.15
-0.60 -0.41
-0.46 -0.12
-1.35 -0.69
-0.07 -0.27
-0.97 0.89
0.24 -0.51
-0.10 0.67
1.48 0.90
0.30 -1.87
-0.87 -0.82
1.35 0.37
-1.67 0.83
-0.43 1.34
-0.12 0.60
-0.76 0.89
0.11 1.38
0.27 -0.14
2.35 2.36
2.86 2.04
0.05 0.33
-1.15 0.44
-0.88 -1.24
-0.90 0.29
0.45 0.99
-0.02 -1.13
0.67 0.94
-0.62 0.06
-1.89 -0.00
-2.23 0.52
0.52 0.13
-1.12 0.01
-0.65 -0.79
-0.08 0.36
-0.89 -0.71
0.47 -1.68
-1.83 -0.49
1.05 2.63
1.25 1.65
0.18 -1.97
1.89 -0.77
1.21 0.66
-0.18 0.57
-0.95 1.23
-0.63 0.58
-0.99 0.20
0.07 -0.51
0.71 0.24
-0.39 -0.19
-0.43 0.33
0.45 0.63
0.28 0.42
-0.89 -0.53
1.11 -0.50
0.81 0.35
1.09 2.60
-0.71 -1.23
0.52 0.95
-0.26 -1.67
-0.91 -0.15
0.44 -0.21
0.79 -0.37
0.84 1.16
-2.41 -1.98
0.01 0.34
