1.17 -0.73
1.11 0.25
-0.75 0.30
-1.61 0.51
1.30 -0.91
-0.84 1.17
0.13 -1.02
0.81 0.64
0.61 -0.72
0.19 0.90
-1.69 1.56
-1.11 1.90
0.84 -0.08
-0.48 -0.01
0.38 -1.22
-0.33 0.43
0.63 0.89
0.13 -0.33
0.41 -0.60
0.09 0.24
-0.99 -0.57
0.20 -0.13
0.36 -1.38
0.08 0.42
-0.22 0.67
-0.74 -0.02
-0.27 1.15
2.14 -0.79
2.40 -0.46
-1.19 0.07
1.02 -2.68
0.28 0.15
0.34 -0.61
1.07 -1.57
0.13 1.21
-0.47 0.14
-0.37 0.18
0.17 -1.09
-0.40 -0.75
2.25 -2.04
-1.54 0.96
0.45 -0.24
-0.51 1.51
0.23 1.89
0.59 -1.20
-0.08 -1.27
-0.37 1.67
0.31 -0.50
-1.73 1.79
0.85 0.84
0.64 -0.19
0.86 -0.70
-0.07 -0.82
1.66 -1.74
-0.11 0.25
-0.13 0.55
-0.76 0.85
0.04 -0.07
0.07 -1.91
-0.77 0.13
1.07 -0.56
-0.27 0.12
-1.97 2.41
-1.14 0.20
1.48 -0.06
-1.83 0.39
-1.04 0.06
1.49 -0.91
-0.91 0.57
-1.19 -0.23
-0.20 -0.40
2.72 -1.76
-0.83 1.02
1.02 -1.63
1.50 -1.23
0.01 -0.14
0.76 0.63
0.22 -1.16
1.66 -2.15
-0.06 -0.43
-0.80 0.71
1.58 -0.38
1.36 -0.65
-1.76 0.25
0.07 -1.20
1.09 -0.79
0.24 -0.91
-1.00 0.92
-1.06 -0.02
0.25 -0.90
-1.13 0.57
-0.18 -0.37
-0.95 -0.05
0.13 -0.61
-0.30 -1.41
-0.95 1.77
-0.76 0.20
0.25 0.80
1.86 -0.85
-0.50 1.45
