-2.22 0.19
1.54 -1.74
0.15 -1.02
-0.58 -0.74
-1.56 1.51
-0.28 -0.80
-2.72 2.25
-0.34 -1.56
-0.83 -1.78
1.25 -0.52
1.40 -0.24
0.01 0.35
0.57 0.13
-1.01 1.48
1.16 1.27
-1.77 1.97
-0.28 -0.45
-0.95 -0.38
-0.35 -0.03
0.49 0.70
-0.58 1.48
0.50 -0.77
-0.47 0.38
0.25 -0.31
1.70 -0.91
-0.74 -1.06
0.30 -0.26
0.07 0.54
1.87 -0.90
0.08 -0.19
-0.84 1.95
1.89 -2.72
0.52 0.77
-0.08 -0.11
1.14 0.11
-1.24 0.24
0.46 -0.15
-0.50 0.89
-0.11 0.51
0.26 1.50
1.73 0.44
0.51 1.94
0.01 -0.74
0.42 0.75
-0.10 1.14
-1.12 0.25
1.36 -1.06
0.55 -0.75
-1.83 0.66
-0.20 -0.10
0.16 -0.04
1.37 -0.47
-0.11 -0.87
0.73 -2.21
-0.76 -0.30
0.24 0.75
0.62 -1.22
1.02 -0.60
1.06 0.40
0.36 -1.12
1.33 -1.94
-0.52 0.07
-1.48 -0.92
-0.25 -1.06
0.50 -0.37
-1.41 1.09
1.94 -0.75
-0.56 0.17
0.14 0.24
0.73 -0.51
-0.41 0.08
0.68 1.57
-2.48 -0.39
0.63 -0.98
1.16 -0.27
-0.64 -0.54
-0.75 -0.17
-0.35 1.01
0.92 0.40
0.17 0.18
-0.76 0.22
1.59 -1.85
0.40 0.96
-0.40 -0.70
-0.64 2.12
-0.16 0.23
0.70 -0.29
0.76 0.96
-1.49 0.40
-0.06 -1.45
0.32 -0.77
-1.73 0.62
-1.66 1.09
-1.03 2.10
-0.60 0.04
0.45 0.27
1.03 -0.11
1.00 0.34
-0.51 -0.17
-0.76 0.66
