-0.26 0.54
-0.58 1.15
-0.32 1.30
-1.43 0.90
1.45 -0.04
0.66 -1.74
-0.77 -0.84
-0.45 0.11
-0.44 -0.14
1.22 0.97
0.19 -1.23
0.01 -1.16
-1.82 -0.06
-0.24 0.36
0.17 0.09
-0.03 0.52
1.76 1.58
0.17 -0.73
-0.69 -1.74
1.39 -0.68
-0.83 1.07
1.11 0.82
-0.01 1.61
1.26 0.35
-1.27 -1.24
0.01 -0.25
0.60 -0.73
-0.19 -0.72
-1.11 -0.78
1.06 0.94
-0.72 0.55
-0.68 -0.66
0.18 1.27
-1.56 0.39
-0.71 -1.69
-0.85 -0.37
-1.32 0.93
-1.11 -0.70
-0.63 -1.12
1.03 0.06
-0.79 1.69
0.78 -1.24
-2.12 1.82
-0.59 -1.18
1.24 1.62
1.23 -0.58
0.55 1.11
-0.01 -0.73
-0.44 0.01
2.66 -0.88
