-0.09 -0.30
0.85 -0.04
-0.26 0.67
-0.25 -1.31
-0.14 2.53
-0.47 -0.49
-0.88 -1.36
-2.43 0.64
-0.10 0.05
-0.36 0.75
0.42 -1.03
0.47 -1.14
0.11 -1.54
0.89 -0.78
0.52 -0.14
-0.49 0.83
-0.15 0.10
0.59 -0.15
0.80 -0.25
0.45 0.53
-1.45 1.02
0.68 -0.91
2.52 -2.60
1.20 -0.05
0.06 -0.57
-0.06 -0.86
1.09 1.14
-0.61 0.75
1.27 -0.63
-1.68 0.71
1.28 -1.16
-0.04 1.00
-0.23 -0.64
1.73 -0.73
1.78 -0.15
1.89 -0.84
-0.40 -1.31
-1.13 -0.09
0.64 -0.61
-0.31 0.62
1.68 -1.65
0.03 -1.18
-0.18 1.46
-0.97 0.81
-1.65 0.82
-0.40 0.82
1.29 -0.35
0.87 2.04
-0.46 -1.11
-1.04 -0.08
