1.72 -0.82
0.99 -2.07
-1.54 2.13
0.65 -0.31
-0.95 1.81
0.32 1.26
0.27 -0.92
1.79 -1.55
-0.17 1.35
1.59 -2.76
0.08 0.12
0.18 0.52
0.22 -0.54
-0.94 0.18
0.78 -0.62
0.13 0.02
0.92 -0.89
-1.94 0.63
1.69 -1.36
1.21 -0.87
0.62 0.23
0.55 0.48
-0.53 0.37
0.00 -0.56
-0.16 0.72
-1.74 1.75
0.01 0.11
1.16 0.07
-2.05 0.68
0.38 0.02
-0.33 0.64
0.20 -0.15
-0.67 -0.33
0.71 -1.08
-0.78 -0.16
-0.63 0.94
1.47 -0.88
-0.19 -0.54
-0.50 -0.57
-0.28 0.95
-0.46 0.78
-2.31 0.66
0.37 -1.68
0.57 -1.00
1.13 -0.73
0.57 -0.96
-0.77 1.14
-0.62 -0.24
-0.97 -0.16
-1.43 0.91
