-2.23 -1.68
0.33 -0.02
0.51 0.51
-0.45 -0.67
0.75 0.32
0.93 1.14
-0.47 -0.58
-0.54 -0.77
-0.60 -1.07
-0.91 -0.85
-0.49 0.14
-0.73 -0.46
0.66 0.97
-1.33 -0.73
-0.95 -0.55
1.28 1.04
-0.92 -0.44
-0.69 -0.99
-1.24 -1.55
0.12 -1.02
-0.83 -1.33
0.64 1.53
0.18 0.80
0.09 -1.06
0.72 -0.28
0.13 0.73
1.55 -0.42
-1.51 -1.26
0.98 1.13
-0.58 -0.94
0.03 0.18
0.42 -0.07
-0.04 0.61
0.34 0.27
0.63 0.55
0.65 0.37
0.50 -0.33
1.08 1.14
0.08 1.05
-1.26 -0.39
-3.10 -2.55
-0.35 -1.15
-0.73 -0.40
3.00 2.01
-0.52 -0.10
0.44 -0.02
-1.17 -1.58
0.02 -0.07
-0.36 -0.35
0.38 -0.17
1.31 0.71
1.48 1.71
-0.59 -1.09
-0.26 -1.03
-0.31 -1.20
1.58 1.90
1.43 0.83
0.09 -0.13
-1.45 -2.01
1.38 -0.04
-0.25 -1.35
0.18 -1.26
1.14 0.72
-0.24 -0.25
-0.42 -0.74
-1.24 -1.70
-1.69 -3.07
0.11 0.22
0.38 0.70
-1.45 -0.87
0.53 0.75
0.58 -0.13
0.41 0.71
0.64 -0.49
0.88 0.58
0.11 -0.26
1.30 0.69
2.08 1.09
0.20 0.46
0.74 0.08
-1.60 -0.99
0.32 0.42
-0.56 0.19
0.26 -0.31
1.43 0.47
-1.65 -2.21
-1.13 0.22
-0.19 -0.85
-2.50 -2.83
0.20 -0.29
-0.00 0.64
0.16 -1.85
-0.18 -0.47
0.29 0.10
0.85 0.16
0.70 0.80
-0.80 -1.18
-1.51 -1.64
0.06 0.02
-0.61 0.10
