-0.32 1.95
0.29 0.68
0.26 -0.99
1.35 -0.15
-0.58 1.05
1.03 -0.09
-0.37 0.83
0.25 0.07
-2.79 0.01
1.18 0.48
1.95 -0.23
0.70 -0.15
-0.23 -0.38
0.50 1.34
0.84 0.12
1.34 -0.53
0.59 2.48
-0.07 -1.01
0.06 -0.36
-0.93 0.58
-0.15 1.78
-0.16 -0.20
-0.07 0.48
0.23 -0.09
-0.18 -1.20
-1.55 1.97
-0.56 -0.88
-0.33 -0.77
3.27 -1.44
0.67 -1.86
0.83 -1.64
-1.67 0.67
0.86 1.12
0.36 -1.59
-1.18 0.74
1.46 -0.48
0.28 1.51
-1.30 0.52
-0.10 -1.27
-0.32 0.41
0.51 -0.90
-0.83 1.02
1.54 -0.79
0.13 1.11
-0.48 -0.20
-0.92 -0.81
-0.04 -0.15
-0.73 -0.04
0.00 0.90
0.73 -0.15
