0.45 -0.45
-0.90 0.90
0.04 -0.04
-1.30 1.30
-0.89 0.89
1.38 -1.38
0.90 -0.90
0.66 -0.66
-0.44 0.44
-0.95 0.95
-1.04 1.04
1.02 -1.02
0.59 -0.59
1.85 -1.85
0.27 -0.27
0.58 -0.58
0.26 -0.26
0.37 -0.37
2.41 -2.41
1.06 -1.06
-0.10 0.10
-0.81 0.81
-0.12 0.12
0.96 -0.96
-1.28 1.28
2.12 -2.12
-0.06 0.06
-0.48 0.48
0.88 -0.88
0.33 -0.33
-1.42 1.42
0.12 -0.12
-1.40 1.40
0.16 -0.16
1.69 -1.69
-0.53 0.53
0.82 -0.82
-0.43 0.43
-0.51 0.51
0.46 -0.46
1.18 -1.18
0.41 -0.41
0.81 -0.81
2.36 -2.36
-0.81 0.81
-0.43 0.43
0.64 -0.64
0.90 -0.90
-0.16 0.16
1.67 -1.67
-0.13 0.13
0.50 -0.50
-1.28 1.28
-0.02 0.02
1.41 -1.41
0.05 -0.05
2.93 -2.93
1.99 -1.99
0.84 -0.84
0.63 -0.63
0.59 -0.59
0.30 -0.30
-0.09 0.09
-0.26 0.26
1.69 -1.69
-0.39 0.39
0.39 -0.39
-1.11 1.11
-0.81 0.81
-0.93 0.93
1.78 -1.78
0.15 -0.15
0.26 -0.26
-1.11 1.11
0.08 -0.08
0.94 -0.94
-0.03 0.03
-1.26 1.26
0.14 -0.14
0.99 -0.99
-0.56 0.56
1.39 -1.39
0.97 -0.97
-0.79 0.79
1.54 -1.54
-0.20 0.20
-1.67 1.67
-0.52 0.52
-1.39 1.39
0.77 -0.77
