-0.65 -0.43
0.36 -0.99
0.16 0.88
-1.51 -0.11
0.29 0.53
-1.36 -0.57
1.42 -0.04
-0.95 -0.03
-0.11 -0.05
-0.78 -1.08
1.62 1.21
-0.39 2.75
1.25 -1.68
0.20 0.96
0.12 -1.54
-1.49 2.39
-0.13 0.27
0.58 -0.59
-0.01 -0.28
0.45 0.58
-1.12 0.15
2.14 0.76
1.44 -0.59
1.13 -0.20
0.21 0.54
0.75 0.61
-0.23 0.85
-0.30 -0.52
-1.72 -0.58
1.71 0.21
1.79 -0.16
0.59 0.86
1.83 0.33
-1.06 0.45
-0.03 -1.32
0.33 -0.13
0.40 -0.45
-0.07 -0.72
-1.31 0.14
0.18 -1.05
-0.93 -0.35
0.29 -2.29
1.90 0.77
1.93 0.91
-0.07 1.22
1.96 -0.51
0.50 0.06
0.66 -1.55
0.46 -0.23
0.21 -1.03
0.15 0.39
1.61 1.76
0.78 2.74
-0.15 -0.58
0.11 2.56
-0.32 0.82
-1.17 -0.87
-0.82 -0.54
0.70 1.83
-0.07 -0.63
0.27 1.05
2.13 -1.47
-1.58 0.81
0.29 0.81
0.57 1.16
0.64 -0.16
-0.57 -0.01
-0.11 0.47
0.85 0.93
-0.20 -0.67
-1.02 -0.02
0.83 -1.06
0.45 1.01
0.14 0.67
1.59 0.42
0.72 0.10
-0.67 1.00
-0.64 -0.55
0.72 -1.71
-2.11 0.24
-0.51 -0.81
0.05 0.73
0.35 0.43
-1.23 -0.54
0.28 1.13
-1.14 -1.35
1.04 -0.26
-2.30 -1.68
-1.03 0.25
0.91 -0.08
