-0.72 -0.38
2.34 -0.62
0.76 -1.59
-0.01 1.29
1.22 -2.28
-0.21 0.09
0.22 -0.82
-0.46 1.86
0.69 -0.23
-1.08 -1.56
0.09 0.20
1.04 -0.08
-0.62 -0.62
1.48 -0.87
-0.12 0.59
0.08 0.01
-0.84 -0.73
-0.44 0.72
1.53 0.20
1.76 0.59
0.30 1.04
1.18 -0.62
0.50 -0.45
0.52 1.69
-1.25 0.92
0.17 -1.08
0.61 -0.33
1.71 0.13
-1.16 0.99
-1.74 -0.91
1.58 -0.03
0.83 -0.04
1.21 -0.47
-0.37 0.06
0.27 -0.63
-0.19 1.10
-0.12 0.74
1.31 1.02
0.76 1.10
-0.48 -0.78
1.58 2.09
1.07 0.11
-0.39 0.44
-2.07 0.17
-1.68 1.02
-1.67 0.60
-0.67 -1.30
-1.19 0.06
-0.62 -0.09
0.69 0.40
0.19 1.34
1.00 0.09
0.93 1.10
-2.00 -0.88
-1.46 -0.79
0.66 -1.72
0.18 -2.00
1.32 -0.15
1.16 -0.19
-0.84 -0.35
2.18 -2.02
-0.45 -0.24
-0.95 0.05
0.49 -1.39
-0.66 1.29
1.36 0.26
0.36 0.68
0.56 2.16
0.24 -0.08
-0.23 -1.51
1.48 -2.27
0.62 -0.84
-0.61 -0.20
1.41 0.08
0.99 -0.27
-1.29 -0.58
1.30 -0.22
-0.17 -2.50
0.84 0.52
1.16 2.29
-0.25 -0.98
-0.04 0.63
0.49 -0.72
-0.72 -1.03
-0.33 -0.36
-1.08 -0.76
-0.84 -0.69
-0.70 0.82
-0.39 0.12
-0.78 -0.36
