0.37 0.97
-0.25 0.74
2.43 -1.27
-0.02 -1.49
2.09 -0.12
0.33 0.79
0.11 0.77
-0.44 1.18
0.03 0.52
0.32 -0.66
-1.30 0.66
0.44 -1.57
0.83 0.15
-0.46 -0.41
-0.80 1.11
-0.39 0.57
0.48 -0.48
0.80 -1.56
1.04 -1.88
-1.18 0.22
0.19 -0.69
-0.01 -0.80
0.24 1.57
-0.51 -0.87
-0.92 -2.28
0.49 -1.61
0.42 1.66
-1.19 0.79
-0.57 1.04
0.84 0.15
-0.51 0.36
-1.55 1.73
-1.75 0.92
-0.20 -0.18
-2.01 1.16
-1.32 0.45
1.04 0.25
0.12 -0.97
-1.49 0.21
0.18 1.35
0.33 -0.26
1.21 -0.64
-0.01 0.05
0.64 -0.76
1.74 -0.28
2.18 -1.36
-1.12 -0.52
-1.05 0.39
-1.02 -0.48
0.18 -1.38
