2.81 2.49
0.35 0.66
-1.01 -1.26
-0.13 0.15
-1.20 -1.32
0.62 0.54
1.49 1.42
-0.73 -1.37
0.12 -0.18
-0.01 -0.11
0.94 1.56
0.07 0.11
1.30 1.09
0.68 0.28
0.32 -0.38
0.06 0.57
-0.80 -0.11
-0.30 -0.58
2.43 1.42
-0.64 -0.67
0.20 0.25
0.24 -0.13
-1.38 -0.73
1.39 1.50
-0.38 -0.70
0.34 0.18
-1.31 -1.11
0.81 0.47
0.41 0.37
0.45 0.01
-0.95 -1.04
-0.02 0.22
-1.16 -0.97
0.67 1.69
-0.93 -0.84
0.29 0.25
2.45 2.47
-0.98 -2.14
-0.24 -0.49
1.13 1.54
-0.18 0.11
0.81 0.18
0.82 1.53
-1.39 -0.95
-0.32 0.01
-1.94 -2.31
0.84 0.96
-0.71 -0.33
0.06 0.41
-1.23 -1.11
0.82 1.00
2.08 1.75
-0.97 -0.99
-0.17 -0.02
1.01 0.76
0.16 1.02
0.38 -0.00
-0.12 0.11
0.34 -0.08
-0.59 0.67
-1.37 -1.03
2.18 1.65
0.91 1.35
0.49 0.24
-0.48 -1.03
1.74 1.31
-0.83 -1.35
-0.04 -0.11
-0.24 -0.71
-2.88 -2.04
-0.53 0.17
0.92 0.86
-0.01 0.83
0.31 0.01
-0.15 -0.17
-0.88 -0.21
1.92 1.06
-0.62 -0.83
0.37 0.31
-1.28 -0.96
0.54 1.09
-0.30 -1.01
-0.83 -1.05
-0.67 -0.84
0.99 1.14
-0.38 -0.56
0.60 0.87
-0.85 -0.81
0.60 0.60
0.49 0.81
0.78 0.37
1.85 2.10
0.46 0.61
-0.39 -0.87
0.64 -0.31
-1.06 -0.65
-0.42 -0.26
-1.03 -1.44
-0.26 -0.47
-0.88 -0.98
