1.58 0.52
-0.48 -0.93
-0.10 -1.31
0.10 0.20
-1.00 -0.40
0.06 -0.23
0.46 0.26
-0.58 0.56
-0.45 -0.23
0.20 0.25
0.69 -0.89
-0.01 -0.12
0.98 0.53
0.42 0.19
-1.61 -2.83
-0.53 0.76
0.02 -1.08
-1.02 -0.92
-0.43 -1.49
-1.05 -1.13
-1.34 0.09
0.45 -0.26
-0.33 -0.28
0.79 -0.54
1.26 1.15
0.76 -2.32
0.65 0.34
-0.37 -0.62
1.05 -0.12
2.72 2.01
-1.09 -1.94
2.09 2.74
0.53 0.75
2.56 1.21
-0.70 0.85
-0.59 0.31
-0.00 -0.89
-0.22 1.15
-0.94 0.19
0.32 0.20
-0.76 -0.57
-0.34 -0.25
-1.38 -1.13
-1.70 -0.21
-2.00 -1.18
0.50 -0.02
-1.19 0.57
1.59 2.16
0.99 0.60
0.02 -0.06
1.40 0.32
-0.30 0.16
-1.27 -0.95
0.12 0.66
-0.79 0.05
-0.01 1.64
-0.97 -1.64
-0.16 -0.33
0.00 0.04
-0.16 -0.18
-0.93 1.27
-2.08 -2.96
0.48 0.63
0.56 -0.91
-0.20 -0.74
-0.83 0.08
-1.84 -1.01
-0.35 -0.47
0.94 0.76
0.43 0.65
-0.21 -0.76
-0.64 -0.13
1.47 1.67
1.55 1.05
0.85 0.50
0.95 0.18
0.26 1.40
-0.70 -0.94
-0.26 0.30
-0.00 -1.72
-1.43 -0.25
1.61 0.76
-0.55 0.72
0.00 -0.06
-0.89 -0.60
1.53 1.30
-0.38 1.38
1.34 1.15
2.01 1.50
0.61 0.35
0.76 0.27
0.49 -0.48
-0.38 -0.03
0.52 -0.34
-0.90 -1.40
0.86 0.51
-1.32 -0.33
-0.19 -0.69
-0.22 -0.62
1.79 0.54
