-0.07 -1.92
0.70 -0.47
0.95 -0.71
1.63 1.30
-1.09 -0.61
1.35 0.02
0.24 -0.30
-0.26 -0.55
0.35 0.72
0.86 0.09
0.80 -0.07
1.65 0.85
0.76 0.25
1.69 0.10
0.19 0.94
1.93 1.04
-1.11 -1.14
1.01 0.80
0.36 1.72
-0.11 -1.26
0.41 -1.83
-0.68 -0.03
1.56 -0.33
-0.87 -0.60
-1.04 -0.64
-1.44 -2.16
-0.37 -0.70
-0.60 -0.21
0.11 -0.19
0.86 1.23
1.09 1.13
-0.24 -0.69
-0.63 -1.05
0.17 0.43
-0.26 0.77
0.14 0.73
-1.32 0.02
-0.13 -1.16
1.48 0.57
-0.09 -0.53
-0.05 -1.58
1.18 -1.20
-0.83 -0.12
0.77 -1.19
0.71 1.82
-0.72 -0.27
0.17 0.67
-1.24 -0.48
-0.42 0.11
-0.83 -1.88
-1.20 0.07
-0.03 0.85
-0.84 -1.33
0.47 -0.60
-1.62 0.96
0.64 -0.48
-1.99 -1.25
-0.05 0.04
-1.82 -1.75
-0.05 -0.33
2.42 0.80
-0.60 -1.13
0.18 -0.33
-0.44 -0.09
-1.19 -1.79
-0.38 -0.73
0.16 0.23
-0.55 -1.07
-1.19 -1.04
-1.18 -1.26
-0.85 0.55
1.52 2.24
3.68 2.72
-0.79 0.23
-0.69 0.34
-0.81 -1.23
-0.52 0.53
-0.52 -0.95
0.48 1.61
-0.94 1.08
0.64 -0.10
-0.62 -0.07
0.78 -0.05
1.45 0.71
1.05 -0.44
-0.49 -1.44
0.42 -0.44
-0.32 -0.07
0.40 -2.01
-0.19 0.99
