0.11 1.07
0.61 -0.52
-0.34 1.15
1.65 0.66
-1.90 1.39
0.73 1.22
-0.14 0.02
0.35 -0.79
-0.83 0.19
-1.89 -1.40
-2.22 -0.25
2.04 0.36
0.46 0.25
1.83 -1.50
-0.80 -0.30
-0.61 -0.07
-1.18 0.25
1.18 -0.24
1.49 -2.01
-0.85 -0.38
0.14 0.88
1.09 -1.03
-0.38 -0.47
1.42 1.05
1.36 -0.18
-1.03 1.05
-0.74 0.70
-0.16 -0.34
0.63 -1.71
0.39 0.08
-0.83 -0.11
-1.79 0.20
-0.58 -1.20
1.54 2.10
-0.05 2.28
-1.39 -0.44
-1.24 -2.05
0.27 -0.05
1.04 -1.13
-0.25 1.38
0.92 -0.44
-0.04 0.07
1.06 -0.84
-0.56 -0.65
0.74 1.22
-0.59 -0.48
0.38 -0.36
0.28 0.01
0.95 -1.55
1.39 0.46
0.57 -1.53
0.87 0.22
-0.62 0.53
-1.21 1.26
0.50 0.97
0.75 -0.17
-0.13 1.66
1.61 -0.55
0.50 0.08
-0.17 -0.12
-0.51 -0.87
0.77 -0.69
-0.06 -0.98
-1.05 0.25
-0.80 -0.28
0.39 0.03
-1.36 -1.82
-0.18 -0.18
-1.29 -1.66
-0.71 0.91
1.48 -1.83
1.57 1.68
-1.06 0.66
-0.69 -0.33
1.55 2.02
-0.54 0.02
0.99 0.09
0.44 0.70
0.82 0.82
1.12 0.67
-0.61 -1.44
-0.10 -1.83
-0.95 -2.30
2.31 0.10
1.30 0.58
0.29 0.49
-0.45 -0.01
0.27 -0.31
-0.38 0.42
-0.66 -0.61
