0.28 -0.89
0.56 0.34
0.73 -0.44
2.35 -1.40
0.79 -0.75
-0.94 1.24
1.56 -0.80
0.87 0.97
1.98 -1.85
-1.74 1.82
0.65 -0.39
-0.34 0.12
0.08 -0.88
0.58 -1.69
0.02 0.66
0.77 -1.07
-2.44 2.82
-0.55 0.48
0.19 0.60
-0.75 0.88
-0.82 0.69
0.88 -1.46
-1.00 0.23
0.28 -0.92
2.35 -1.65
-0.88 -0.21
-1.37 0.07
-0.52 1.48
-0.01 -0.05
-0.12 -0.66
-0.33 0.97
-0.34 0.71
-0.54 1.29
0.28 0.43
-0.62 0.38
0.12 -0.43
-0.99 0.67
0.44 -0.74
-2.19 2.19
-0.59 0.61
0.13 0.17
-0.36 -0.42
0.93 -1.01
0.13 -0.46
-1.43 1.08
-0.39 -0.25
0.05 -0.23
0.66 0.02
0.50 -0.52
-1.19 0.50
