-0.64 -0.13
1.70 0.92
-0.60 0.30
-0.23 -0.76
-1.03 -1.29
-0.79 -0.28
0.59 -0.32
-0.30 -0.40
-1.66 -0.80
-0.14 -0.35
-1.12 0.08
1.13 0.63
-1.05 0.65
-0.47 -1.46
0.58 0.54
-0.89 -0.57
1.38 0.60
-0.34 -0.49
-0.33 -0.92
-0.08 0.37
-2.59 0.05
1.43 0.64
0.16 -0.22
-0.79 -0.50
0.25 0.84
-1.33 -0.72
-1.54 -1.71
-0.17 0.14
-1.19 -0.21
0.08 -0.46
0.64 -0.24
2.06 2.78
-1.13 -0.96
0.73 0.66
-0.86 -0.34
-0.07 -0.82
1.71 1.82
-0.25 -0.65
0.28 -0.25
-0.95 -1.49
1.46 1.57
0.92 2.48
0.78 1.03
1.38 1.58
-0.00 -1.85
-0.22 -0.53
0.42 0.36
-0.67 -1.97
0.77 0.67
-0.45 -0.34
-0.99 -0.34
0.32 0.57
2.81 2.91
0.09 0.56
0.18 0.79
0.76 0.40
-0.57 0.41
-2.62 -0.91
0.64 -0.65
0.81 -0.06
-0.34 0.21
-1.68 -3.13
0.09 0.03
0.62 0.64
-0.55 -0.62
0.93 0.22
0.99 1.92
0.34 0.57
0.43 -0.12
0.08 -0.22
-0.15 0.02
-0.25 -0.09
-0.68 -1.05
1.84 0.12
-1.61 -1.75
-0.10 0.22
-0.69 -1.05
-0.10 -0.12
-1.11 -1.33
0.20 0.62
0.49 0.57
0.53 -0.40
-0.61 -0.44
-0.93 -0.14
0.81 2.01
-1.70 -1.00
1.25 1.58
-0.62 0.50
0.62 -0.78
1.59 0.15
-0.86 -0.67
-0.79 -0.13
0.19 -0.92
1.52 1.61
0.21 0.22
-0.87 -0.64
0.83 -0.15
0.16 0.86
-0.01 0.39
1.94 0.94
