0.23 0.78
-1.83 1.63
-2.79 -0.11
-1.20 0.47
-0.22 -0.23
1.17 0.85
0.47 1.05
0.44 0.76
-0.88 -1.71
-2.26 -0.23
0.22 -0.29
0.34 1.92
0.76 0.16
0.66 1.02
0.10 1.08
0.37 -1.68
0.87 -0.57
0.15 -0.40
-1.17 -0.16
-0.22 0.42
0.13 -2.07
-0.55 -0.39
-0.98 1.33
-0.59 -0.88
-0.49 -1.56
-1.90 0.19
-0.58 -1.03
2.20 0.37
0.97 -2.20
1.24 1.25
-1.51 -0.34
-0.42 0.08
-0.04 0.90
-0.01 -0.55
-0.25 0.56
-0.67 0.51
1.44 -0.40
-0.18 -0.08
-0.17 0.14
-0.29 -0.01
1.03 -1.47
-0.18 -0.81
0.67 -1.43
0.29 -0.66
-1.77 -0.10
0.86 -0.17
-0.37 -2.49
1.07 0.30
-0.27 -1.31
-1.43 -0.71
