-1.07 0.87
0.05 -0.44
0.16 0.21
0.47 0.81
-0.42 0.09
-0.32 -0.28
-1.75 -1.33
-0.46 -0.03
-0.45 0.11
-0.79 -0.42
-0.75 -0.99
-0.26 0.26
-0.84 -1.82
1.57 1.40
0.14 -1.48
-0.06 1.73
-0.70 -1.84
-0.55 -2.00
0.93 -0.37
0.45 -1.19
0.58 0.15
-1.76 0.85
-1.08 -0.64
1.32 -2.00
0.28 -0.48
0.57 0.39
0.35 0.91
0.93 -1.86
0.09 -0.06
0.46 -1.20
-1.99 -0.64
1.96 -0.12
-0.19 -0.86
1.43 2.81
1.19 -0.08
-0.82 0.35
-1.16 -1.40
1.56 -0.36
0.57 -0.27
-0.79 0.47
0.95 -0.77
-0.76 -1.69
0.85 -0.59
0.48 -1.01
0.94 -1.08
3.07 1.43
-0.16 -0.47
-0.03 0.68
0.28 -0.40
1.28 0.29
1.96 1.67
-1.25 0.46
-0.23 -1.84
0.21 0.98
0.19 -2.04
0.71 -2.10
-0.43 -0.41
2.34 -1.50
0.52 0.65
0.05 1.37
0.99 0.52
1.12 -0.46
0.59 1.20
-1.52 -0.92
0.33 0.27
-0.84 -0.53
-1.26 -1.23
-0.58 -0.89
0.51 0.91
1.11 0.02
1.04 0.11
-0.48 0.63
-1.86 -0.16
1.12 0.58
0.50 -0.78
-0.45 -0.48
-1.44 1.31
-0.62 -0.33
0.80 0.48
-0.79 -0.23
0.78 1.20
-0.60 -1.18
0.77 0.32
-0.24 -1.39
0.19 -0.31
0.81 -0.69
1.54 0.54
-1.32 -0.15
-0.92 1.08
1.45 -0.02
