-0.61 -0.68
0.85 0.61
-1.15 -0.29
0.31 0.45
-1.46 -0.46
-0.99 -0.29
1.32 2.11
0.31 -0.23
0.52 0.49
0.83 -0.02
0.52 0.27
0.84 0.76
-1.44 -1.61
-1.13 -1.06
0.81 0.54
0.02 0.07
2.02 1.14
0.95 0.84
2.36 2.46
-0.53 -1.18
0.12 0.10
1.25 -0.89
-0.16 -0.75
1.04 1.28
-1.64 -0.71
-0.96 -0.27
-0.80 0.73
-0.93 -0.43
-0.52 1.58
0.47 1.59
-1.17 -0.67
-0.35 0.27
0.01 0.32
-1.69 -0.75
0.20 -1.61
-0.31 -1.53
-1.37 -0.32
1.38 1.05
0.91 0.05
0.87 1.67
-0.52 -1.18
-0.90 0.28
-1.00 -0.90
0.62 0.74
-1.30 -1.27
0.39 -0.35
2.21 0.64
-0.60 -0.77
1.78 0.76
-0.56 -0.38
-0.58 0.10
0.10 -0.04
0.42 0.89
-1.12 -1.01
0.86 -0.41
0.73 0.86
-1.47 -2.08
0.19 1.72
0.20 -1.15
-0.27 -0.05
-0.52 -1.42
-0.09 -1.05
-0.80 -0.65
-1.56 -0.64
0.81 -0.44
-0.23 -0.71
0.46 1.35
-0.59 -0.69
0.21 0.02
0.79 -1.94
-0.92 -1.46
0.10 -1.29
0.50 0.18
-2.44 -1.46
0.18 1.29
2.87 0.45
-0.38 0.36
0.58 1.69
-1.10 -1.59
-0.74 -0.77
-0.39 -0.72
-0.78 -0.96
0.61 2.02
-0.39 -1.12
0.38 1.17
-1.32 0.56
0.33 0.40
-0.30 0.80
-0.49 -0.12
0.15 0.10
0.58 0.74
-0.72 -1.62
2.94 1.29
-0.15 0.41
-0.10 -0.16
-0.68 -1.18
0.05 0.10
1.39 1.48
-0.80 0.16
0.46 0.47
