-0.40 -0.20
1.43 0.79
-0.89 -0.80
1.78 2.56
1.34 1.67
-0.77 0.02
0.68 0.18
0.19 0.32
0.58 0.44
1.88 1.21
-2.00 -1.87
0.33 0.12
-1.17 -1.22
-0.61 -0.26
-0.05 -0.72
1.04 0.23
1.22 1.41
-0.36 -1.00
0.41 -0.85
2.16 2.05
0.25 0.51
0.77 0.70
0.46 -0.31
0.18 0.98
1.14 1.26
0.47 0.62
-0.85 -1.05
-0.27 -0.56
0.38 0.78
-0.26 0.04
0.39 0.49
-0.73 -0.67
-1.12 -1.49
1.39 1.88
-0.93 -0.70
1.37 1.01
-0.23 -0.84
-1.68 -1.30
1.92 1.34
-0.91 -0.62
-0.21 0.17
0.34 1.14
1.66 1.60
0.35 -0.07
-1.07 -0.99
-0.85 -0.92
1.10 0.61
-0.47 -0.06
-0.01 -0.34
-1.08 -1.49
0.74 0.32
0.60 0.46
-1.57 -1.74
0.96 1.17
-1.46 -1.67
0.74 1.31
1.20 0.52
1.54 1.31
0.36 0.10
-0.36 -0.47
0.23 0.21
0.35 0.32
0.70 0.89
1.30 1.08
0.09 -0.04
-0.97 -0.42
-1.94 -1.98
-1.24 -1.53
0.02 -0.26
1.14 1.15
0.19 0.07
-1.16 -0.37
0.11 0.57
2.67 2.16
-0.16 0.09
0.12 -0.81
1.34 1.53
-1.74 -2.09
0.14 0.05
-0.24 -0.33
-0.12 0.75
0.10 0.43
0.14 -0.27
-0.25 -0.11
1.05 1.18
-0.28 -0.76
0.04 0.56
-1.55 -0.46
-1.31 -0.73
0.11 0.27
