0.75 0.34
-1.56 1.35
1.02 -0.41
0.09 1.03
-0.10 -1.49
-0.05 -1.35
-1.14 0.09
-0.78 -0.45
-0.26 0.10
-0.06 0.18
-0.35 0.05
1.25 -0.66
-1.72 1.98
0.64 -1.36
0.36 -1.63
-1.83 -1.09
-1.26 0.09
-0.19 0.19
-0.74 -0.05
-2.14 0.73
0.32 0.87
-0.84 -0.25
1.22 -0.73
0.45 0.43
-0.24 -0.88
-0.64 1.15
1.10 0.79
0.10 -1.82
-0.70 -0.18
0.67 -1.32
0.85 0.49
-1.71 1.10
-0.62 -1.01
-1.16 1.07
0.23 0.11
1.28 -2.11
0.79 -1.76
0.73 -1.49
-1.04 1.65
0.12 -0.28
-1.31 1.13
1.07 -1.31
-0.84 -0.75
-0.63 0.38
-0.74 0.46
0.15 0.55
2.54 -1.08
-2.23 0.76
-0.00 0.91
-0.42 -0.55
