-0.10 -0.39
-0.72 0.22
0.07 1.00
0.12 -0.03
-1.39 -0.77
-1.27 0.29
-0.06 1.97
-1.31 1.11
0.12 -0.08
0.13 -0.79
-0.36 -1.22
0.40 0.12
-0.18 2.23
1.15 -0.07
-1.81 1.34
1.90 -0.82
-0.28 0.18
2.19 -2.92
-0.82 -0.87
-0.12 -0.19
-0.90 0.34
1.34 -1.52
0.72 0.62
0.58 0.45
-0.52 -0.13
-0.80 0.52
-0.43 2.00
-1.68 -0.54
2.31 0.54
1.44 -0.80
0.34 -0.83
-1.41 0.61
-1.33 0.37
0.89 0.54
0.66 0.56
-0.57 -1.20
-1.48 0.48
0.34 -1.37
0.52 -0.87
-0.44 0.38
-0.61 -0.84
2.09 -0.03
-0.60 -0.04
-0.28 -0.41
0.98 0.23
-0.33 -0.30
0.41 0.40
-0.70 1.45
-0.27 -1.44
-0.52 2.01
