0.49 0.26
1.95 2.08
2.19 2.16
-0.55 0.09
0.52 0.86
2.18 2.25
-0.44 0.10
0.55 0.22
1.40 1.37
-1.02 -1.14
0.90 -0.19
-0.95 0.00
0.86 0.84
-2.78 -2.19
0.37 -0.28
-0.38 -0.03
-0.47 0.79
0.13 -0.41
-0.42 -0.41
-0.47 1.27
-1.54 -1.72
-1.09 0.05
0.24 -0.18
-0.37 -1.00
-0.81 -1.08
-1.36 -1.26
2.42 -0.33
-0.48 -0.67
-0.73 -1.07
0.58 -0.14
1.47 -0.50
-0.63 -0.39
-1.03 0.14
-0.37 1.01
-0.05 -0.90
-0.81 0.71
-0.05 -0.86
-0.99 -0.94
0.04 0.62
0.16 0.54
0.59 -0.03
0.61 0.82
-2.09 -1.81
0.98 1.56
0.93 1.64
0.80 1.48
-0.64 -1.38
0.88 -1.03
-0.97 -0.73
0.29 1.57
0.83 0.83
0.85 -0.40
-0.38 0.20
1.07 0.53
1.68 -1.04
0.71 -0.79
1.76 2.12
0.39 0.28
0.35 -0.14
0.40 0.50
-0.73 -0.51
-0.52 -0.86
-0.34 0.18
-0.32 0.40
-0.55 -1.12
0.36 -0.83
1.99 0.97
-0.29 0.12
-0.49 -1.78
-1.36 -0.50
0.99 0.60
-0.33 1.30
-1.54 -0.74
-0.59 0.57
-0.23 -1.27
-1.09 -0.95
-0.67 -0.43
1.04 1.07
-0.89 -1.27
0.29 -0.07
0.16 -1.70
0.80 0.63
-2.09 -1.90
0.30 -0.86
0.48 0.82
-0.92 0.42
-1.23 -0.19
0.16 -0.68
0.45 -0.40
-0.56 -0.79
