0.49 -1.21
-0.43 0.25
0.07 1.27
-0.62 -0.37
1.71 -2.35
-1.05 0.89
-0.22 -0.19
1.06 -0.45
0.25 -0.74
-0.74 -1.15
-0.83 1.15
1.20 0.08
0.15 0.31
-0.76 -1.39
-1.62 0.19
-1.81 0.22
-0.62 1.33
0.53 -1.76
-0.63 -0.45
-0.40 -1.27
-1.59 1.01
-2.48 1.73
-1.05 0.45
-0.12 0.29
-0.54 0.44
-0.79 0.60
1.03 1.28
0.29 -1.37
-0.47 1.19
0.12 0.03
-0.83 0.59
-0.09 -1.82
0.60 -1.00
0.84 -0.70
1.35 -0.99
-3.09 1.39
0.44 0.08
-1.18 0.66
0.94 -0.25
1.46 0.59
-0.22 0.81
0.86 0.24
1.07 -1.04
-0.38 -0.67
1.20 -1.83
-0.89 0.41
-0.25 -0.46
0.58 -1.36
0.07 1.36
-0.51 -0.28
