1.52 -1.15
-0.37 -0.60
0.71 -1.35
-0.18 1.43
0.06 0.05
0.23 1.09
0.38 -0.20
-0.76 -1.13
0.00 -2.44
0.44 0.38
-2.13 1.37
0.98 -0.06
-0.36 -0.36
-0.83 1.27
0.95 -0.99
1.10 -1.69
0.06 1.14
-0.99 0.03
1.28 0.15
1.02 0.59
-0.89 -0.51
-0.69 0.77
-0.92 -0.33
-0.79 1.27
0.66 0.07
1.76 -0.89
2.12 -1.36
-0.21 -1.04
1.47 -2.32
-1.79 0.65
-1.04 1.54
1.06 -0.34
-0.25 -0.04
0.92 -0.26
2.07 -0.43
-0.98 0.50
-0.23 -0.56
0.64 -0.52
-0.16 0.75
-0.29 1.38
-0.42 0.49
1.20 -1.20
-0.32 0.26
0.35 0.95
-0.41 -0.37
-0.64 -0.67
0.45 0.57
-2.18 0.53
2.29 -1.96
0.23 -2.20
0.71 -1.34
1.39 -1.73
1.58 -0.05
0.53 0.47
0.05 0.45
-0.84 -1.40
0.06 -0.28
1.43 -0.10
0.36 0.99
1.81 -0.01
0.52 -0.10
-0.54 -0.80
0.36 0.98
-1.14 -0.55
1.21 -0.90
-1.92 0.29
0.11 0.10
2.23 0.90
0.07 0.10
1.65 -0.82
0.77 -2.28
0.19 -1.40
1.81 -1.40
-0.45 0.87
-0.06 -0.08
-1.12 0.95
-0.49 1.16
0.36 0.62
-1.04 0.12
-1.05 0.02
0.36 -1.10
0.71 0.07
0.09 -0.05
-0.02 -2.24
0.23 0.39
-0.56 1.39
0.33 -1.33
-1.12 1.63
-1.24 -0.81
0.58 -0.33
