1.39 -1.58
1.07 -0.49
0.69 -0.62
0.65 -0.90
-0.86 0.05
-1.02 0.77
1.26 -0.32
-0.66 1.61
-0.20 -0.69
0.88 -0.55
2.41 -1.32
-1.30 -0.90
-0.32 -0.10
-0.28 0.42
0.40 -0.17
1.13 -0.13
-0.19 1.53
-0.49 -0.51
-2.40 0.79
-1.84 -1.21
0.04 -0.36
-0.72 0.18
-0.28 0.53
-0.26 0.75
1.49 -1.84
-0.19 0.22
-1.75 1.24
-1.39 0.59
-1.50 1.50
0.33 -1.12
-0.38 0.86
0.33 -2.41
-0.10 2.00
-1.18 0.77
-1.82 0.42
0.48 0.83
-0.56 -0.61
1.28 -1.12
-0.15 1.53
1.15 -1.86
-0.45 -0.19
0.27 0.56
0.85 0.40
0.39 0.38
-0.31 0.22
0.60 0.43
0.44 -1.88
-0.23 -0.36
-0.91 0.57
-1.35 0.50
-1.34 2.06
1.26 -0.02
1.86 -3.23
-0.63 0.56
0.17 0.66
-0.51 -0.03
1.77 0.09
0.78 0.58
0.64 -1.19
-0.88 -0.22
-1.44 0.48
0.94 0.09
-0.95 2.28
-0.66 -0.90
-0.87 0.66
-0.14 -0.86
0.44 -0.14
1.00 -0.73
0.83 -0.31
0.09 -1.48
-0.07 -0.92
0.21 0.20
0.99 -0.05
-0.58 -0.13
0.93 -0.78
1.78 -1.90
-0.17 -0.28
-0.13 0.45
0.86 -1.83
0.72 -1.00
2.50 -0.68
0.80 0.67
0.50 0.06
-0.91 -0.56
-1.65 0.40
-0.66 -0.24
-0.90 -0.64
-0.08 1.04
-1.14 0.83
-0.47 -0.07
