-1.09 0.87
-0.97 0.17
-1.11 -1.66
0.92 -1.80
0.74 -0.45
0.99 -0.46
1.16 -1.77
-0.47 1.28
-0.44 -0.21
-0.64 -0.13
1.84 -2.42
-0.72 0.56
-2.38 0.38
1.16 -0.75
-2.85 1.87
0.27 0.64
0.57 -0.72
-0.35 -0.25
-0.22 1.18
0.34 -0.68
-0.62 0.88
-0.46 0.30
-0.66 0.22
0.71 -1.23
-1.54 1.13
-0.18 0.03
-0.50 -0.92
0.08 0.32
-1.68 1.72
0.24 -0.26
-0.32 -0.81
0.63 -0.06
0.63 -0.49
0.22 -0.41
0.52 -0.74
-0.01 0.26
0.09 0.26
-0.44 -0.21
0.08 -0.51
-1.76 1.37
-0.20 -0.70
-0.79 0.11
-1.22 0.91
0.87 -1.17
-2.30 1.45
-0.01 1.06
0.75 0.66
0.87 -0.18
0.28 -0.75
-1.81 2.65
-1.00 1.29
-0.51 1.22
0.09 -0.28
-0.68 0.31
0.35 1.43
-0.75 -0.67
-0.47 -0.09
0.83 -1.14
0.94 -1.66
0.81 -1.77
0.44 -0.86
0.55 -0.51
0.53 -0.78
1.95 -0.60
0.22 -1.18
2.15 -2.05
0.92 -1.58
0.81 -0.34
0.23 0.16
0.36 -0.86
-0.60 0.33
-2.72 1.53
0.04 0.35
-1.15 1.28
2.07 -0.17
-0.08 -0.71
0.47 -0.01
1.34 -1.05
0.95 -1.42
-0.66 0.03
0.60 -0.23
0.55 0.93
-1.26 1.40
1.12 -1.29
-0.97 -0.52
-0.98 1.49
-0.17 0.44
1.39 -2.00
1.10 -0.39
-1.49 0.81
0.10 -0.70
-0.30 -0.70
-0.86 0.22
0.72 0.21
-0.75 1.39
-0.33 -0.33
0.79 -1.66
0.33 -0.21
0.39 -0.79
1.28 -0.17
