-1.24 0.50
1.50 0.74
-1.41 0.86
-0.86 -0.36
-0.06 0.88
-1.28 -0.29
-0.99 -1.03
-0.95 1.31
-0.12 1.02
0.62 -0.51
-1.23 1.62
-0.39 2.33
0.11 0.34
0.85 -2.46
-2.70 1.17
-0.77 1.71
-1.38 -0.20
-0.62 -0.69
0.62 -0.34
-0.08 1.40
-1.14 1.24
0.73 -1.12
-0.16 0.38
0.96 -0.07
-0.97 0.78
0.01 0.53
-0.86 0.19
0.01 -0.95
0.58 0.58
-2.41 1.16
-0.66 2.17
0.21 -0.97
1.15 -0.68
1.04 -1.20
0.54 0.91
0.44 -0.44
-1.27 1.50
1.43 -1.87
-1.63 -2.21
-0.53 0.40
-0.06 0.32
0.06 -0.13
0.41 -1.82
1.55 -1.39
0.25 -0.64
1.24 0.73
-0.07 -1.07
-1.96 0.24
-0.62 1.03
-0.29 1.16
-0.47 0.81
-0.74 0.37
-0.89 0.11
-0.28 -0.68
-0.95 -0.07
0.83 -1.01
0.91 -0.29
-0.36 -0.11
0.25 -0.88
-0.81 1.02
0.99 -0.65
-1.20 1.16
0.74 -0.67
1.93 -1.83
0.30 0.23
0.77 -0.34
1.50 -0.02
-0.62 0.91
-0.94 0.19
0.74 -0.20
-0.38 0.27
0.53 0.44
-0.01 -0.59
1.10 -0.40
-0.28 0.31
-0.13 -0.20
-0.50 0.26
-1.34 -0.68
-0.47 0.47
-0.17 0.85
-0.54 -0.90
1.05 0.06
1.32 -1.58
0.86 -1.85
-1.51 0.96
-0.36 -0.06
-0.64 0.44
3.37 -2.07
-0.04 1.13
-0.07 0.03
