1.60 -0.35
-0.39 1.05
1.72 -2.12
0.33 -0.47
-0.13 -0.64
1.75 -0.62
0.34 0.69
-1.03 -1.20
-0.24 -1.70
2.07 0.08
0.25 1.04
0.35 0.33
-0.40 -1.28
-0.74 -0.19
-1.14 0.17
0.79 -0.83
-0.08 0.44
-0.51 -0.12
2.40 1.18
0.05 -0.76
-2.27 0.35
-0.62 -0.19
0.78 -1.15
-1.05 0.80
1.26 -0.22
0.69 -0.07
0.67 -0.81
0.05 -0.02
-0.84 1.04
-0.47 -0.92
-1.20 -2.04
-1.39 -1.44
-0.23 -0.38
0.23 -0.07
-0.61 0.21
-0.00 0.48
2.01 -1.12
-0.29 0.63
-0.46 2.62
-0.76 1.61
-0.79 -0.08
1.80 0.33
0.62 0.70
-0.84 1.42
0.47 -0.59
-0.37 1.34
1.29 0.99
0.29 -0.94
-0.72 1.12
-0.24 -1.58
