-1.37 0.10
0.10 -0.91
-2.21 1.64
-0.20 -0.43
0.33 0.74
-1.27 0.87
-1.80 -0.26
-0.50 1.22
-0.52 0.82
0.45 0.44
-0.89 1.84
0.67 -2.06
-0.06 0.02
-0.01 0.32
-1.27 0.94
0.04 0.34
-0.47 -1.88
-1.50 0.30
0.70 0.31
0.09 -1.71
1.31 -1.50
-0.34 -0.17
0.50 -0.56
1.96 -1.97
0.40 -0.66
0.17 -0.05
1.11 0.38
-0.45 0.48
1.91 -0.77
2.07 -1.79
-1.10 0.10
-1.63 1.36
0.47 0.26
-0.15 0.22
-0.24 0.12
0.20 0.75
-1.29 0.40
-0.87 1.02
0.03 -0.41
1.66 -0.57
-0.09 -0.90
-0.11 0.24
0.15 0.05
-0.94 -0.51
0.58 -0.99
0.06 -0.40
0.34 1.15
0.76 -0.13
0.19 -0.31
1.54 -0.59
-0.12 -0.11
-0.88 0.93
-0.59 1.05
-0.35 -0.55
0.83 -1.36
0.43 -0.61
-0.26 -0.61
1.87 -2.84
-0.86 -0.33
-1.41 1.05
0.37 0.50
-3.15 2.85
0.63 -0.04
-0.07 -0.04
-2.20 1.04
-0.43 1.25
0.95 -0.46
-0.97 -0.24
-0.24 -0.06
0.01 0.08
1.47 -0.48
1.31 0.61
0.53 -1.84
-2.07 1.15
-0.15 -0.11
0.13 -1.33
-0.42 -0.85
0.04 -1.16
1.41 -1.00
0.05 -0.85
1.15 -0.03
-2.14 3.06
-0.67 0.84
0.03 -0.26
-0.39 1.31
-1.28 0.63
-1.41 -0.12
0.42 -0.52
-0.15 -0.28
-1.63 0.16
0.98 0.21
0.85 -1.05
0.40 0.85
0.15 -0.42
-0.18 -1.29
1.15 0.23
-0.65 1.46
-0.15 0.92
-0.50 -1.48
-0.24 -0.00
