-0.96 1.27
0.38 1.26
0.48 0.11
-0.01 -2.50
0.00 -1.77
0.16 -0.60
-2.14 1.92
0.06 -0.93
-1.37 -0.06
0.74 0.28
0.92 0.52
-0.81 -0.35
-0.42 0.49
0.38 -0.59
-0.62 -1.92
-0.61 1.21
-1.61 -0.18
-0.40 -0.72
0.10 -0.92
-1.00 -0.73
0.58 0.61
-0.21 -1.39
-1.24 1.09
0.02 0.49
1.66 -0.97
0.85 -0.07
-1.02 -0.83
-1.44 0.77
-0.87 0.01
-1.71 -0.55
-0.34 0.30
-0.51 2.37
-0.11 0.27
-0.61 -1.46
0.67 2.28
-0.64 -1.11
-0.28 1.61
-0.80 0.56
-0.33 0.55
-0.39 -0.30
0.27 1.11
0.82 -0.26
-0.39 0.34
0.85 -0.28
-0.37 0.69
1.20 2.03
-1.11 -1.06
0.52 -0.93
0.79 1.19
1.12 -0.03
0.96 -0.27
1.26 1.85
-1.09 -0.21
-1.19 -0.15
2.37 -0.29
-0.65 0.88
-0.33 -0.96
-0.48 0.98
-1.10 -0.03
0.88 -0.36
-2.05 -1.09
-0.23 -0.66
2.15 0.17
-1.22 1.01
1.82 0.44
0.50 0.81
0.75 -0.01
-0.83 0.14
-0.18 1.51
-0.12 0.13
0.60 1.16
2.34 -0.54
-1.28 -0.95
-1.01 -1.43
0.85 -1.10
0.61 -0.57
-1.62 0.77
0.74 -0.30
0.44 -1.62
0.94 0.34
-1.03 0.16
1.75 0.43
0.77 -1.47
0.50 -0.53
0.69 -0.91
1.54 -0.88
-0.39 -0.55
0.09 1.23
1.03 1.77
-0.90 -1.48
-0.13 0.59
0.44 0.18
-2.07 -0.26
1.53 0.58
-0.09 -0.38
1.30 -2.21
-0.06 0.73
1.67 -0.50
-0.36 1.05
-0.36 -0.04
