0.45 0.39
-0.10 0.57
1.02 1.52
-0.14 -0.07
0.45 -0.14
1.56 1.73
0.58 0.10
0.45 1.39
1.55 -0.14
0.32 0.20
0.11 0.76
-1.05 -1.08
0.44 1.26
0.36 0.09
-1.03 -0.99
-0.74 -0.71
-0.17 0.22
-0.22 0.57
-1.40 -1.79
1.65 1.96
1.07 0.51
0.08 0.28
-1.36 -1.22
0.10 -0.89
-0.51 0.26
-0.13 -0.49
-0.43 -0.83
0.48 0.09
-0.42 -0.99
-1.58 -2.26
-0.04 0.99
-0.07 -1.00
-0.41 -0.68
0.54 0.03
0.55 0.40
0.86 -0.24
-0.01 -0.17
0.49 -0.43
-1.35 -0.60
1.37 1.34
0.02 -0.36
1.12 -1.00
0.33 0.44
0.59 -0.07
0.59 0.50
-1.99 -1.46
-3.18 -1.23
0.19 0.18
0.08 -0.72
-1.43 -1.14
-0.25 -0.36
-2.11 -1.34
-0.30 0.48
0.23 0.18
0.90 0.37
-0.41 -0.30
1.06 1.92
-0.73 -1.70
2.05 2.35
-0.59 -0.60
0.10 1.89
1.20 1.09
0.70 0.11
-1.08 -1.45
1.49 1.34
0.16 0.29
-0.40 0.12
0.86 1.14
0.77 0.27
0.15 -0.07
-1.46 -1.51
0.92 0.24
0.10 -0.28
-1.49 -2.20
1.36 0.54
-2.04 -1.38
-1.08 -0.99
-1.65 -1.85
0.30 0.33
-1.17 -0.95
0.43 0.16
-0.35 -0.41
-3.18 -2.62
-0.33 0.36
-0.83 -0.44
0.32 0.53
-0.08 -0.37
-0.99 -2.18
-0.60 -1.10
0.14 -0.51
-1.33 -1.52
0.64 0.58
-0.29 -0.46
0.64 0.18
1.63 0.88
-0.57 -0.29
0.10 0.99
-0.70 -0.74
-0.36 -0.65
1.19 0.76
