1.02 0.66
0.00 1.84
0.94 -1.33
-0.42 0.64
1.17 -1.16
0.23 0.78
0.59 0.65
-0.13 0.12
-0.59 -0.34
0.58 -0.01
0.30 -0.83
-0.22 -0.32
1.78 0.16
0.24 -0.09
0.33 -1.48
-0.92 -0.48
-0.65 -0.18
1.20 1.24
0.22 0.65
0.74 -0.11
-1.00 -0.21
0.27 -0.40
1.34 -1.53
-0.53 -0.65
-0.33 0.55
-0.93 0.82
-0.14 -0.56
0.73 2.20
1.45 0.59
-0.97 -1.72
1.45 1.07
-0.49 0.49
-0.95 1.81
0.32 1.02
-0.37 -0.48
1.19 -1.18
-0.11 1.00
0.49 -0.73
0.81 -0.53
0.61 0.54
0.26 -0.19
-1.58 0.75
-0.72 -0.18
1.22 -1.05
-0.46 0.35
0.16 0.31
0.25 -1.97
-0.47 -0.27
-0.51 0.75
0.06 1.20
-1.75 -0.03
-0.52 1.28
0.11 0.70
0.05 -0.08
-0.17 1.22
-3.26 1.07
1.32 -1.49
2.95 0.47
-2.11 0.75
1.15 1.60
0.71 0.13
1.50 -1.95
1.18 -0.77
0.18 -0.41
0.51 0.14
1.58 -0.64
0.00 0.47
-0.14 -0.71
-0.40 1.56
-0.42 0.34
-0.63 -0.94
-0.37 -0.59
-0.88 0.02
-0.63 -0.38
-0.78 0.18
-0.44 -0.88
-1.99 -0.57
0.70 -0.27
1.20 -0.69
0.58 -0.03
-1.15 -2.52
1.39 1.33
-0.20 0.64
-1.33 0.44
0.31 -0.47
0.35 1.86
0.01 -1.03
0.49 -1.26
0.71 -1.00
-0.97 -0.57
2.09 -0.18
0.79 0.23
-0.69 -2.06
-2.36 0.18
0.58 0.83
-1.28 0.37
1.11 1.00
1.08 -2.39
0.91 0.47
-0.71 2.52
