0.57 2.11
-0.33 -0.48
0.47 -0.07
-0.50 -0.78
-0.31 -0.54
-0.56 -1.81
-0.51 -1.32
0.29 -0.25
-0.22 -0.04
0.69 0.58
0.26 0.05
1.02 1.29
-0.01 -0.25
-0.27 -1.91
1.78 -2.07
-1.17 1.25
1.46 -0.66
-0.28 -0.54
-0.12 -0.44
1.23 -0.79
1.75 0.51
-1.15 -0.60
-0.21 0.59
1.12 0.80
-2.63 -0.11
0.17 0.23
-0.72 -0.86
-1.82 -0.37
-0.75 -1.40
-0.60 -0.44
-0.07 0.46
0.09 0.79
1.60 -0.90
-1.48 -0.86
-0.49 2.25
0.44 1.33
-1.15 -1.25
0.55 -0.26
0.79 -0.93
-0.52 0.16
-0.47 -0.18
-1.15 -1.76
-1.54 0.21
-0.50 0.22
1.20 0.42
-0.53 -0.33
1.74 1.38
-0.85 -2.38
0.90 0.19
-0.19 0.58
-1.10 -1.71
-0.10 0.70
-1.51 0.21
0.42 0.22
-2.77 -1.01
-0.55 -0.12
-1.42 0.68
1.90 -0.25
-1.53 -1.09
-1.14 -1.75
-0.73 -0.75
-0.39 -0.05
0.93 1.58
-0.17 -1.07
1.91 1.27
-1.41 -0.96
0.25 1.95
0.41 2.94
0.60 0.17
-0.06 -1.21
0.61 0.51
-0.67 0.51
-0.68 -0.41
-0.63 0.13
0.28 0.21
0.94 1.76
1.39 -0.78
0.55 -0.66
0.14 -0.69
-0.44 0.22
-0.74 -0.03
-1.57 0.51
-0.43 0.28
-1.08 0.18
0.36 1.23
-0.93 -0.58
1.20 0.45
-0.05 -0.38
-1.02 -0.36
1.51 0.83
