1.02 0.35
-2.15 -2.16
-0.52 0.13
1.95 1.30
0.22 0.18
0.35 0.52
0.30 1.57
1.80 0.87
0.67 -0.66
0.32 1.04
-0.16 -0.37
0.76 1.02
0.60 -0.02
0.83 1.23
-1.09 0.77
2.57 2.66
1.63 0.92
-0.87 -2.40
0.44 -0.66
-1.71 -0.44
-0.46 -1.60
0.73 -0.29
-0.49 -0.46
-1.53 -1.04
0.28 0.58
-3.05 -0.57
1.13 2.74
-0.22 -0.84
0.64 1.14
-0.00 -0.76
-1.00 0.09
-1.85 -0.62
-0.26 -1.61
-0.82 -0.04
-0.68 -1.59
0.64 1.41
0.49 -0.48
-1.38 -0.16
0.73 1.42
-0.70 -0.11
-0.06 -0.30
-0.16 -0.04
1.39 0.51
1.09 1.23
1.20 2.12
-0.16 0.48
0.75 0.20
-1.20 -0.10
0.35 -0.08
-0.67 0.98
-1.39 -0.87
0.09 0.60
-0.10 -0.13
0.28 -0.01
-0.68 1.87
0.67 0.16
-0.61 -1.95
0.05 0.86
0.81 0.07
-0.97 -0.72
0.84 1.16
0.67 -0.54
-0.09 -1.29
-0.15 0.55
-1.01 0.72
0.51 0.35
-2.13 -1.30
0.40 -0.09
0.11 0.55
-0.93 -0.81
-1.37 -1.15
0.93 0.14
-0.00 0.48
-1.05 -1.32
-0.14 -1.21
0.39 0.48
1.27 1.82
-0.09 0.26
-1.60 -0.31
-0.14 0.10
-0.03 -0.26
0.55 0.36
-1.29 -1.22
-1.29 0.18
0.28 1.34
-0.45 -0.40
-0.54 -0.53
-2.23 -0.23
-0.22 -0.16
0.03 0.20
