-0.38 -0.38
-1.30 -1.30
1.57 1.57
0.61 0.61
0.67 0.67
-2.10 -2.10
1.33 1.33
-0.89 -0.89
1.66 1.66
-1.64 -1.64
0.88 0.88
1.44 1.44
-0.39 -0.39
1.13 1.13
1.16 1.16
-0.22 -0.22
-0.63 -0.63
-0.13 -0.13
-0.21 -0.21
-0.28 -0.28
1.12 1.12
1.16 1.16
0.41 0.41
-0.32 -0.32
-0.61 -0.61
1.22 1.22
1.03 1.03
-0.03 -0.03
-1.82 -1.82
0.01 0.01
-0.26 -0.26
1.52 1.52
-0.89 -0.89
0.48 0.48
2.82 2.82
-0.27 -0.27
1.87 1.87
0.03 0.03
-0.60 -0.60
0.55 0.55
0.70 0.70
0.13 0.13
0.31 0.31
0.01 0.01
-0.24 -0.24
-0.52 -0.52
0.18 0.18
1.22 1.22
0.29 0.29
-1.16 -1.16
-0.15 -0.15
-0.32 -0.32
1.59 1.59
-0.42 -0.42
-0.67 -0.67
-0.54 -0.54
-0.45 -0.45
-0.81 -0.81
0.20 0.20
-0.08 -0.08
0.57 0.57
-0.11 -0.11
0.26 0.26
-0.28 -0.28
-2.71 -2.71
-0.36 -0.36
0.14 0.14
2.15 2.15
0.22 0.22
-1.84 -1.84
-0.33 -0.33
0.15 0.15
0.08 0.08
-0.76 -0.76
-0.46 -0.46
-1.69 -1.69
0.57 0.57
0.73 0.73
0.79 0.79
1.23 1.23
1.35 1.35
-0.57 -0.57
1.10 1.10
-0.15 -0.15
1.05 1.05
-0.69 -0.69
-1.97 -1.97
0.75 0.75
-0.82 -0.82
-0.88 -0.88
