0.35 1.02
-1.37 -1.41
0.65 0.12
-0.44 -0.88
-1.91 0.35
-0.00 1.19
0.54 -0.29
-0.16 -1.05
0.43 1.03
-0.53 -1.32
-0.58 -0.07
-1.31 -1.91
-0.09 0.57
-1.01 0.08
1.26 1.01
-0.20 -0.52
-0.15 -1.14
-1.12 -0.66
1.61 1.21
-0.05 0.09
-0.03 1.34
-0.10 0.19
-1.16 -1.74
0.47 0.72
0.91 0.69
0.51 -0.05
0.01 -1.01
-0.15 0.02
0.64 0.70
2.19 0.78
0.57 2.06
0.23 0.80
-0.24 -0.45
-0.63 -0.08
-0.20 -0.64
-0.78 -0.30
-0.45 -0.66
1.41 1.75
-1.12 -0.50
-1.14 -1.54
1.87 1.39
0.55 0.54
-0.06 -0.62
-1.55 -1.79
-2.00 -2.14
0.37 -0.42
-2.03 -1.33
1.74 0.66
-1.14 -0.26
1.34 -0.37
