-0.14 -0.14
-0.84 -0.84
-0.05 -0.05
1.72 1.72
0.27 0.27
-1.75 -1.75
-0.40 -0.40
-0.81 -0.81
-0.90 -0.90
-0.65 -0.65
0.22 0.22
-0.96 -0.96
0.14 0.14
-0.46 -0.46
-0.07 -0.07
-0.15 -0.15
1.17 1.17
1.23 1.23
0.12 0.12
-0.69 -0.69
1.71 1.71
0.77 0.77
-0.96 -0.96
-0.65 -0.65
2.03 2.03
1.95 1.95
0.42 0.42
-1.50 -1.50
-1.28 -1.28
0.40 0.40
0.60 0.60
-2.04 -2.04
-0.12 -0.12
-0.08 -0.08
0.42 0.42
0.14 0.14
1.28 1.28
0.09 0.09
1.30 1.30
0.77 0.77
0.48 0.48
-0.36 -0.36
-0.50 -0.50
0.29 0.29
-1.55 -1.55
0.45 0.45
0.29 0.29
1.31 1.31
0.92 0.92
-1.69 -1.69
-1.38 -1.38
0.51 0.51
1.83 1.83
-0.72 -0.72
0.20 0.20
-0.05 -0.05
-0.19 -0.19
1.16 1.16
-0.06 -0.06
-1.73 -1.73
-1.63 -1.63
1.03 1.03
0.13 0.13
0.53 0.53
-0.49 -0.49
-1.74 -1.74
-0.93 -0.93
1.58 1.58
0.57 0.57
-1.10 -1.10
1.16 1.16
0.26 0.26
1.01 1.01
0.95 0.95
-1.08 -1.08
0.79 0.79
0.42 0.42
-0.86 -0.86
0.16 0.16
0.14 0.14
0.72 0.72
1.11 1.11
-0.08 -0.08
-0.75 -0.75
-0.75 -0.75
0.91 0.91
0.68 0.68
0.45 0.45
1.73 1.73
-1.78 -1.78
-1.24 -1.24
-0.06 -0.06
0.49 0.49
-1.80 -1.80
-1.37 -1.37
-1.07 -1.07
1.08 1.08
-1.70 -1.70
0.22 0.22
0.85 0.85
