-2.28 2.40
0.15 -0.73
-0.42 1.16
0.40 0.02
1.67 -1.28
2.47 -1.34
-0.48 0.43
0.37 -0.05
0.34 -0.05
0.33 -0.13
-0.79 0.38
0.32 0.82
0.09 0.29
1.37 -1.44
2.12 -1.91
-2.21 2.18
-0.62 1.35
1.51 0.22
-1.03 2.01
0.17 1.21
-0.17 0.32
-0.78 0.36
0.30 0.90
-0.72 -0.13
-0.65 0.20
-0.59 0.02
0.47 -0.66
-0.73 1.01
0.42 0.27
-0.56 0.31
0.30 -0.09
0.06 0.75
-0.44 0.50
-0.22 0.23
-1.69 0.90
0.29 0.32
-0.68 1.55
0.61 -0.55
-1.33 1.96
0.98 -1.17
-1.52 -0.05
-0.38 0.04
0.09 -0.10
-1.30 1.56
1.66 -1.42
0.89 -1.51
-0.69 0.47
0.17 0.50
-0.76 0.88
-0.82 2.00
