1.41 0.52
-1.31 -2.18
-0.59 0.62
0.10 0.40
0.04 0.33
1.59 1.76
0.79 0.79
0.22 -0.17
0.81 0.36
0.31 -0.22
0.45 -0.77
-0.56 -0.69
-0.06 -1.33
-0.51 0.16
-0.35 0.21
-0.21 0.68
1.73 1.29
-0.31 -2.30
-0.49 -0.39
-1.89 -2.23
0.10 1.29
-0.97 0.07
-0.41 -0.99
0.69 0.91
2.55 1.77
0.37 -0.68
-0.02 -0.38
1.22 -0.44
-0.85 -0.10
1.76 1.15
-0.16 -0.56
-0.54 0.71
-0.39 -0.16
-1.74 0.05
0.47 0.63
-1.28 -2.54
0.14 0.72
-0.77 -0.79
0.21 -0.51
0.17 0.32
-2.02 -1.07
-2.30 -2.16
-1.06 -0.41
0.47 -0.05
0.19 0.77
-0.15 -0.31
-0.27 -0.66
-0.57 -0.87
0.78 0.27
1.07 0.98
0.43 0.76
0.44 -0.37
0.69 1.97
0.13 -0.28
0.21 0.11
1.07 0.67
0.89 0.24
1.24 0.71
0.49 1.60
0.52 0.65
0.33 0.12
0.54 -0.89
1.20 0.55
-0.09 -0.58
-1.57 -0.95
-0.58 -0.40
0.66 0.71
0.64 0.38
-0.60 0.42
2.54 2.10
0.07 -0.64
0.81 1.05
-0.80 -0.68
-2.14 -1.42
-0.80 -1.51
-0.20 0.21
0.19 -0.93
2.16 0.93
1.01 0.67
-2.31 -0.46
-0.68 0.13
-0.33 -0.47
1.96 2.77
-0.08 -0.20
-0.23 0.54
-0.57 -0.03
0.05 1.06
-0.91 -0.81
-1.88 -2.07
0.23 0.87
0.36 0.55
-0.65 1.13
0.49 1.30
-0.06 -0.28
1.25 -0.22
-0.56 -1.31
-1.27 -1.21
-1.78 -1.02
-0.25 0.34
-0.12 0.44
