-0.86 0.79
0.99 -0.50
1.17 -0.56
-1.88 0.22
-0.44 0.19
-0.20 0.28
0.16 -0.20
-0.82 1.92
-0.17 0.22
0.91 0.18
-0.04 -0.41
-1.69 -0.00
0.18 -0.31
-1.10 0.07
-1.87 2.97
-0.24 1.60
-0.83 1.40
0.63 1.22
0.24 -0.18
0.77 -0.10
0.15 -0.59
-1.89 0.53
-0.13 -0.34
0.21 -0.30
0.39 -0.78
-0.84 -0.26
0.04 -0.48
0.85 0.61
-0.63 0.17
0.01 -0.12
0.44 0.69
0.45 -1.17
-1.20 -0.24
0.21 0.23
-0.39 -0.33
-0.65 -1.09
-1.53 0.84
2.45 0.20
0.06 0.27
-0.30 0.49
0.77 -1.13
0.87 -1.02
-0.88 0.66
0.86 -2.14
-0.34 0.46
-0.29 0.87
0.15 -0.13
0.62 -1.82
1.12 0.29
1.11 -1.51
1.32 0.19
0.83 -1.92
-0.14 -1.76
0.26 -2.18
-0.27 -1.09
-0.78 1.85
1.55 -0.66
-1.99 1.31
0.40 1.26
2.38 -1.47
-2.69 1.48
0.19 -0.38
0.28 1.14
-0.14 0.14
0.11 -1.01
-0.10 1.45
1.41 -0.59
0.47 0.01
1.06 -1.06
-1.50 0.63
0.71 -0.57
0.44 -0.04
0.15 1.57
1.21 0.41
2.28 0.05
0.82 0.20
1.13 -0.59
-1.58 0.02
0.41 -0.83
0.73 -0.89
0.65 -1.51
-1.37 0.71
-1.95 2.35
-0.88 1.33
0.53 -0.07
-0.24 0.36
-0.95 0.14
0.08 0.35
-0.49 0.19
0.70 -1.82
