-0.59 0.50
0.20 0.90
0.79 -0.94
-0.25 -0.38
0.57 -2.49
0.39 1.06
-1.18 0.74
-0.01 -0.37
0.21 0.22
-0.91 -0.16
-1.12 0.62
-0.05 1.66
-1.68 -1.83
-2.72 1.95
-0.96 -1.24
-1.57 -0.05
-0.34 -0.50
-1.04 0.24
0.11 0.87
-0.74 0.57
-0.18 1.57
-0.55 -0.84
-1.15 1.96
1.66 0.64
-0.21 1.15
-1.71 -0.04
-0.53 -1.00
0.46 -0.71
2.00 -1.10
-0.73 1.18
0.26 1.76
-1.89 -0.34
-1.00 -0.31
1.21 0.52
0.68 -0.76
-0.60 0.99
1.48 1.59
-1.02 0.74
0.36 0.01
0.34 0.63
-1.15 -1.26
0.20 -1.01
0.17 1.41
-0.98 -0.80
1.17 0.79
-1.46 0.56
-1.88 -0.11
-1.38 0.44
0.67 0.32
0.47 0.88
