-1.13 0.15
0.36 -0.64
0.77 -0.56
-2.17 1.01
-1.04 -0.44
1.40 -0.83
0.30 0.46
-0.69 1.46
0.90 -0.89
0.99 -1.06
-1.20 0.59
-1.21 0.16
-0.41 1.29
-0.98 1.51
-1.43 -0.09
-0.44 -0.71
0.19 -0.12
-1.12 -0.67
0.19 -0.02
-0.51 -0.21
-0.09 1.14
-1.14 0.92
-0.89 0.38
-2.32 2.66
0.04 0.25
-0.14 -1.54
-0.67 0.48
0.98 -0.28
-2.20 1.30
-0.23 -0.26
-0.53 -0.27
0.28 0.07
0.93 -0.62
0.32 -1.54
2.26 -1.66
0.24 0.19
-2.37 1.39
-0.41 0.77
0.50 0.35
0.12 0.16
0.06 -1.47
1.01 -1.96
-0.16 0.78
1.70 -1.82
-0.48 0.07
-0.28 0.95
-0.79 2.23
-1.03 1.49
2.27 -0.72
0.30 -1.29
-1.27 -0.03
-1.11 0.46
-0.81 1.10
0.59 -0.09
0.48 1.32
-0.22 1.18
-0.39 -0.61
1.10 -0.50
-0.62 1.09
-1.11 -0.04
-0.32 0.35
-0.55 -0.68
0.44 -0.80
1.68 -1.17
-0.14 -0.09
-1.32 1.83
0.80 -0.46
1.11 -0.84
-0.13 -1.10
0.28 -0.99
0.51 -1.62
-1.41 2.64
0.90 1.07
0.84 0.34
0.33 0.03
0.02 1.74
-0.31 0.07
1.78 -1.45
0.67 0.42
-1.29 0.56
1.44 -0.93
-0.49 0.44
0.97 0.26
-0.31 0.43
0.83 0.49
-0.81 0.76
1.08 0.16
-0.67 0.24
1.01 -0.67
-0.81 0.43
-1.51 0.57
0.22 0.54
-1.16 2.01
0.76 -0.30
-0.57 -1.93
-1.39 0.60
0.48 -0.76
-1.68 0.58
0.29 0.26
1.59 -1.21
