0.23 -0.42
0.54 -0.97
0.98 -0.07
-1.25 -1.38
0.04 0.59
-1.63 0.27
1.00 1.26
-0.15 1.85
-0.58 -1.11
-0.08 1.93
-0.49 1.22
0.08 1.20
-1.17 -0.34
0.75 0.84
0.06 0.05
-0.73 -0.59
0.38 -0.80
1.50 1.03
-0.19 0.21
0.40 0.32
0.01 -2.17
-0.25 0.80
0.97 0.66
0.80 0.05
0.14 0.67
-1.99 0.26
2.19 0.24
-0.06 -1.09
-0.92 -0.59
1.08 1.26
0.28 -2.16
-0.12 0.41
0.02 -1.01
-0.46 -0.13
0.19 1.88
-1.82 -0.21
0.17 -0.55
-0.61 0.16
-0.25 -2.38
0.79 -0.16
1.42 -0.91
-0.44 0.02
1.29 0.73
0.29 1.94
0.87 1.27
3.73 1.81
-0.65 -0.07
-0.03 1.17
0.61 0.51
0.72 0.52
0.13 0.90
1.71 2.02
-0.86 0.14
-0.60 0.21
0.27 0.23
-2.32 -0.98
-1.41 -1.06
-0.02 1.32
1.20 0.16
-0.69 -1.36
0.21 0.54
0.15 -1.40
0.58 -0.36
1.12 0.46
1.37 1.23
-0.87 -0.13
0.05 -0.45
-0.63 -2.63
-1.35 1.08
0.91 0.33
-1.02 -0.32
0.67 1.73
-1.36 0.95
-1.99 -0.45
-0.59 0.61
0.22 2.53
-0.20 0.01
0.85 -0.40
1.59 0.65
-0.01 -0.68
0.77 -0.76
0.45 0.97
0.62 0.17
-1.41 0.87
-0.04 0.92
-0.06 -0.68
0.70 -0.10
-1.47 -0.04
-0.66 -1.42
0.05 0.35
0.57 1.24
1.84 -0.02
-0.33 0.57
-0.06 0.69
-2.22 -0.98
0.54 0.09
1.58 -0.67
0.48 0.52
0.08 0.92
-1.10 -0.33
