-2.53 -0.52
0.25 -0.23
1.51 0.40
0.42 0.29
0.87 -0.69
-0.86 -0.12
-0.02 2.10
-0.81 0.32
2.32 -0.56
-0.73 1.24
-0.43 -0.26
-2.80 0.48
-0.99 -0.15
-0.33 -0.35
-1.08 -0.86
0.56 -0.95
-0.76 2.29
-1.40 1.20
-0.91 1.07
0.25 0.53
-1.50 0.17
0.42 -0.56
-0.73 1.25
1.31 -0.44
2.24 0.38
0.08 1.39
0.08 0.42
1.45 -0.12
-0.75 1.10
-0.07 0.32
-0.84 1.29
-0.30 1.20
0.52 0.09
-0.04 -0.61
1.12 -0.73
0.05 -3.39
-0.65 -0.92
0.62 0.59
-0.29 -2.35
-0.39 1.06
-0.53 0.88
0.98 -0.32
-0.00 0.33
0.24 -0.29
0.47 0.88
-0.33 -0.44
-0.16 -0.62
0.37 -0.96
-0.15 0.29
-1.45 0.80
