0.71 -0.91
1.78 1.38
0.07 1.81
-0.95 -1.44
-1.13 -0.04
-0.09 0.29
0.14 0.11
-1.24 -1.13
2.11 2.41
-1.66 -1.24
-0.53 0.26
-0.92 -0.07
-3.67 -3.05
-0.54 -0.59
-0.93 -1.02
-0.52 -0.65
-1.18 -1.03
-0.77 0.25
-0.69 -2.32
1.53 -0.05
-0.81 -1.71
0.15 -0.65
-0.22 -0.66
-1.63 -0.62
0.86 0.40
0.40 1.19
0.54 -0.07
-0.18 -0.17
-0.15 -0.28
-0.87 -1.04
0.83 1.19
-1.14 -2.17
-0.04 -0.34
1.56 0.68
-1.24 -1.11
-0.37 0.69
-0.94 -1.27
-0.07 0.53
-0.23 -1.33
0.15 -0.26
1.15 0.71
-1.18 -1.48
-0.44 -1.37
-0.67 -0.73
2.99 1.13
1.13 1.12
0.84 -0.11
0.61 0.10
0.33 1.03
-0.06 0.72
-0.11 -0.82
0.22 0.48
-0.14 0.08
-0.88 -1.32
-0.83 -1.11
0.36 -0.43
-0.60 0.02
-0.33 -0.53
-0.54 -0.22
1.23 -0.11
-1.47 -0.47
-0.68 -0.83
0.73 1.01
-0.91 -1.19
-0.19 -0.77
-0.29 -1.62
-0.30 1.67
-0.27 -0.75
-0.21 -0.08
0.32 0.51
0.18 -0.62
-0.64 -0.40
-1.41 -0.99
-1.73 -1.00
-1.46 -1.37
1.60 -0.26
-0.46 0.55
0.49 0.57
1.26 0.39
0.55 1.46
-0.43 -0.37
1.51 1.35
0.53 1.93
-0.18 0.40
0.23 0.49
-0.12 0.38
-0.46 -0.79
-2.40 -1.41
-0.64 -0.61
0.06 0.31
