0.76 0.80
-1.28 -0.64
-1.94 -1.85
0.07 1.22
0.94 -0.07
0.10 0.33
-1.13 -1.28
1.34 1.55
0.36 -0.53
0.27 0.21
-0.04 0.45
0.21 0.22
-1.12 -0.88
-1.50 -0.52
-1.11 -0.35
1.43 1.24
0.76 0.88
0.85 0.73
2.39 1.57
-0.04 -0.93
-1.04 0.35
0.16 0.46
0.25 -0.83
0.62 0.87
-0.79 -0.23
0.58 -0.51
1.65 0.47
0.46 0.02
-2.09 -1.22
0.72 0.99
0.76 0.99
-0.24 -0.17
2.12 1.19
0.85 1.03
-0.01 -0.02
0.27 0.32
-1.06 -1.04
0.17 -1.53
-1.69 -1.02
0.89 -0.24
-0.17 -0.13
-1.01 -0.38
-1.41 -2.04
0.32 -0.69
-0.33 -1.16
-0.11 -0.04
0.21 0.42
-0.61 -0.03
0.31 -0.10
0.62 0.37
-1.01 -1.05
1.24 1.50
-0.61 0.70
1.81 2.33
-0.17 1.16
-0.97 -0.61
-0.96 -1.83
1.03 0.23
-0.80 -0.22
1.11 1.34
0.57 1.03
-1.09 -1.01
-0.23 0.24
-0.11 0.24
-0.73 -1.41
-0.82 -0.65
-1.13 -1.03
0.08 1.00
2.40 1.30
-0.71 -1.00
0.11 -0.55
0.20 0.13
-0.88 -1.26
-1.07 -1.64
0.08 -0.45
1.82 1.63
-0.30 -0.61
2.19 3.09
-0.28 -0.03
0.65 -0.18
1.96 2.47
-0.07 -0.41
0.07 0.67
-0.65 -0.66
-0.15 0.05
0.16 -0.00
-0.13 -0.16
-0.90 -0.51
1.82 1.30
0.86 0.75
