0.40 0.97
-0.12 0.58
-1.50 1.14
-0.05 -1.03
0.40 -1.83
-1.97 0.35
0.23 2.56
-0.31 0.03
-0.34 0.01
0.01 -0.05
0.49 -1.19
-1.74 0.83
0.91 0.07
1.47 -1.49
-2.00 1.98
0.34 -0.24
-0.12 -1.38
-0.25 -0.61
0.82 -0.32
0.06 0.68
-1.34 1.58
2.41 -0.89
0.69 -0.29
-0.67 0.17
0.28 1.16
-1.00 -0.90
-0.29 0.82
-1.46 1.65
0.24 -0.28
-0.24 0.85
1.26 -1.40
0.02 0.54
1.15 -0.16
0.91 0.03
0.02 -1.02
-1.60 1.52
0.97 -0.11
0.36 -0.27
0.71 0.15
1.92 -2.18
0.11 0.06
-0.88 0.60
-1.35 1.01
0.71 -0.61
0.69 -1.13
-0.52 0.13
1.43 -0.19
1.64 -0.96
0.45 0.95
0.39 -0.21
