0.81 -1.74
-0.75 -0.59
0.24 0.32
-1.14 1.61
1.01 -0.96
2.04 -0.46
0.86 -1.40
-1.99 0.83
0.91 -0.48
0.01 1.56
0.81 -1.04
-1.32 0.41
2.46 0.44
0.04 0.18
0.03 1.03
0.78 -1.45
0.72 0.33
-0.75 -0.04
-0.62 0.67
-0.09 0.72
-0.13 -0.16
0.11 0.31
0.50 -0.95
1.29 -0.77
1.96 -1.69
0.35 0.86
0.78 -0.77
1.67 -2.28
0.88 -0.27
-0.49 -0.02
0.12 -0.89
1.31 -1.40
1.64 -1.06
-0.26 1.87
1.82 -0.61
0.39 0.55
-0.11 -0.23
0.47 -2.34
0.13 -0.96
0.20 -1.03
-0.28 0.86
-0.93 0.34
-0.70 -0.54
-0.44 0.53
-0.24 -1.39
-1.29 0.75
0.48 -1.92
-2.52 0.24
-0.02 0.50
-0.03 0.41
