-2.12 0.60
1.47 1.56
0.55 3.58
0.77 -0.22
0.61 0.03
0.09 -0.23
-1.00 -0.54
-0.16 -0.47
-1.90 -0.34
0.01 0.14
1.41 0.45
-0.28 -1.16
-1.28 -0.67
0.52 1.93
-0.43 2.19
-1.16 0.37
0.47 0.36
1.29 -0.61
-0.24 -0.16
-0.30 -1.25
-0.60 -0.74
0.48 0.53
-2.61 -0.90
-0.01 -1.66
-0.80 -1.29
0.23 -0.70
0.19 -0.39
0.82 -1.68
0.13 0.96
-1.78 -0.69
0.55 0.39
1.13 -1.24
1.56 -0.56
0.32 0.23
-0.92 1.50
0.48 -1.07
-1.76 0.16
0.81 -0.45
-0.35 0.18
-0.14 -0.51
0.80 -1.02
0.16 -0.44
1.76 0.53
-0.91 -0.99
0.30 -0.16
0.74 0.19
0.21 -0.11
-1.41 -0.72
-0.61 0.82
-1.23 0.72
