-0.39 -0.58
1.81 1.15
-0.39 -1.07
-0.48 -0.71
-0.05 -0.34
0.52 0.54
1.00 1.10
0.24 1.00
-0.08 0.33
0.43 1.22
-0.26 0.03
0.86 0.95
1.17 0.57
-0.36 0.37
-1.74 -2.28
0.14 -0.06
1.20 1.15
-1.12 -0.54
0.12 0.78
0.47 -0.28
0.46 0.47
0.45 1.15
-1.25 -1.57
-0.22 0.18
-0.57 -0.22
-1.34 -1.89
-0.77 -1.08
-0.98 -1.27
1.15 0.42
1.43 1.39
1.47 2.21
1.02 0.39
1.68 0.87
-0.32 -0.67
-0.34 0.37
0.10 0.28
-1.18 -0.82
0.14 -0.20
1.25 1.61
-0.01 -0.70
0.44 0.56
-0.80 -0.52
-0.89 -0.53
1.63 0.68
0.26 0.15
-0.17 -0.48
-0.29 0.05
-0.27 -0.62
-1.68 -1.42
1.84 0.95
-1.46 -1.39
-0.41 -0.30
-0.75 -1.34
-0.56 -0.08
0.20 0.98
2.40 1.44
0.36 0.27
1.23 1.22
0.16 0.41
0.91 0.86
1.19 1.59
-1.53 -1.66
-0.11 -0.63
-0.74 -0.66
-1.83 -1.79
1.84 1.16
0.31 0.80
0.22 0.15
0.39 0.13
-0.77 -0.59
-0.53 -0.80
0.08 0.32
-0.43 -0.44
0.25 0.39
-1.71 -1.98
-0.42 0.23
-0.15 -0.38
1.84 2.03
-0.33 -0.63
0.71 0.25
-0.39 -0.65
-2.14 -2.35
-0.63 -0.68
1.08 0.67
0.23 0.70
-0.22 0.04
0.09 -0.32
-1.22 -1.03
-0.88 -0.24
2.80 2.55
