1.03 -1.03
-1.35 1.35
-0.95 0.95
0.29 -0.29
-2.75 2.75
-0.40 0.40
-0.18 0.18
1.46 -1.46
0.04 -0.04
0.80 -0.80
1.64 -1.64
0.34 -0.34
0.99 -0.99
-0.10 0.10
1.82 -1.82
0.67 -0.67
-1.72 1.72
1.68 -1.68
1.24 -1.24
0.13 -0.13
1.48 -1.48
-1.07 1.07
-0.31 0.31
-0.19 0.19
0.81 -0.81
-0.79 0.79
-0.50 0.50
1.81 -1.81
-0.66 0.66
-0.13 0.13
-0.49 0.49
-0.68 0.68
-0.55 0.55
-0.08 0.08
-0.84 0.84
1.00 -1.00
-0.93 0.93
0.63 -0.63
0.10 -0.10
0.78 -0.78
0.51 -0.51
-1.24 1.24
-0.67 0.67
1.56 -1.56
0.23 -0.23
0.35 -0.35
-0.97 0.97
1.16 -1.16
1.30 -1.30
1.06 -1.06
2.13 -2.13
0.84 -0.84
0.58 -0.58
-1.17 1.17
-1.27 1.27
1.39 -1.39
0.93 -0.93
2.09 -2.09
0.11 -0.11
0.00 -0.00
-0.80 0.80
-0.17 0.17
-0.17 0.17
-1.62 1.62
-0.75 0.75
2.08 -2.08
0.13 -0.13
1.46 -1.46
0.39 -0.39
0.46 -0.46
0.29 -0.29
-0.17 0.17
-1.22 1.22
-0.20 0.20
-0.31 0.31
-0.91 0.91
-2.33 2.33
0.76 -0.76
0.25 -0.25
1.75 -1.75
-0.85 0.85
0.34 -0.34
0.92 -0.92
0.79 -0.79
-0.23 0.23
0.56 -0.56
0.16 -0.16
-0.66 0.66
0.88 -0.88
1.54 -1.54
0.88 -0.88
-0.46 0.46
0.22 -0.22
0.05 -0.05
0.21 -0.21
0.22 -0.22
-1.55 1.55
-0.43 0.43
-1.00 1.00
-0.07 0.07
