2.01 1.84
-0.18 -0.01
0.30 0.05
0.45 0.76
-1.60 -0.36
1.05 -0.19
-0.06 -0.91
1.38 2.20
-0.53 -0.95
-0.81 1.35
-1.02 0.69
-1.24 -1.19
-0.76 -0.50
-0.01 -0.43
0.15 -0.05
0.29 0.06
-0.39 0.43
0.49 0.17
1.10 2.47
1.85 2.48
0.35 0.04
0.38 -0.27
0.83 0.71
-1.20 0.94
-1.65 -1.23
0.79 1.44
1.62 0.69
0.47 0.63
1.11 0.66
0.97 0.68
0.72 0.91
0.25 -0.61
-0.47 -0.94
-1.05 0.13
-1.42 -1.13
-1.24 -1.40
0.47 -0.28
0.18 1.14
-0.24 0.03
-0.50 -0.10
-0.87 -0.03
-0.80 -1.37
1.51 0.89
-0.07 -1.05
-1.05 -0.47
0.76 0.96
1.17 0.71
1.56 -0.15
0.00 0.88
2.03 1.10
1.28 0.87
0.27 1.29
-0.18 -0.72
-0.99 -0.51
-0.33 1.14
0.38 0.40
-1.08 0.11
0.40 0.12
-2.10 -2.59
0.26 -0.42
0.01 -0.56
1.36 0.61
-0.73 -0.43
0.33 -0.31
-0.56 -0.60
-0.29 -0.35
2.83 1.40
2.28 3.77
-0.95 -1.51
0.91 -0.74
1.14 1.13
0.38 0.43
-0.30 -0.90
2.01 1.08
0.06 1.22
-0.42 0.63
-1.48 -1.13
-1.51 -2.04
0.57 0.47
0.03 0.22
0.01 -0.25
0.47 0.87
-1.96 -0.80
1.34 0.48
0.48 -0.06
-0.83 -0.26
-0.09 -0.16
0.36 0.45
0.39 0.62
-0.83 0.17
0.55 0.48
-0.88 -0.79
-0.24 -1.32
0.32 -0.52
0.27 0.48
-0.82 -1.28
-1.54 -1.37
-0.25 0.08
0.29 -0.00
-1.31 -0.71
