-0.79 -1.18
0.17 -1.08
-0.56 -0.02
-0.28 0.81
2.47 1.95
0.27 0.20
-0.83 -1.44
0.47 0.53
1.11 0.62
0.71 0.09
0.23 -0.88
2.72 1.95
-2.04 -2.40
0.32 -1.27
0.34 1.29
2.15 1.96
0.25 0.33
-1.63 -1.05
0.30 1.01
2.55 0.86
0.56 1.38
-0.88 -0.31
0.93 0.21
1.10 1.71
0.31 0.48
0.11 0.69
1.19 1.47
0.42 -0.12
0.20 0.15
-1.44 -0.73
0.50 1.09
0.53 -0.19
0.40 0.09
0.87 1.84
-0.81 -1.18
0.63 0.86
0.04 0.44
-0.28 -0.40
0.88 0.20
-1.31 -0.76
0.10 0.91
1.21 0.38
-0.12 0.27
0.95 -0.19
1.41 0.51
-0.47 -0.66
-1.00 -0.85
0.82 -0.74
0.60 0.50
-0.42 1.65
