-0.68 -0.70
-0.48 -0.89
0.06 0.75
-1.05 -0.82
0.44 1.39
0.02 1.47
1.10 1.43
1.42 -1.40
-1.23 -0.39
0.53 0.42
0.61 -0.89
0.22 0.28
-0.42 1.37
0.80 1.18
-0.49 -0.52
0.13 -0.60
-0.28 2.15
0.50 -1.98
-2.27 0.91
0.32 -0.40
0.92 -0.27
0.27 -0.77
-0.10 -0.77
-1.20 0.26
-0.71 -0.73
-1.07 0.41
0.58 0.53
-0.17 -0.35
0.91 1.62
0.92 -0.35
0.26 -0.28
1.54 0.70
-0.30 -1.32
1.03 -2.69
0.06 -1.26
-2.49 0.27
-0.60 -0.01
0.83 -2.04
1.20 -0.08
-0.09 -1.11
-0.66 -0.55
-1.67 0.75
0.52 0.56
-1.85 0.89
-0.36 -1.14
-1.50 1.39
0.76 1.39
0.21 -0.05
1.00 -2.47
0.34 0.67
-1.62 0.09
0.97 0.98
0.83 0.18
1.39 0.03
-2.33 -0.65
0.49 1.76
-1.38 0.26
1.27 -0.78
0.40 -0.29
-1.33 0.25
1.92 1.23
-1.55 0.08
0.73 0.32
-0.09 -1.07
1.23 0.04
0.23 1.22
-1.73 1.16
-1.21 0.60
0.43 0.47
-0.47 -0.47
-2.62 -1.63
0.17 -0.84
-0.24 -0.03
-0.65 0.36
-0.72 -0.90
0.70 -0.26
0.05 -0.81
-0.26 1.38
0.40 0.24
0.10 -1.48
1.22 0.40
-0.36 0.67
-0.64 0.29
-0.68 -1.91
-2.02 -0.70
-0.29 0.59
-0.42 -1.40
-0.46 -0.64
-1.29 -0.66
0.56 -0.93
