-0.14 0.99
0.04 0.39
0.27 1.76
0.59 0.77
-0.53 -1.16
-0.94 0.11
1.18 1.17
-0.96 -0.70
-1.12 -2.32
0.61 -1.02
1.88 2.27
0.55 0.50
0.49 0.95
1.02 1.45
-2.04 -0.52
-0.59 0.14
-0.42 0.40
-0.59 -0.99
1.28 -0.59
-0.56 0.50
0.37 0.35
0.23 -0.08
0.02 -0.08
-1.10 -1.45
-0.62 -0.99
0.09 0.77
0.96 0.17
0.84 0.62
0.45 0.27
1.58 0.44
-0.13 1.43
-0.61 -0.01
-1.13 -0.71
0.02 0.49
-0.23 -0.56
-1.57 -1.35
1.05 0.77
-0.44 1.48
2.15 0.57
-0.26 -0.19
0.10 -0.30
2.01 2.64
0.39 0.28
0.97 1.60
-1.97 -0.95
2.58 1.44
-0.94 -1.39
-1.44 -1.20
-0.35 -0.55
-0.51 -0.61
-1.09 -0.60
0.07 -0.81
-0.35 -1.08
-0.35 -1.37
-1.94 0.16
0.60 0.30
0.30 0.04
0.36 0.10
2.06 0.42
1.11 1.85
1.08 1.04
1.91 1.62
0.42 -0.92
-1.12 -1.71
-0.03 -1.06
0.51 0.26
-0.12 -1.24
1.86 0.29
-0.87 -0.53
-0.19 -0.29
-0.48 -0.45
-0.70 1.73
-0.85 -0.88
-0.90 -0.77
0.16 0.98
0.08 0.94
-0.08 -0.31
-0.17 -0.04
0.96 -1.53
0.06 0.50
-0.30 -1.43
-0.05 0.42
-1.18 -0.75
-0.52 -0.77
-1.20 -0.30
2.38 1.04
-0.45 -0.82
-0.01 0.70
1.63 1.50
0.62 -0.60
