0.87 1.17
1.77 1.64
0.30 -0.01
1.07 -0.25
0.73 0.48
1.05 -1.11
0.32 -0.59
-1.13 -1.14
1.42 -1.34
2.25 1.42
1.73 -0.48
-0.03 0.68
-1.45 -0.36
-0.99 0.55
-0.18 -0.96
0.36 -0.81
0.58 -0.55
1.13 0.46
0.13 -0.39
-1.34 -1.24
-1.60 -0.62
0.87 1.90
0.32 0.43
0.18 0.23
0.96 1.87
0.63 0.25
-1.71 0.61
0.41 -1.49
1.84 -0.58
1.30 0.81
0.81 0.46
0.88 -1.13
-1.11 -1.68
1.92 1.36
1.29 -0.88
0.39 0.16
-0.81 1.31
0.97 0.93
-0.19 0.39
0.34 -0.17
1.07 1.57
0.30 -1.89
-0.66 -0.56
0.29 2.56
1.18 -1.66
0.78 -1.04
1.02 -0.63
-0.46 -0.67
-0.74 0.04
-2.08 -0.27
-0.61 -0.67
-2.37 -1.60
1.90 0.56
-1.42 -1.47
-0.84 -1.66
0.80 -0.19
-0.05 1.20
-0.42 -0.13
0.72 0.84
-1.06 0.51
0.22 0.68
1.68 -0.45
-0.36 -1.55
0.57 -0.89
0.84 -1.86
-0.77 -0.67
-0.26 0.60
1.39 0.55
0.45 0.72
-0.46 0.60
-0.52 -1.53
0.87 1.07
0.87 0.02
-0.14 0.37
0.47 -0.36
-1.21 -0.09
-1.07 -0.67
-0.01 0.73
1.19 0.17
-1.22 -0.65
0.37 0.29
-0.10 1.70
0.05 0.90
-0.77 0.92
1.05 0.24
-0.73 -0.29
0.86 0.74
-0.37 -1.08
-1.51 -1.97
-0.13 -0.22
