0.06 -0.91
-0.70 -0.77
1.48 -0.22
1.12 0.29
-0.47 -0.57
0.19 0.89
0.03 -1.44
-1.20 -0.29
-1.08 0.22
-0.94 -0.96
-0.18 2.07
-1.03 -0.75
-0.70 0.35
-0.90 -0.71
0.05 0.27
-0.52 -1.28
-1.02 -0.48
1.38 0.03
2.27 2.18
-0.47 -0.09
-0.52 0.61
-0.76 0.64
1.15 1.44
0.36 -0.84
0.42 1.00
-0.56 -0.29
-0.70 -2.40
0.40 -1.24
0.22 0.05
1.77 1.49
-1.74 -0.35
-1.70 0.90
-0.23 0.29
1.01 0.99
-1.41 -0.52
-0.33 -0.90
-0.26 0.06
-0.69 0.63
-1.38 -2.75
0.58 -0.30
0.57 -0.43
0.41 0.60
0.64 0.02
-0.38 0.06
-0.51 2.29
0.06 0.44
1.69 0.94
-1.00 -0.07
-0.26 0.69
-1.91 -1.12
2.34 2.35
-0.16 -0.37
-0.30 0.56
1.68 2.34
-1.35 -0.76
-0.17 -2.12
1.16 -0.28
-0.40 -0.29
0.63 -0.21
-0.31 0.80
0.33 -0.53
1.00 -0.03
-1.69 -0.53
-0.09 -0.80
0.62 0.90
0.00 -0.71
-0.04 -1.57
-0.02 -0.31
-0.73 -0.15
-1.40 -0.53
1.09 0.53
1.74 1.61
2.67 2.36
1.29 0.39
-1.62 -0.56
-0.05 -0.75
-0.81 -0.54
0.14 -0.40
0.80 1.62
1.23 2.57
0.09 -0.93
-1.60 -0.05
0.95 1.20
-1.47 1.13
0.18 -0.09
0.73 0.65
1.19 0.32
-0.02 0.37
0.07 0.60
0.71 0.32
1.04 0.51
1.02 -0.71
0.34 0.55
0.33 0.49
-0.39 -0.03
0.36 -0.11
0.90 0.55
0.69 -0.56
-1.44 -0.41
1.61 0.19
