2.08 1.04
0.09 -1.52
0.67 -1.29
-0.89 -0.35
-1.97 -0.35
0.68 -1.42
0.36 1.51
-0.44 -0.47
-0.78 -1.10
-0.40 -0.23
-0.25 -0.94
0.50 -0.34
1.01 1.78
-1.91 0.58
1.63 -0.04
-1.68 -0.11
1.67 -0.73
0.62 -0.25
1.09 -0.94
0.66 -0.99
-0.95 -2.83
-0.57 1.70
-2.26 -0.72
-1.26 1.02
1.01 -0.35
-0.69 -0.90
-1.43 -0.19
-0.88 0.84
0.35 2.03
0.25 -0.08
0.66 0.71
-0.55 -0.71
1.04 1.15
0.76 -1.30
-0.05 -0.52
-0.87 -1.29
0.26 0.48
0.62 0.17
-0.11 0.62
0.52 -1.00
0.07 -0.80
-0.64 -1.85
0.59 -0.24
0.35 0.72
1.32 1.02
0.93 0.31
-0.49 -0.25
-1.06 -0.50
1.32 1.10
0.90 -0.42
