0.98 1.17
-0.30 -0.23
0.09 -1.92
0.01 -0.91
0.61 0.23
-1.13 0.82
-1.90 0.24
-0.44 1.96
-0.33 -0.24
0.44 -0.38
0.76 0.45
0.57 0.29
-0.67 0.41
1.01 0.42
1.38 0.17
0.69 0.06
-0.60 1.49
-0.34 0.23
1.22 0.98
-0.02 0.09
0.56 0.51
0.70 0.88
-0.01 0.44
-1.01 -0.76
-0.92 -0.40
-0.34 1.00
-1.66 -1.63
0.59 0.63
1.07 0.60
-0.52 -0.77
0.01 1.56
-0.92 0.14
1.07 -1.85
-1.39 0.32
-1.94 -0.25
2.03 1.42
1.46 0.55
-0.69 -1.13
2.18 0.51
0.21 -0.26
0.75 0.37
-0.52 -0.08
1.86 -0.08
1.30 0.89
-0.06 -0.63
0.10 -0.78
-0.61 -0.09
-0.47 0.19
1.45 1.48
-0.55 -0.24
0.41 1.25
0.51 0.87
1.60 1.44
-0.20 0.38
1.35 -0.79
0.15 -1.25
-0.34 0.67
1.66 0.84
-0.71 -1.94
-2.12 -0.85
-0.97 0.23
1.24 -0.19
0.91 0.69
-0.09 -1.36
-0.29 1.27
-0.78 -1.22
1.64 1.62
0.23 -1.20
0.36 1.17
-0.02 1.60
0.21 -0.71
0.62 1.34
0.68 -0.43
-0.23 0.25
-0.53 -0.48
0.23 -0.37
-1.30 0.24
-1.95 0.45
-1.28 -1.72
-1.34 -0.06
0.02 -0.38
1.17 1.27
0.29 -1.77
-0.62 1.43
-2.03 -0.76
0.62 -0.02
-0.24 -0.72
-0.46 0.03
0.14 1.37
-0.23 2.38
0.04 -0.12
-0.24 1.97
-0.46 -0.69
1.04 -0.04
-2.79 -1.89
-0.63 3.02
1.38 0.33
-0.88 0.91
-0.32 -0.08
1.52 1.26
