-0.59 1.04
-0.30 -0.45
-0.01 -0.82
0.19 -0.32
0.10 -0.09
2.02 -0.94
-1.27 -0.24
-0.94 0.38
0.57 -0.95
0.15 -0.91
0.78 -0.80
-0.60 -0.05
-1.34 1.63
-0.67 1.15
0.75 -1.17
1.40 -1.33
0.92 -0.89
0.32 -0.57
0.66 -0.64
0.58 -1.13
-0.67 0.04
-0.57 -0.31
0.72 -0.69
-1.43 1.57
-0.58 1.10
-3.21 2.23
-1.12 0.36
0.92 -0.49
-0.52 1.36
-0.38 0.27
-0.01 -0.37
-1.16 1.55
0.40 -0.73
0.75 -0.83
2.38 -3.15
-0.18 -0.69
0.93 -0.01
-0.25 0.14
-0.12 0.33
-0.46 1.06
0.02 -1.44
-0.96 0.85
0.42 0.15
-2.12 1.85
-1.95 1.24
-1.83 1.96
-0.25 1.09
1.50 -1.46
-1.16 1.82
-1.32 -0.24
0.64 -0.43
-1.07 0.94
0.18 0.65
-1.02 0.25
-0.98 -0.45
-0.44 0.34
0.95 -1.79
1.08 -1.41
-0.77 0.31
-0.26 1.19
0.27 -0.01
-0.47 -0.07
0.37 -1.03
1.79 -1.14
0.30 0.19
1.89 -1.97
-0.15 -0.68
0.37 -0.35
-1.46 1.00
0.38 -0.53
-1.41 0.93
-0.73 -0.02
-0.27 0.35
-0.10 0.63
0.03 0.29
-1.79 1.46
-0.85 -0.33
-0.64 1.22
0.00 -0.07
1.01 -1.58
-0.99 0.18
0.74 0.44
2.18 -1.35
-0.08 1.31
-0.08 -0.17
-1.35 0.33
0.37 -0.12
0.25 0.25
0.41 -0.36
-0.68 0.90
