-0.70 0.58
-1.76 0.61
1.30 0.72
-1.38 -1.64
-0.70 0.18
0.38 0.83
-0.85 -1.51
1.20 1.26
0.37 0.61
0.61 0.77
-0.71 0.05
-2.41 -2.40
1.12 -0.34
-0.74 0.90
-0.33 0.54
-0.48 -0.75
1.39 1.69
-0.71 -0.80
0.33 0.24
1.13 1.05
0.31 0.58
2.36 2.09
0.24 -0.13
-0.27 -0.60
-1.28 -0.38
-0.91 -1.00
0.44 0.56
1.44 1.41
0.09 0.38
0.88 1.06
-0.34 -1.18
-0.38 -0.44
0.58 -1.37
-1.45 -1.68
-0.60 0.61
0.14 0.07
-0.47 -1.39
0.50 -0.26
-0.38 -0.04
0.25 0.90
1.11 -0.16
-0.65 -1.25
-0.44 0.36
0.41 0.39
1.45 0.54
-1.56 -1.82
-0.59 -0.24
0.93 -0.21
1.96 1.84
0.77 0.31
