1.12 -1.21
0.60 0.85
0.56 -1.67
-1.86 1.42
1.30 -0.26
0.56 0.01
0.04 0.31
-0.54 -0.61
0.32 -1.19
-0.62 1.29
0.18 1.02
-0.30 -1.41
-0.60 -0.15
0.94 0.27
0.33 -0.07
1.68 -0.07
-0.48 -0.63
0.38 0.18
-1.36 -0.00
-0.44 -0.47
-0.07 -0.08
0.91 -0.83
-1.09 -0.06
-0.72 0.53
1.29 -0.56
0.87 1.16
-0.34 -0.79
-0.74 -1.39
1.37 0.92
-0.15 0.28
1.12 0.84
0.30 -0.49
0.71 -2.33
-0.62 -0.37
-0.39 -0.51
-2.39 0.39
-1.15 -0.51
-1.72 1.22
0.02 0.58
0.43 0.95
-0.15 0.91
1.52 -0.26
1.95 -0.52
0.75 -0.71
-0.79 -1.91
0.55 -0.28
-1.35 1.85
0.57 -2.28
-0.20 1.22
-0.32 -1.71
-0.10 0.45
0.15 -0.24
-0.95 -1.42
0.95 -1.45
0.34 0.60
-0.19 1.04
0.09 0.78
3.09 -1.93
-0.38 -0.60
0.37 0.70
1.89 -0.88
-0.19 1.56
-1.29 0.66
1.06 -1.50
0.65 -0.27
-0.83 -1.13
1.43 0.55
0.03 1.29
0.72 -0.02
-1.36 1.22
-0.32 -1.46
1.92 -0.40
2.46 -0.43
-0.14 2.35
-1.52 -0.33
-0.80 1.25
1.50 -1.30
0.28 0.89
0.40 0.38
0.18 0.95
0.72 -0.75
1.87 -0.60
-1.62 1.37
0.22 -0.50
-0.11 -0.70
-0.46 1.20
0.23 -0.95
0.26 -0.62
-0.70 0.65
-0.04 -0.45
