2.11 -0.06
2.37 -1.90
-0.00 -0.01
0.27 -0.33
1.23 -0.86
1.19 1.07
1.55 -1.32
0.30 1.16
-1.39 0.37
-1.33 -0.81
0.96 -0.14
-1.74 0.98
-0.03 -0.42
0.05 -1.46
-0.45 -0.36
0.49 -1.73
0.62 0.31
-0.22 -1.20
1.60 -2.01
0.71 -1.13
-0.43 -0.27
1.27 -1.08
-0.54 0.65
-0.22 0.47
0.71 0.35
0.14 -1.61
0.67 -0.69
0.96 -0.17
-1.69 2.40
0.40 -1.52
-0.98 1.42
-0.13 0.44
-0.56 0.05
-1.52 1.00
-3.41 -0.40
0.08 1.00
0.03 -0.37
1.00 -1.64
-0.71 0.08
-1.28 1.32
1.73 0.43
-0.25 -0.22
0.12 0.99
-0.12 1.42
0.78 -0.99
-0.08 -0.94
0.20 0.68
-0.43 0.86
0.15 0.45
0.18 -0.90
0.14 1.74
-0.38 -1.50
-1.14 1.83
-0.33 -0.06
0.15 1.05
-0.85 0.97
-0.60 -0.64
1.03 -1.02
0.61 0.14
-0.77 0.41
-1.13 0.37
-0.32 0.74
-0.79 0.70
-0.03 -0.93
0.05 0.42
-1.26 0.74
-0.65 1.30
-0.85 0.92
0.08 0.58
1.72 -0.12
-1.59 -0.07
0.68 -1.11
-1.50 -0.49
-1.16 0.51
1.18 -1.00
0.06 1.41
0.00 1.51
-0.70 -0.08
1.45 -1.12
0.98 -0.32
-0.00 -0.32
0.57 -1.44
1.49 -1.74
0.52 -1.26
1.68 -1.02
-0.06 -0.69
0.36 -0.89
-0.21 -0.51
1.21 -0.60
-0.70 0.27
-0.47 0.43
1.32 -0.53
1.10 -0.46
0.38 -1.51
0.30 0.10
0.73 0.43
0.78 -2.07
1.05 -1.07
-2.41 2.03
-0.78 0.24
