0.02 0.02
1.67 1.67
1.93 1.93
0.69 0.69
0.21 0.21
-0.49 -0.49
2.02 2.02
0.63 0.63
0.36 0.36
0.96 0.96
0.66 0.66
-0.83 -0.83
-1.12 -1.12
-0.18 -0.18
0.63 0.63
-1.35 -1.35
-0.52 -0.52
-0.04 -0.04
-1.29 -1.29
-0.24 -0.24
0.65 0.65
-0.20 -0.20
-0.47 -0.47
-0.93 -0.93
-0.04 -0.04
-0.76 -0.76
0.43 0.43
1.67 1.67
-1.41 -1.41
0.32 0.32
-0.47 -0.47
-1.44 -1.44
-0.86 -0.86
0.15 0.15
0.23 0.23
0.17 0.17
-0.55 -0.55
-0.94 -0.94
-0.38 -0.38
0.75 0.75
-0.38 -0.38
0.05 0.05
3.61 3.61
0.30 0.30
-0.69 -0.69
0.85 0.85
0.17 0.17
-1.25 -1.25
-0.47 -0.47
1.54 1.54
