1.14 -2.84
0.10 1.36
-0.04 0.67
0.07 -1.06
-0.12 -0.47
-0.20 0.15
0.15 0.12
0.32 -0.44
-0.90 1.38
-0.25 -1.17
-1.20 -0.28
-1.00 -2.06
-0.28 -0.74
0.60 1.60
1.17 0.52
1.41 1.14
-0.41 0.17
-0.76 -0.40
-1.15 -0.87
-0.37 0.04
0.33 -0.35
0.11 0.27
0.69 0.91
0.89 -0.92
-0.03 -0.87
-0.61 -1.12
0.06 -0.73
0.74 0.27
1.78 1.55
-0.76 -1.01
1.11 1.33
1.53 1.48
-0.70 0.92
-0.07 -0.17
0.45 0.76
-1.37 -0.40
-0.54 -0.55
0.09 -0.41
-0.30 0.45
-1.98 -1.15
-1.21 -1.72
1.24 0.23
0.20 1.25
0.94 -0.41
1.39 1.27
-0.33 -0.45
0.88 0.78
0.16 0.84
-1.44 1.11
-0.01 -1.30
0.42 0.27
0.14 1.18
-0.07 -1.24
-0.07 -1.01
-0.90 -0.55
-0.62 0.85
2.02 1.97
-1.01 0.16
0.65 -1.51
-0.41 -1.05
-2.22 -0.77
-2.38 -2.70
0.33 1.16
0.01 -0.25
-0.59 -0.95
-2.34 -0.80
-0.26 1.49
1.68 -1.64
0.95 0.33
-0.06 0.43
-0.45 -0.06
-1.12 -0.56
-1.24 -0.95
-0.79 -0.46
1.38 0.47
-2.02 1.00
1.75 1.11
0.02 -0.67
0.08 0.08
0.07 -0.02
-2.06 -0.20
-1.79 0.26
0.33 -0.18
-0.59 0.01
-1.42 -0.30
-0.50 -0.87
-1.62 -1.97
0.30 0.23
0.77 0.22
-1.53 -1.45
