1.06 -0.82
-0.10 -0.56
0.32 0.42
1.34 -0.54
-0.61 0.90
-0.69 -0.11
0.32 -0.55
1.46 -1.23
0.55 -0.71
-0.40 0.22
0.47 -0.53
-1.31 1.25
-1.80 1.22
-2.00 2.25
1.27 -1.63
0.87 -1.30
0.67 -1.08
0.31 0.31
-0.64 0.55
-0.57 0.38
-0.87 0.04
0.67 1.01
2.16 -2.31
-0.59 -0.17
-0.54 -0.40
1.66 -1.87
0.15 0.37
1.81 -1.42
-0.01 0.18
-1.02 0.14
0.89 -1.32
-0.54 0.60
-0.26 0.48
1.72 -0.40
0.20 -0.07
-0.29 -0.78
0.56 0.17
1.25 -0.25
1.78 -1.53
-0.37 1.00
0.04 -0.02
-0.18 -0.69
-1.02 1.96
0.50 -1.20
-1.27 0.40
1.40 -1.52
-1.78 1.42
0.32 0.10
-0.34 0.18
-0.37 1.60
