1.98 -1.65
-0.22 0.28
1.44 -0.16
1.39 -1.63
0.00 -0.67
0.51 0.58
0.84 -1.53
0.48 0.62
-1.04 1.27
0.37 0.27
-1.83 2.04
-0.43 0.52
-0.40 0.41
-0.13 0.08
0.64 -0.77
1.03 -0.42
-0.59 0.82
0.14 1.49
-1.32 -0.90
1.30 -0.85
-0.83 -0.22
-0.22 1.22
-0.87 1.34
1.18 0.78
1.23 0.26
-0.39 -1.38
1.34 -1.45
0.89 -0.12
0.59 -0.12
0.57 0.94
-0.14 -1.25
-0.43 1.54
-0.12 0.46
0.99 -0.53
-0.66 0.54
-1.55 0.17
0.74 0.89
0.87 0.09
0.08 0.34
0.66 -0.59
-0.40 -1.42
1.35 0.67
0.79 -0.90
-0.40 0.46
1.21 1.70
0.11 -0.82
-1.66 -0.12
1.23 -1.10
-1.78 2.37
-0.51 -0.32
-0.19 1.04
0.22 -0.51
-1.40 -0.00
-1.74 1.08
-0.67 0.99
-0.67 1.11
1.08 -0.54
-1.01 0.24
-1.04 -0.13
-0.48 -0.99
-0.19 1.17
-0.37 -1.36
1.99 -1.30
0.72 -0.88
-0.51 -0.72
0.94 -1.90
-0.87 0.25
0.04 0.42
-0.58 -0.85
-0.96 -0.76
1.28 -2.29
-0.63 0.35
-1.01 0.01
-0.67 -0.74
1.58 -0.14
1.71 -0.64
0.92 -0.42
0.23 -0.21
-1.06 1.04
-0.43 -0.46
-0.39 -0.25
-0.86 0.22
1.03 1.77
-0.85 0.95
0.03 -0.78
2.48 -2.72
-0.27 0.11
-0.18 0.46
-1.29 0.61
-2.29 1.43
-0.17 0.46
-0.17 -0.19
0.71 -1.40
1.51 -1.32
0.86 -0.61
-0.08 -0.85
0.53 0.07
-1.51 1.81
2.08 -1.54
0.81 -0.46
