1.74 0.88
0.21 0.21
0.90 -0.39
0.42 -0.83
1.47 0.99
0.64 0.87
-0.40 -0.78
-0.99 -1.56
0.22 0.47
-0.13 0.61
0.03 1.19
0.77 -0.80
1.89 1.25
0.15 1.17
-1.46 -2.99
-0.19 0.70
-0.34 -0.05
0.75 0.75
0.43 -1.18
-1.41 -0.37
1.66 1.15
2.33 2.14
1.06 -0.23
-1.15 -1.00
1.16 -0.32
-0.83 -2.36
-1.52 -0.07
0.33 0.30
-1.08 0.28
1.22 -0.04
0.44 -0.87
-0.74 -0.57
-0.93 0.01
0.36 0.76
-1.71 -1.18
0.21 0.07
-1.99 -0.83
-0.61 -0.64
-2.11 -0.98
-0.35 -1.09
-0.09 -1.22
-1.55 -1.28
-0.77 0.00
0.02 0.50
-0.01 -0.97
1.03 1.22
-1.69 -0.65
2.14 0.77
0.64 0.81
0.74 0.86
-0.82 -1.53
0.34 1.15
-1.94 0.34
-0.70 -0.73
1.10 0.96
1.04 -0.01
-0.23 -1.36
-0.01 -0.53
0.54 -0.71
-0.77 -0.75
1.09 0.08
-0.47 -1.30
-0.05 0.08
-2.26 -0.03
0.10 -1.67
0.19 0.77
0.65 0.29
0.54 -0.30
-0.96 -0.42
0.09 0.36
1.24 1.06
-0.62 0.61
-1.32 -1.81
-1.75 0.01
-1.16 0.37
-0.24 0.07
0.09 2.89
0.04 0.50
-0.16 -0.67
0.05 -2.38
-0.01 0.48
-0.49 0.24
0.78 0.30
0.28 1.07
-0.52 0.90
-0.66 -0.96
0.07 -0.56
1.63 1.40
-0.65 -0.20
0.23 0.68
