0.40 0.56
0.95 -0.32
0.93 0.20
-0.25 0.39
1.25 0.40
0.30 0.61
-1.27 -0.72
-1.30 -0.24
-1.94 1.78
-0.77 0.32
-0.43 0.34
-0.03 0.57
-2.02 0.48
0.38 1.07
0.72 -1.29
-0.56 0.63
-1.70 -0.06
0.53 1.10
0.47 -0.26
0.88 0.15
0.63 -0.51
0.02 0.02
0.27 -1.66
0.74 0.35
0.14 0.72
-0.65 -0.40
-0.13 0.64
0.28 -0.52
-0.92 2.43
-0.80 0.54
-1.10 -0.11
0.29 -0.24
1.07 -1.30
1.00 -0.30
0.06 0.97
0.55 0.96
0.83 -1.72
1.08 -1.09
2.24 -1.01
-1.50 0.29
-0.28 -0.76
-0.69 -0.94
-0.30 1.52
0.84 0.87
-1.55 -1.00
-1.34 0.50
0.19 1.54
-0.33 -1.34
2.24 -0.46
0.95 -0.68
-1.11 1.02
-1.64 0.64
-0.94 0.08
0.53 -0.24
1.12 -0.87
0.93 -0.43
0.34 -0.67
0.88 -1.05
0.07 -1.09
1.06 2.82
1.31 -1.67
-1.58 -0.52
0.26 -0.17
0.71 1.48
-0.30 -2.09
0.81 -1.13
1.70 -1.40
-0.10 -1.57
-0.03 -0.13
-1.04 0.88
-0.52 -0.95
1.85 -0.37
-2.03 1.08
-1.22 0.60
-0.34 -1.24
-1.77 -0.88
-0.70 0.57
0.57 0.46
0.32 -0.06
-2.03 2.06
0.58 0.81
0.60 -0.24
0.07 -0.87
-0.89 0.80
1.48 -1.62
-0.02 2.02
0.18 0.01
-1.16 1.03
0.41 -0.72
0.51 0.48
