0.73 0.44
-0.40 0.66
1.19 1.48
-0.18 0.13
-1.25 -1.67
1.09 0.06
-0.48 -0.02
-0.14 0.72
0.70 1.03
1.05 1.09
0.29 -0.84
-0.53 -1.25
-0.70 -0.45
1.86 1.59
-0.22 -0.01
1.45 0.95
0.26 -0.30
1.68 1.04
-0.37 -0.66
0.47 -0.50
-0.98 -1.44
-0.87 -0.75
-0.14 0.65
-0.08 0.18
0.06 -0.07
-2.87 -2.11
0.85 1.61
1.13 1.40
1.11 1.22
-0.75 -0.84
1.13 0.34
-0.93 0.17
-0.60 -1.55
0.38 0.51
-0.43 -1.78
0.67 1.12
0.89 0.02
-2.85 -1.52
-0.44 0.12
1.82 1.66
-0.11 -1.24
-0.62 -1.96
0.32 -0.30
0.46 0.99
0.18 0.10
1.65 1.27
0.42 0.18
0.10 -0.21
-0.47 -0.04
0.50 0.64
-0.87 0.26
0.14 -0.95
-1.29 -2.49
0.60 -0.50
-0.72 0.36
-0.70 -1.49
1.40 0.88
0.01 0.75
-1.74 -0.71
1.79 0.59
0.16 -0.46
1.19 -0.52
-0.56 0.39
0.18 0.35
-0.42 -2.28
-1.66 -2.23
-0.28 -0.38
-0.66 -0.24
0.10 -0.61
0.62 0.64
0.50 -0.63
1.06 0.24
0.45 1.56
-1.40 -0.15
-0.77 -1.32
-0.72 -0.71
-0.59 0.18
0.17 0.85
-0.74 0.68
-0.41 -0.94
0.69 -0.32
0.42 0.45
1.04 0.28
-1.57 -2.28
0.06 -0.19
1.46 0.44
1.43 0.98
0.27 -0.17
-2.80 -1.31
-0.54 -0.02
