1.19 1.19
-1.48 -1.48
-1.53 -1.53
-0.80 -0.80
-1.41 -1.41
-0.83 -0.83
-0.41 -0.41
-0.17 -0.17
1.45 1.45
-0.46 -0.46
0.53 0.53
-0.76 -0.76
0.42 0.42
-2.60 -2.60
-0.43 -0.43
-0.60 -0.60
-1.24 -1.24
0.49 0.49
0.25 0.25
0.24 0.24
1.39 1.39
1.60 1.60
1.27 1.27
2.73 2.73
-0.58 -0.58
0.60 0.60
-0.74 -0.74
0.15 0.15
-0.35 -0.35
0.07 0.07
-0.02 -0.02
-0.96 -0.96
-0.85 -0.85
-0.38 -0.38
-0.61 -0.61
-0.10 -0.10
0.11 0.11
2.02 2.02
-0.48 -0.48
-0.08 -0.08
-1.04 -1.04
0.62 0.62
0.98 0.98
-0.46 -0.46
-0.16 -0.16
0.37 0.37
-0.20 -0.20
1.32 1.32
-0.21 -0.21
1.41 1.41
