0.34 0.27
-0.61 -0.23
1.97 1.87
0.14 0.08
1.03 0.34
-0.14 -0.59
-1.06 -1.28
-1.84 -1.94
-0.14 -0.06
0.08 -1.00
-0.19 -0.89
-3.07 -2.82
-0.51 -1.39
0.13 -0.39
-0.97 -1.52
0.70 -0.42
-1.72 -0.18
0.32 -1.25
0.02 -0.51
-0.44 0.52
0.04 -0.50
-1.08 -0.11
-0.47 -1.17
-1.08 -0.90
-0.50 0.31
-1.25 -0.39
0.46 0.74
-1.73 -1.66
-1.28 -1.18
-0.59 -1.16
-0.15 0.21
-1.10 -1.49
-0.02 -1.11
-0.53 0.00
0.83 1.08
-0.20 -0.80
1.55 -0.29
-1.44 -0.43
1.34 0.71
1.32 -0.29
-0.94 -0.09
0.26 0.68
0.80 1.58
-0.99 -0.83
-0.58 -1.05
0.46 1.48
0.41 -1.47
1.43 1.51
1.20 1.16
0.77 1.16
