-1.10 -1.10
2.62 2.62
0.06 0.06
-1.22 -1.22
-0.15 -0.15
-1.40 -1.40
-0.42 -0.42
-1.32 -1.32
-1.29 -1.29
0.70 0.70
0.92 0.92
0.87 0.87
-0.60 -0.60
-0.24 -0.24
-0.62 -0.62
-1.84 -1.84
-1.21 -1.21
-0.34 -0.34
-0.92 -0.92
-0.77 -0.77
0.17 0.17
0.18 0.18
-1.87 -1.87
0.23 0.23
-0.58 -0.58
0.41 0.41
0.13 0.13
0.19 0.19
1.23 1.23
-0.28 -0.28
0.76 0.76
-3.49 -3.49
-0.19 -0.19
-1.79 -1.79
-0.71 -0.71
-1.41 -1.41
-0.58 -0.58
1.26 1.26
-1.25 -1.25
-0.25 -0.25
0.49 0.49
-0.78 -0.78
-0.46 -0.46
-0.08 -0.08
-1.29 -1.29
0.54 0.54
-1.01 -1.01
0.29 0.29
-0.92 -0.92
0.30 0.30
