-0.30 -1.06
-1.72 0.98
-0.04 -0.63
-0.58 -0.66
-0.08 0.76
-0.88 0.60
-0.75 -0.53
-0.94 0.41
0.29 0.16
-0.45 -0.01
1.25 0.60
1.32 -1.22
1.41 -0.49
0.60 -1.39
0.63 -0.61
-0.11 -1.11
0.71 0.13
0.20 -0.86
-1.01 2.90
-0.22 1.26
-1.57 1.14
-0.91 0.15
-1.72 0.71
0.68 1.67
0.00 -0.81
-0.08 -0.84
0.99 0.12
0.45 0.10
-0.93 0.02
-1.01 0.91
-0.79 1.72
-1.66 1.20
1.11 -2.35
0.16 0.11
-0.42 1.56
-1.35 0.47
-1.24 -0.12
-2.06 -0.12
-0.37 0.19
0.54 -1.19
1.12 -1.02
0.30 -0.01
0.51 -1.02
0.10 0.42
0.36 -0.33
-0.53 -1.21
0.29 0.85
-0.16 0.81
0.72 -1.30
1.01 0.24
-1.39 -0.69
2.13 -1.12
0.82 -1.93
0.66 -0.60
0.79 1.05
0.60 -1.22
-0.55 0.60
-1.17 0.51
-1.50 1.69
-1.28 1.48
0.13 -0.82
0.74 1.25
0.75 1.20
-1.40 0.63
0.42 -1.26
0.79 0.28
0.49 -0.26
-1.04 1.16
3.19 -0.79
-2.31 -0.74
-0.67 1.83
-0.48 -0.41
-0.25 -0.05
-0.12 -0.08
-0.98 1.39
-0.86 0.40
-0.52 0.61
-2.26 -0.82
2.56 -1.35
0.45 -0.20
-0.62 0.97
0.89 0.57
0.51 0.31
0.56 -0.14
-0.73 0.69
-0.17 1.00
-1.14 1.27
0.02 -0.47
1.06 0.31
0.68 -2.50
-0.15 -0.13
0.53 0.85
-1.10 0.67
1.16 -1.81
-0.17 0.20
0.75 -1.08
0.46 -1.30
-0.23 0.02
1.27 1.42
0.66 -0.42
