0.00 -0.11
0.38 -0.02
1.15 -0.34
0.34 -0.27
0.64 -1.43
-0.27 -0.77
0.36 -0.17
0.71 -0.93
-0.23 0.01
1.81 0.06
-0.34 0.81
-0.11 -1.45
-0.02 -0.57
-0.48 0.52
1.69 -1.89
1.17 -0.88
0.41 -0.50
-3.05 1.03
-1.64 -0.23
1.38 -1.29
-0.61 1.16
0.87 -0.21
-0.37 -1.59
0.09 -0.65
1.24 0.87
1.76 -1.78
-1.50 -0.13
0.59 -0.14
-0.61 -1.56
-1.10 -1.45
0.20 1.66
-0.14 1.41
1.55 0.32
-0.23 -0.41
0.55 0.32
-0.02 0.13
0.66 -1.17
-1.62 1.48
1.13 1.14
0.06 -0.51
0.99 1.30
0.96 -1.50
1.08 0.52
-1.01 0.67
0.71 0.56
0.04 1.89
0.44 0.28
0.23 0.55
-2.12 1.93
0.14 -0.26
