-0.64 -0.52
1.56 1.60
0.59 1.10
-1.00 -1.19
0.29 -0.16
-0.80 -0.30
-0.34 -0.61
-1.67 -2.01
0.54 0.63
-0.48 -0.25
0.72 0.65
2.51 2.27
0.20 0.43
-0.15 0.13
1.07 1.07
1.71 1.32
-0.79 0.00
-1.25 -0.29
-1.07 -1.48
-1.05 -1.55
1.22 1.52
0.35 0.46
-0.34 -0.30
0.17 -0.14
-0.62 -0.17
0.44 0.62
0.80 0.45
1.48 1.85
-0.28 -0.21
0.93 -0.13
1.28 0.58
0.79 1.88
-1.32 -1.09
-0.23 -0.37
-0.81 -1.67
0.17 1.00
-1.40 -1.91
0.23 0.60
0.37 0.08
0.65 -0.14
0.41 -0.15
-0.23 0.28
-1.53 -1.25
0.54 0.80
-0.73 -0.19
0.42 0.96
0.52 0.66
-1.30 -2.22
-0.63 -0.36
-0.44 -0.70
0.24 0.06
0.42 -0.06
-0.93 -0.85
0.51 0.61
-0.69 -0.59
0.52 0.28
0.71 0.81
-1.15 -1.32
1.00 1.44
-0.98 -0.91
0.81 0.83
-2.13 -1.29
-3.09 -2.36
1.20 0.98
-1.48 -1.80
1.25 1.81
0.09 0.73
-0.53 -1.18
-2.60 -1.60
-0.65 -0.18
-0.87 -0.88
-0.92 -0.55
-1.11 -1.15
1.74 1.60
-0.52 0.21
-0.61 -0.17
0.79 0.79
1.86 1.49
1.94 1.44
-0.20 -0.19
0.16 -0.19
0.09 0.59
1.22 0.94
-0.38 -0.22
-0.59 -0.46
-1.26 -1.66
-1.17 -0.52
-0.57 -1.02
0.65 0.51
-0.20 -0.95
-0.69 -0.47
-0.94 -0.96
-0.59 -0.04
-0.76 -0.62
0.32 0.91
-0.83 -0.71
-0.21 -0.46
-0.23 -0.10
-1.15 -1.11
0.03 -0.03
