-1.61 -0.78
1.97 -0.56
0.69 0.41
-1.06 -1.08
0.19 -1.10
-1.06 0.17
-0.39 0.09
1.12 -1.75
0.66 0.41
-1.21 -0.46
1.73 0.49
0.59 0.15
-0.14 -0.55
1.20 -0.05
2.23 1.90
1.45 0.14
-0.59 0.77
-0.31 -0.37
0.73 -0.56
0.45 0.18
1.76 0.28
-0.45 1.04
-1.13 -0.79
2.03 -0.97
-2.07 -0.14
0.79 0.30
0.05 0.43
-0.39 0.18
0.48 -0.00
-0.95 1.48
-0.91 -1.12
-0.65 0.98
-0.09 -0.53
-0.79 -0.49
0.92 2.11
-0.59 -1.27
1.56 -0.87
-0.48 0.30
-0.12 -1.56
-1.14 -0.13
-0.68 -1.02
1.34 -0.33
-1.82 -0.73
0.90 2.31
1.04 0.62
-1.16 -2.51
0.19 0.06
0.75 1.35
-0.77 -0.73
-0.21 -2.13
-1.46 -1.03
-2.09 0.57
0.11 -1.89
0.48 1.53
0.05 -1.45
0.98 -0.90
0.65 1.81
0.29 -0.27
-0.61 -0.78
-0.39 1.11
-1.08 0.04
-0.22 -0.53
-1.35 1.48
-0.05 0.43
1.15 0.84
0.80 -1.30
-0.26 -0.32
-0.60 -2.18
1.17 0.26
-1.12 -0.38
-0.27 -1.06
-1.28 0.05
-1.04 -1.11
-0.97 0.76
0.47 0.76
-1.06 -0.63
0.42 1.95
0.88 0.48
-0.27 -0.97
-0.77 -0.03
-0.34 0.60
0.32 0.81
-0.08 -1.50
0.39 0.83
1.17 1.01
2.34 -1.00
-0.67 0.12
0.84 -0.25
0.41 -0.13
0.68 0.32
