-1.27 -2.00
-0.55 0.15
1.08 0.32
0.84 0.73
-0.09 0.02
-0.52 0.85
0.63 1.15
1.52 0.60
0.92 0.85
1.10 -0.97
-0.81 0.38
0.70 0.36
-0.32 -0.04
0.42 -0.16
1.15 -0.13
-0.18 1.35
0.30 -1.52
-0.39 -0.03
0.51 -1.54
0.39 0.66
1.40 0.80
-0.58 0.37
1.14 0.69
-1.18 -1.01
-2.10 0.02
-0.31 1.70
-0.96 0.08
0.73 -0.02
-0.38 0.00
0.45 -0.24
-0.41 -1.71
-0.01 -0.67
-0.98 -0.35
-1.98 0.10
0.08 -0.38
0.79 1.52
-1.29 -1.44
-1.39 0.38
-0.48 0.13
-2.39 -1.55
-0.30 1.09
0.27 0.69
-1.75 -2.87
-2.09 -0.95
-0.53 0.32
-1.08 1.21
0.03 1.13
-0.25 -1.51
0.37 1.38
0.48 0.50
-0.02 -0.55
-1.75 -0.12
0.79 1.29
1.31 0.36
0.59 -1.32
0.53 -0.56
0.04 0.42
2.14 2.01
-0.26 1.25
-2.41 -3.17
0.51 0.20
0.08 0.73
-0.77 0.31
0.24 1.11
0.48 0.20
0.30 0.91
-1.88 0.68
0.21 0.11
-0.69 -0.84
-0.13 0.73
0.52 0.18
1.85 -0.71
-1.02 0.52
0.44 1.32
1.17 1.51
2.44 1.20
0.26 -0.03
-0.16 -0.46
-0.73 -1.18
0.86 0.53
0.81 -0.15
-1.83 0.27
-1.20 -0.08
-1.05 -0.13
0.49 -1.11
0.06 -1.63
-0.00 -0.16
-0.37 -0.86
-0.01 1.72
0.84 0.81
-1.31 0.60
-0.27 0.25
-1.16 -0.34
0.91 2.36
-0.21 0.23
-1.17 -1.24
0.89 -0.77
0.55 0.96
1.37 0.72
-1.01 -0.02
