-0.55 1.02
1.39 -0.33
-0.93 0.32
-0.29 1.03
-0.35 -0.57
-0.92 0.55
1.12 -1.62
-1.04 1.29
0.07 -0.18
-0.72 1.24
-2.30 -0.59
-0.68 -0.67
-1.12 1.05
0.27 0.20
-0.61 2.12
-0.38 0.32
0.84 -0.66
0.09 -1.32
1.32 -0.31
-0.90 -0.68
0.56 1.64
-2.31 2.94
1.12 0.11
-0.70 -0.81
0.25 0.13
-0.15 0.44
-1.52 0.32
-0.40 0.50
1.32 -0.56
-1.57 0.06
0.27 -0.53
-0.24 0.90
1.58 -0.44
0.01 0.65
0.43 -1.43
-0.36 -2.17
0.23 2.38
-0.29 0.31
-0.87 2.04
2.23 -0.39
-0.23 0.22
1.12 0.45
-0.06 0.21
-0.39 0.88
0.42 -0.76
-2.45 0.04
0.34 -0.38
0.31 0.28
-0.80 -0.01
-1.54 -0.43
