-1.01 0.37
-2.01 -2.46
-0.74 -0.69
-0.81 -0.18
-1.56 -0.36
-0.61 -0.85
0.43 0.04
0.52 0.65
0.91 0.73
0.01 -0.23
-1.57 -1.46
0.14 1.32
0.02 0.62
-0.15 -0.21
-1.49 -1.19
-0.25 -0.04
0.70 0.81
-1.01 -1.30
-1.07 -1.37
-0.51 -0.97
0.55 0.75
1.45 1.45
2.21 2.02
-0.78 -1.46
-0.78 -0.35
0.51 0.72
-0.08 -0.44
0.29 1.01
-0.03 -0.29
-0.73 -0.09
-3.29 -2.40
-1.87 -1.63
-1.02 -0.30
1.03 0.99
-1.16 -1.13
-0.49 -0.55
-0.68 -0.97
0.46 0.47
-0.12 -0.12
0.25 -0.01
-0.92 -0.68
-1.07 -1.19
0.22 0.00
-0.79 -0.90
-0.65 -0.62
-1.88 -1.29
0.03 0.10
1.70 2.02
-0.58 -0.51
0.52 0.95
