-0.92 -0.31
-1.58 1.28
-0.99 2.19
-1.63 0.83
-0.09 -0.78
1.01 -0.26
0.81 -0.95
0.29 -0.17
0.01 -0.32
-0.35 -0.20
-0.49 1.57
-2.12 0.30
1.26 1.37
0.29 -0.12
-0.42 -2.04
-0.26 -0.61
0.64 0.36
-1.76 0.91
0.45 -1.08
-1.30 -1.84
-0.55 -0.14
1.10 -0.13
-0.33 -0.10
1.89 0.50
-0.32 0.26
-1.96 0.74
0.28 -1.11
-0.13 -0.39
0.56 0.13
-2.10 1.49
1.58 -2.18
0.12 -0.12
-0.55 -1.13
-1.88 0.71
-0.33 -0.92
-0.27 -0.52
0.85 -1.44
1.37 -0.18
-0.05 1.36
-0.07 -1.45
1.14 -1.45
0.29 -0.74
-2.00 1.02
-0.28 0.29
-0.11 0.39
0.47 -0.25
0.55 -1.50
0.52 -0.02
0.60 -1.63
-0.72 -1.12
