0.54 -1.05
0.03 0.25
1.68 -2.32
0.73 -0.62
-0.06 -0.96
-0.93 -0.72
-0.89 -0.54
-0.55 0.62
-0.81 0.96
1.50 -1.27
1.79 -1.36
1.57 -1.11
0.87 -0.42
1.12 1.30
-0.37 -1.05
1.50 -0.86
0.28 0.28
-2.53 2.10
0.11 1.34
1.64 -1.38
2.03 -2.27
2.08 -0.87
-0.90 -0.02
-1.10 1.47
-1.90 1.08
-0.15 0.27
-0.01 -0.50
0.98 0.12
0.38 -0.38
0.62 -1.11
-1.34 0.94
0.18 -1.07
1.03 1.03
-0.54 0.79
0.98 0.18
0.43 -1.46
-0.43 -0.55
0.27 -0.20
0.20 0.34
-1.49 1.53
0.88 -0.70
1.52 -0.75
0.23 0.05
-0.32 -0.19
-0.62 -1.39
-1.43 -0.10
1.69 -0.22
-0.27 -0.36
-0.69 0.24
-2.23 1.16
-1.63 0.88
0.32 0.98
0.14 -1.08
-1.11 0.95
0.44 0.16
0.44 -0.24
-1.13 0.53
-0.51 2.65
0.15 0.64
-0.26 -0.63
-1.13 0.13
-0.15 0.50
-0.21 -0.68
0.00 -1.07
1.46 -0.17
-1.43 0.36
0.42 -0.76
0.13 1.47
1.07 -0.27
-1.16 -0.83
0.97 -0.83
-1.04 0.31
0.57 0.76
0.46 1.54
-1.43 1.00
1.33 0.04
-0.28 0.67
0.45 0.28
0.13 -0.21
0.15 -0.98
0.22 -0.13
0.58 -0.62
-0.68 -0.18
0.70 0.89
1.92 -1.21
-0.24 -0.90
0.13 -0.56
-0.32 2.92
-0.34 1.33
0.01 1.17
