1.48 -0.91
-1.70 1.77
-0.50 0.36
1.29 -0.78
-0.40 0.57
0.20 -1.79
0.06 1.51
-0.32 0.71
-1.89 -0.16
0.62 -0.87
0.21 0.14
-0.01 0.13
0.89 -0.69
1.01 -0.32
0.01 0.79
0.72 -1.41
-2.28 1.21
-0.70 -0.20
0.51 -0.85
-0.38 0.57
0.93 -1.74
1.01 -1.07
0.46 1.14
2.08 -1.20
-0.78 0.88
-0.37 -0.95
-0.14 0.32
0.75 -1.58
-0.98 -0.55
-0.23 0.44
0.23 1.02
-0.72 0.49
1.88 -0.80
-1.39 2.16
0.27 0.66
0.84 0.94
0.10 -0.02
-1.71 0.30
0.87 -0.72
-1.34 0.17
-0.67 0.03
0.93 0.36
0.11 -0.56
-0.20 -0.45
-1.21 0.88
-1.49 2.16
-0.01 0.19
-1.47 1.44
-0.46 2.06
1.39 -0.57
