1.28 -1.28
-0.61 0.61
0.29 -0.29
0.83 -0.83
0.51 -0.51
-0.33 0.33
-0.82 0.82
1.61 -1.61
-1.03 1.03
-0.22 0.22
-0.48 0.48
-0.17 0.17
-0.17 0.17
-1.43 1.43
-0.56 0.56
-0.59 0.59
0.33 -0.33
0.74 -0.74
-0.21 0.21
-0.05 0.05
1.31 -1.31
-1.38 1.38
2.12 -2.12
-1.67 1.67
-0.52 0.52
0.66 -0.66
-0.38 0.38
-0.35 0.35
-0.62 0.62
2.08 -2.08
-0.64 0.64
-1.14 1.14
1.58 -1.58
1.47 -1.47
-0.28 0.28
-0.85 0.85
0.90 -0.90
-1.78 1.78
-0.07 0.07
0.34 -0.34
-0.91 0.91
0.48 -0.48
1.48 -1.48
-0.94 0.94
-2.18 2.18
0.01 -0.01
-1.15 1.15
1.54 -1.54
-1.16 1.16
0.80 -0.80
1.09 -1.09
0.25 -0.25
-0.91 0.91
-0.95 0.95
-1.78 1.78
-0.65 0.65
0.02 -0.02
0.90 -0.90
0.27 -0.27
1.39 -1.39
0.00 -0.00
1.40 -1.40
0.51 -0.51
1.34 -1.34
-0.14 0.14
-0.06 0.06
-0.35 0.35
-0.52 0.52
-0.25 0.25
-0.12 0.12
-1.80 1.80
1.15 -1.15
0.49 -0.49
0.88 -0.88
-1.38 1.38
0.85 -0.85
-0.17 0.17
-0.53 0.53
-0.37 0.37
-0.17 0.17
1.71 -1.71
-0.28 0.28
-0.19 0.19
-0.23 0.23
-2.58 2.58
-0.89 0.89
-1.21 1.21
0.46 -0.46
-0.97 0.97
0.98 -0.98
