0.92 -0.51
1.16 -1.25
-1.40 1.53
0.12 -0.20
-1.74 2.01
-0.09 -0.02
0.10 1.14
-1.96 2.36
0.42 -0.58
-0.25 -0.02
0.96 -0.57
1.18 -0.75
0.31 -0.53
-0.80 1.07
0.06 -0.02
1.55 -1.97
-0.93 0.30
-1.31 1.26
1.31 -1.32
-0.08 0.61
1.56 -0.82
0.54 -0.58
1.00 -1.42
0.12 0.90
0.56 -0.42
0.50 0.02
0.21 0.09
-0.43 0.18
0.84 -1.50
-0.35 0.39
0.45 0.13
0.31 -1.05
-1.28 1.59
1.03 -0.62
2.03 -0.93
-0.04 -0.47
-1.68 1.53
0.81 -1.21
2.45 -1.93
-0.37 -0.66
-0.85 0.21
0.43 -0.72
-0.36 0.50
-1.21 0.59
-1.65 1.52
-0.60 0.33
-0.32 -0.45
-0.83 1.14
-0.62 0.20
-0.28 0.23
0.42 -0.43
1.15 -0.72
-0.29 -0.21
0.91 -0.88
0.12 0.13
0.00 0.77
-1.25 1.13
-0.51 0.54
1.58 -1.77
-1.09 1.13
-0.47 -0.37
1.00 -0.50
0.56 -0.63
1.83 -1.74
-0.15 0.89
-0.52 0.42
1.18 -1.22
-1.24 1.01
0.99 -0.87
0.91 -0.43
-0.20 -0.33
-0.38 0.70
-1.79 2.09
-0.00 0.18
-0.73 1.01
-1.14 1.07
0.19 0.17
0.90 -0.62
-0.20 0.95
-0.89 1.12
-2.05 1.39
-0.13 -0.20
-0.09 0.57
0.15 0.23
-0.07 0.03
0.74 -0.83
-0.32 0.51
0.53 -0.13
-0.94 0.85
2.08 -1.33
0.64 -0.40
-0.43 1.49
1.26 -0.45
-1.65 2.21
0.77 -0.43
1.85 -2.14
-1.25 1.49
0.11 0.16
1.48 -0.82
1.61 -1.70
