-1.09 -0.71
0.66 0.99
2.49 1.57
-0.44 -0.72
-0.21 -0.81
-1.20 -1.61
0.42 -0.20
-0.74 -1.06
-0.53 -0.48
-1.37 -0.76
0.15 0.41
0.41 -0.33
0.41 0.03
1.45 1.35
-0.40 -0.04
-1.60 -1.10
-0.04 1.18
1.40 1.42
0.91 1.49
-0.14 0.61
0.44 0.59
0.93 0.03
-0.50 0.31
-0.26 -0.97
0.23 -0.15
-0.10 -0.35
0.48 -0.55
-0.52 -0.17
-0.28 -0.06
-1.25 -2.13
0.54 -0.08
-0.14 0.07
-0.82 0.02
1.71 1.01
0.14 -0.35
0.04 -0.52
-0.24 0.15
-0.22 0.14
-2.38 -1.58
0.41 0.67
-0.78 -0.62
0.28 0.44
0.94 0.98
1.17 -0.07
0.52 -0.17
-1.72 -1.42
-0.59 -1.01
1.32 0.25
-0.34 -1.06
0.14 -0.23
0.40 -0.14
0.27 -0.74
-0.06 -0.37
-0.39 -0.62
-0.12 -0.14
0.03 0.50
0.11 0.48
0.51 -0.27
0.19 0.50
0.69 0.58
1.70 0.61
-1.45 -1.11
0.28 -0.19
0.92 1.74
-1.57 -1.11
1.70 1.75
-1.12 -1.72
1.01 0.71
0.20 -0.35
1.39 1.82
-0.40 0.88
-0.41 -1.12
-3.79 -2.52
1.03 0.84
1.22 1.42
-3.07 -2.80
-1.58 -1.63
0.02 -0.30
0.25 1.04
0.09 1.53
0.30 0.48
-1.45 -1.55
0.71 0.64
-0.62 -0.49
0.18 -0.29
0.05 0.24
1.37 0.77
-0.08 -0.15
-0.29 -0.28
0.45 0.57
1.03 1.51
0.34 0.25
-0.73 -0.35
-0.90 -2.71
0.11 0.70
0.81 0.51
-0.07 0.83
-1.03 0.37
1.55 1.65
0.12 1.60
