1.03 -0.07
1.55 -0.81
0.76 0.50
-0.25 1.40
-1.06 0.52
0.84 -0.71
-0.87 0.98
-0.40 2.35
-2.33 2.09
0.39 -0.03
0.12 0.31
-0.73 -1.19
0.45 0.61
1.09 -1.38
0.49 -0.63
1.51 0.10
1.03 1.55
0.99 0.36
0.22 -2.25
-1.35 0.87
-0.06 -0.51
0.22 -0.32
-2.00 0.85
-2.51 0.80
-0.57 -1.58
0.04 -1.17
-0.49 -0.08
2.32 -1.35
1.87 -1.64
-0.13 -0.03
-0.63 0.72
-0.08 0.14
-1.98 -0.11
-0.12 -1.41
-1.27 0.83
-0.20 0.37
0.08 -0.10
0.05 0.24
0.12 0.74
0.62 -0.55
0.53 -1.92
0.04 -0.37
-0.06 0.22
-1.24 -0.07
-0.27 -0.16
0.46 -0.07
-0.11 -1.77
0.90 0.50
0.13 1.11
0.20 0.24
