1.01 -0.77
0.12 -1.30
-1.17 1.73
-0.60 -0.54
-0.39 -0.33
0.93 -0.46
1.25 0.26
-0.58 0.77
-0.95 0.94
-0.67 0.14
-0.15 -0.11
-1.15 1.64
-0.20 -0.20
0.69 -0.53
1.19 -1.22
0.07 0.44
-0.51 1.67
-0.21 0.39
-0.19 1.42
2.02 -0.13
-1.11 2.18
-0.05 0.23
1.00 -0.87
-1.77 1.53
-1.22 1.90
0.95 -0.32
-2.56 1.92
-0.48 1.03
-1.31 0.24
0.76 -0.31
-0.43 1.34
-1.42 1.51
0.98 -0.99
-0.08 -0.14
0.93 -0.21
-0.03 -0.12
-0.91 1.12
-0.60 0.63
0.62 -1.12
1.96 -1.90
0.31 0.30
-0.20 0.05
1.12 -0.57
-0.35 -0.28
-1.19 1.71
-1.32 1.71
-0.90 0.93
-0.05 -0.08
-0.26 0.22
-2.28 1.84
