0.42 0.14
-0.69 0.98
0.61 1.05
1.28 -0.62
-0.43 0.19
-1.98 2.20
-0.22 -0.92
-1.61 0.74
0.79 -0.65
1.10 -0.58
-0.35 -1.04
-0.12 0.58
-0.35 0.61
-0.35 -0.69
0.08 1.27
0.88 1.02
1.66 -0.35
-0.96 0.62
0.92 -0.29
-0.60 -0.12
2.02 -0.95
1.38 -1.29
-0.55 0.71
-0.44 1.26
-1.60 2.13
-1.18 1.13
1.02 0.04
1.10 -1.13
-0.41 0.59
0.13 -0.08
-0.42 1.88
-0.56 1.93
0.48 -0.29
-1.40 1.88
-0.36 1.03
-0.83 1.68
-2.13 1.43
0.67 -1.04
0.01 -0.10
-0.99 0.76
-1.31 -0.01
1.03 -1.34
-1.06 1.32
1.11 0.08
-1.24 1.80
-0.93 -0.14
0.41 0.01
0.25 -0.13
0.14 -0.81
-1.93 1.93
