0.78 0.45
-2.08 -1.09
-1.88 1.56
-0.28 0.08
1.76 -0.70
-0.76 0.11
0.98 1.25
-0.01 0.36
-0.85 -1.63
-1.10 -0.17
-0.45 1.01
0.66 -0.53
-0.67 1.54
0.68 1.35
1.78 0.65
0.08 -1.82
0.68 0.89
0.97 0.50
1.88 -0.51
-1.07 -2.54
0.25 0.55
0.84 -0.46
-0.29 -0.29
-1.52 0.28
-0.96 -0.17
-0.04 0.96
-0.99 0.40
0.33 1.15
-1.20 0.62
-0.95 1.43
0.62 -0.46
-1.57 1.35
1.66 2.09
0.28 -0.53
2.04 -0.21
0.31 -0.46
-0.75 2.17
0.24 -0.66
-0.55 0.41
-0.82 -1.16
0.47 1.34
0.14 0.42
0.49 -0.43
0.07 -1.08
-0.24 1.28
1.26 -0.74
-0.09 0.81
0.08 -0.72
1.38 0.29
-1.01 0.07
