0.30 0.18
1.02 -1.53
-0.27 -0.76
-0.74 -0.03
0.36 0.86
1.35 0.44
0.77 -0.74
-1.38 0.52
-1.80 0.14
-0.15 0.90
-0.62 2.63
-1.14 0.15
-1.31 -0.98
-1.02 0.86
-1.57 0.28
-0.84 -0.70
0.40 0.92
-0.22 0.57
0.52 0.90
-0.73 0.20
0.72 0.38
1.19 -1.14
0.70 0.46
2.05 -0.46
-1.39 1.49
1.01 -2.14
0.08 0.60
-0.16 -1.07
-0.40 0.21
-2.09 -0.66
-0.90 -0.17
-0.46 -0.40
-0.57 -0.48
0.35 -0.26
-1.20 0.88
0.52 -1.08
0.36 -2.10
-0.27 -0.55
1.44 -1.15
0.17 0.67
1.46 0.28
0.97 -0.39
-0.13 -1.35
0.54 -0.74
0.95 -1.57
-0.66 0.34
-0.62 2.07
-0.51 0.35
1.15 -0.92
0.06 -1.02
-0.27 -1.22
-0.63 0.41
-0.70 0.71
-0.67 0.50
1.09 -0.85
-0.52 0.13
0.40 -1.93
1.34 0.77
0.86 0.09
0.93 -0.69
-0.17 -1.02
0.95 -0.23
-0.42 2.82
-0.09 0.32
0.36 -0.36
2.59 -0.94
-0.66 -0.33
-0.01 0.12
-1.55 -1.44
-1.42 -1.78
0.87 -1.46
0.40 -0.61
-0.76 0.69
-0.79 -1.15
-2.91 0.91
-0.08 0.39
0.09 1.49
-0.15 0.34
1.05 0.28
0.96 -0.40
-0.92 1.42
-0.14 -1.62
-1.62 0.23
-1.10 -1.01
1.67 0.93
-2.36 0.58
-0.72 -0.66
1.09 0.13
-1.10 0.52
-0.41 -1.03
-0.35 -1.08
0.50 0.40
0.14 0.71
1.20 0.26
1.42 -1.27
-0.45 1.21
-0.76 1.88
0.37 1.54
1.38 1.24
0.98 0.02
