-0.82 -0.52
-1.33 -0.63
-0.03 0.05
-0.06 0.10
0.42 0.29
1.13 0.85
0.59 -0.13
1.48 2.07
-0.95 -1.71
0.43 -0.46
0.88 0.41
-0.65 -1.92
0.49 0.26
-0.32 0.42
-0.10 0.39
0.54 1.72
1.10 1.12
-0.52 -1.25
0.36 -0.48
0.44 -0.92
0.34 0.26
-1.11 -1.14
-3.12 -1.71
-0.01 1.34
-0.08 0.49
-1.45 -1.20
0.04 -0.84
-0.43 0.48
1.25 0.87
-0.38 1.75
0.19 0.21
-1.21 -1.24
0.58 0.32
0.02 -0.59
-0.27 -0.78
-2.16 -1.80
-0.28 0.69
0.28 0.26
-1.01 -1.33
-0.41 -0.63
0.80 -0.19
-2.40 -1.79
-1.25 -0.18
-0.38 -1.76
-0.78 -0.41
0.18 0.04
1.80 1.64
-0.81 0.48
3.02 1.99
-0.33 -0.58
0.53 -0.31
-0.01 -0.66
0.27 0.03
-1.47 -0.75
0.99 1.56
-0.24 0.20
1.34 1.37
-1.64 -1.19
-2.17 -1.76
0.18 0.10
-0.68 0.23
-0.16 -0.25
0.01 -0.03
-0.23 -0.17
0.48 0.50
0.34 1.71
-1.10 -1.14
1.00 0.75
1.04 -0.20
-0.81 -1.50
-1.35 -0.54
0.46 0.82
-1.76 -1.24
0.01 -1.15
0.67 -0.01
-0.16 0.21
-0.69 -0.51
-2.05 -2.04
1.33 -0.90
-0.74 -0.89
0.07 -1.45
0.96 0.36
0.03 -1.02
0.16 1.90
0.00 -0.40
0.40 0.21
0.17 0.94
-0.96 -0.81
0.06 0.59
-1.96 -1.01
