0.28 0.18
0.62 0.47
-0.05 -1.43
2.20 2.51
0.51 0.38
0.30 0.53
0.07 -0.62
1.24 1.66
-0.01 0.31
1.61 0.35
-0.76 1.24
-1.47 -0.63
0.45 0.77
0.01 -0.31
0.39 2.57
-0.68 -0.55
-0.20 0.07
0.25 -0.08
1.66 1.11
0.21 0.77
-1.27 0.51
0.11 0.50
-1.11 -0.97
0.60 -0.60
-0.72 -1.86
-1.32 -0.40
-0.18 1.05
-0.28 0.79
-0.05 -1.42
0.77 -0.83
1.07 0.40
0.28 -0.07
-0.21 -0.15
-0.03 1.83
-1.55 -0.33
-2.86 -2.54
1.59 0.26
-1.11 0.24
-0.15 0.49
1.02 -0.02
-0.91 0.26
0.02 -0.47
-0.95 -0.26
0.45 0.30
-1.35 0.98
0.69 -1.71
-1.08 0.15
0.91 1.49
-1.43 0.69
1.62 0.12
