0.06 -0.61
0.72 -0.79
-1.10 -0.66
-0.39 -0.04
0.04 0.80
-0.03 1.08
1.12 -0.23
0.18 1.52
-0.50 1.23
-0.30 0.22
0.31 -0.49
-0.89 -1.32
0.91 1.52
-1.91 -0.61
0.56 0.26
-1.86 0.95
0.35 0.77
0.71 0.13
0.07 0.70
1.08 -1.03
-1.42 -1.06
0.55 0.91
-1.52 -0.02
1.59 0.64
0.86 0.96
-1.84 -1.20
-0.59 1.15
0.40 -0.36
-1.24 -0.49
-1.28 -0.23
0.12 -0.54
-0.50 0.26
-1.65 0.44
2.01 -1.52
0.21 0.35
-0.10 0.81
0.73 -1.04
-0.85 -1.18
1.31 0.15
0.79 0.56
-1.23 -0.32
0.90 -0.21
-0.50 1.28
-0.19 -0.83
-0.66 0.90
-0.47 1.67
-1.03 -1.36
0.81 0.53
0.62 -0.65
-0.26 0.84
-0.55 -1.17
-0.67 0.95
1.82 0.58
0.77 -1.49
1.10 -0.04
-0.57 -1.68
0.79 0.45
0.01 0.08
0.34 -0.92
0.95 0.42
2.85 2.65
-0.12 0.61
-1.81 -0.85
-0.80 -1.87
0.34 -0.59
0.87 0.29
1.39 0.07
-1.35 -0.19
1.73 1.14
1.17 -2.39
1.29 -1.69
0.57 0.51
1.30 -0.25
-2.02 -0.88
0.19 0.59
-0.10 1.01
1.01 0.79
-0.11 -0.70
0.44 1.83
-0.16 0.23
0.85 0.54
-0.24 1.40
0.59 -1.20
0.39 -0.32
-0.25 -0.05
0.23 1.19
-1.86 0.36
-0.73 -2.17
0.39 -1.23
-1.04 -1.85
