-2.28 -0.86
-1.18 -0.39
0.23 -0.46
0.05 -1.01
0.78 2.05
-0.85 0.25
0.64 1.41
1.18 -1.01
-0.20 1.60
-0.03 -0.12
1.37 2.93
-1.41 -1.74
-0.51 -0.26
0.97 1.02
-0.97 1.62
-1.28 -0.66
0.01 0.03
0.39 1.38
-1.69 -0.33
-0.25 -0.31
-0.06 -0.13
-0.21 -1.04
-2.58 0.11
-1.06 -0.62
1.49 0.65
0.06 -1.22
0.92 0.45
1.53 -0.30
1.03 0.56
-0.29 -0.22
0.20 0.59
0.14 0.68
1.00 0.71
0.95 1.27
-0.06 -0.14
0.60 -1.46
-0.49 0.77
1.39 2.14
-0.84 1.55
-1.45 -0.25
-0.96 -0.61
0.27 -1.64
0.12 -0.01
-0.88 -0.46
-0.19 -0.49
1.16 0.40
0.90 -0.73
-1.21 0.31
-0.43 -0.35
0.48 -0.35
-0.20 -0.37
-1.47 0.26
1.76 -0.18
-2.15 -1.62
-1.03 -0.77
0.18 -1.54
1.22 -0.27
-2.33 -2.05
-0.10 0.72
0.38 -1.16
1.86 2.63
-0.92 -1.33
-0.56 -0.19
-0.59 -0.44
0.96 0.47
-2.24 -0.10
-0.39 -0.93
0.57 0.23
-0.92 -0.33
-0.37 -0.58
0.70 0.84
0.16 1.24
1.18 1.31
1.73 1.18
-0.21 -0.83
-0.50 0.45
-0.16 1.08
0.85 -0.73
0.13 -0.45
-0.98 0.16
0.28 -0.54
-0.34 -1.10
1.32 1.73
0.60 -0.44
0.15 0.35
0.41 0.87
0.10 0.23
-0.02 -1.45
1.63 1.10
1.05 0.03
0.16 -0.05
-1.10 0.99
-1.75 -2.01
-0.24 0.83
1.08 -0.43
0.37 0.15
0.57 -1.19
-0.14 -1.07
0.05 -0.76
1.55 -0.53
