-1.15 -0.86
1.49 2.07
-0.18 0.97
0.04 0.10
-0.73 -1.39
0.23 -0.52
1.15 1.94
-1.94 -1.28
-1.12 -0.42
-1.10 -1.26
0.05 1.73
-0.05 -0.46
-0.75 0.72
1.06 0.02
-1.01 -0.90
0.42 0.10
-0.06 0.23
-0.72 -1.71
0.45 0.78
0.10 -0.88
-0.63 -0.91
-1.08 -0.82
0.55 1.15
-2.06 -0.51
0.18 -1.38
-0.45 0.23
0.49 0.77
0.75 0.20
-0.64 0.47
-1.42 -0.16
-1.16 -1.90
1.39 1.26
0.69 0.01
-1.22 0.23
1.05 0.57
-1.08 -0.98
-0.38 0.89
-2.18 -1.32
-0.40 -0.02
0.70 -0.80
0.51 1.85
1.12 2.02
-2.04 -0.87
1.15 0.14
0.65 0.57
0.98 0.46
0.11 -0.44
0.11 0.14
-0.37 -1.01
1.99 0.25
0.77 -1.42
-0.94 -0.61
-0.32 -0.35
0.64 -0.56
0.57 -0.29
-0.69 -0.32
0.17 -1.00
-1.12 -0.07
0.17 1.16
0.04 -0.37
0.12 -0.01
0.09 -0.28
-0.57 1.59
0.70 0.62
0.78 1.42
0.84 0.18
-0.13 0.71
-0.45 0.95
-0.00 -1.45
-1.36 -0.99
-1.75 0.17
3.19 1.79
0.24 -1.21
0.63 0.23
1.81 1.09
-1.51 0.04
-0.59 0.64
-0.53 -0.28
-0.19 -0.10
-0.94 1.58
1.03 0.99
-0.28 0.26
0.85 0.75
1.50 1.58
-1.49 -0.33
-0.92 -0.50
0.82 -0.42
-0.16 0.10
0.33 1.76
-0.21 -1.26
0.55 -1.38
-1.57 -0.62
-0.36 1.41
1.23 0.83
1.18 1.41
0.63 0.53
-0.15 -1.89
2.26 1.12
1.01 1.52
0.19 1.82
