-0.78 -0.78
-0.27 -0.27
0.66 0.66
-0.52 -0.52
-1.05 -1.05
-1.00 -1.00
0.83 0.83
-0.04 -0.04
-0.38 -0.38
0.36 0.36
2.11 2.11
0.88 0.88
-1.35 -1.35
0.60 0.60
0.12 0.12
-1.31 -1.31
-0.19 -0.19
-0.44 -0.44
-0.75 -0.75
2.47 2.47
0.25 0.25
1.49 1.49
-0.58 -0.58
1.81 1.81
1.50 1.50
-0.43 -0.43
-0.97 -0.97
-0.24 -0.24
0.48 0.48
2.03 2.03
1.94 1.94
-0.36 -0.36
0.46 0.46
-0.33 -0.33
1.08 1.08
0.41 0.41
-0.88 -0.88
-0.17 -0.17
0.15 0.15
-0.92 -0.92
0.66 0.66
-0.81 -0.81
-2.29 -2.29
0.80 0.80
0.25 0.25
0.95 0.95
-0.82 -0.82
-0.15 -0.15
-0.36 -0.36
0.73 0.73
