1.61 1.87
0.37 0.73
2.19 0.56
-1.15 -1.30
-0.91 0.44
1.42 1.13
0.14 -0.96
0.76 0.04
-0.08 -0.76
0.27 0.63
0.33 0.85
-1.20 0.14
0.27 -0.91
-0.22 -1.41
1.36 0.83
0.18 -0.50
-1.55 -1.52
-0.48 -1.37
0.41 0.29
0.14 0.04
-0.47 2.00
0.57 -0.05
1.10 -1.15
-0.49 0.49
1.51 1.28
1.00 1.48
-1.43 -0.52
-2.90 -1.81
-0.69 1.04
-1.64 1.56
-1.58 -0.24
-0.82 0.10
0.88 1.59
0.57 0.09
0.13 0.26
0.15 0.99
-0.75 -0.10
1.50 0.20
0.55 2.41
-1.02 -0.37
0.45 0.79
0.81 -0.67
-0.78 0.89
-0.75 0.84
0.33 0.98
-0.07 0.96
-1.10 -1.19
-0.63 -0.32
0.33 1.21
0.28 -0.76
