-0.80 -0.80
-0.05 -0.05
-1.21 -1.21
-0.05 -0.05
-1.07 -1.07
-0.46 -0.46
-2.56 -2.56
0.75 0.75
-0.21 -0.21
-0.80 -0.80
-1.99 -1.99
0.71 0.71
1.59 1.59
0.58 0.58
-0.04 -0.04
-1.15 -1.15
-0.62 -0.62
-0.35 -0.35
-0.22 -0.22
0.22 0.22
0.62 0.62
-0.46 -0.46
1.01 1.01
1.46 1.46
-0.28 -0.28
0.27 0.27
-0.01 -0.01
-1.70 -1.70
-1.94 -1.94
0.35 0.35
1.71 1.71
0.81 0.81
-0.37 -0.37
-1.59 -1.59
-0.61 -0.61
1.32 1.32
-0.32 -0.32
0.37 0.37
2.45 2.45
-0.14 -0.14
0.00 0.00
0.26 0.26
-0.32 -0.32
-0.18 -0.18
1.93 1.93
0.69 0.69
-1.07 -1.07
1.45 1.45
0.93 0.93
0.12 0.12
0.18 0.18
1.06 1.06
0.88 0.88
1.53 1.53
-0.06 -0.06
0.60 0.60
-0.20 -0.20
-1.91 -1.91
1.36 1.36
-0.91 -0.91
-0.11 -0.11
-0.75 -0.75
-0.16 -0.16
0.04 0.04
-1.46 -1.46
0.82 0.82
1.86 1.86
0.72 0.72
0.21 0.21
0.82 0.82
0.12 0.12
0.59 0.59
-2.38 -2.38
-1.37 -1.37
-0.49 -0.49
-0.77 -0.77
-0.05 -0.05
0.57 0.57
-0.93 -0.93
-1.14 -1.14
1.62 1.62
0.70 0.70
0.48 0.48
-0.28 -0.28
-0.44 -0.44
0.99 0.99
-0.55 -0.55
0.26 0.26
0.59 0.59
-0.15 -0.15
