-1.15 0.82
-1.14 -0.35
-0.02 -1.08
-0.44 -0.90
1.72 -1.01
1.99 -0.76
1.49 -1.16
-0.60 1.44
-0.28 -0.84
1.18 -1.32
-0.58 0.28
0.31 -1.57
-0.25 1.48
1.33 0.14
0.00 -0.99
-0.32 0.48
1.68 -0.96
0.07 -0.30
0.54 0.61
0.71 0.75
-0.29 0.38
1.55 -2.55
0.95 -0.83
-0.15 0.21
-0.57 -0.38
0.38 -1.18
-2.13 1.77
-0.04 -0.58
1.28 -1.28
0.21 -1.53
0.29 -0.03
0.89 -0.76
-0.22 0.97
-0.28 0.50
2.10 -0.61
2.19 -0.52
-1.56 0.34
0.48 -0.61
0.74 -0.07
0.23 -1.62
1.07 -0.93
-0.78 -0.70
1.65 -2.50
0.41 -0.14
0.03 -0.80
-0.92 0.43
0.03 1.13
-0.46 1.28
0.97 -0.95
-1.78 1.52
