-1.14 -1.52
-1.32 -1.14
-0.23 2.10
0.47 0.65
0.47 0.31
-0.34 0.72
1.31 -0.25
1.41 -0.40
1.08 0.82
-0.90 -1.26
0.05 1.06
0.30 -1.20
1.26 -0.06
0.46 -1.13
-0.05 -0.18
-1.61 0.74
-1.54 -0.78
0.76 -0.51
1.23 0.34
0.82 -1.32
-1.23 -0.04
-0.91 -0.23
-0.70 -0.42
-0.68 -1.23
1.89 0.13
0.97 -0.36
-0.65 0.73
0.53 -0.05
-0.93 -1.95
-0.32 -0.08
-0.28 -1.38
1.73 -0.29
-1.16 1.43
-0.63 1.71
0.45 -0.17
-1.64 -0.68
0.06 0.68
1.04 -0.42
-1.61 1.99
0.53 -2.47
-0.54 0.49
0.45 -0.91
0.47 -0.41
0.87 -0.94
-0.38 -1.16
-1.62 -0.81
0.24 1.31
-0.09 0.15
-1.53 1.39
1.84 -0.58
