-1.02 1.36
0.23 1.26
0.26 -1.95
-0.14 0.77
0.31 1.01
-0.28 -0.37
0.34 0.62
-1.97 -0.87
1.10 1.28
-0.76 -0.70
0.20 -0.62
-0.82 -0.21
0.44 0.52
-1.60 0.16
-0.98 -0.17
-0.30 0.60
0.44 -0.18
0.38 0.90
1.54 1.04
-0.91 -0.61
-0.11 0.34
0.84 2.04
-1.47 -0.46
1.02 0.64
1.99 2.06
1.03 1.61
0.38 0.00
-0.22 -1.28
-1.19 -1.02
0.95 -0.11
0.35 0.71
1.35 0.29
-0.49 0.69
0.66 1.42
0.23 -1.00
-1.09 -1.56
1.61 1.31
-0.85 -0.71
-1.25 -0.61
-1.11 -0.82
-0.20 -1.07
-0.90 -1.66
-0.78 0.32
-0.48 -1.33
-1.37 -1.68
-1.65 -1.55
0.31 -0.04
0.47 0.78
1.92 1.30
1.56 0.41
1.74 1.48
-0.75 -0.72
0.65 -0.12
0.08 1.05
0.87 1.71
1.83 1.53
-1.35 0.55
0.92 0.95
-0.60 -0.42
2.01 1.08
-0.83 0.04
-0.77 0.40
0.26 0.13
-0.58 0.36
0.05 -1.09
-0.49 0.51
-1.19 -1.51
0.25 0.60
0.19 0.05
-2.25 -1.21
-0.28 0.55
-0.51 -0.04
0.49 -0.49
-0.93 -0.62
1.20 0.67
-0.54 1.14
-0.27 2.25
-0.84 -0.36
0.18 1.49
-1.96 -0.05
0.60 0.21
1.69 0.17
-0.08 0.83
-0.85 -0.28
-0.96 -1.24
0.74 0.40
-0.14 0.42
-1.48 -1.20
1.18 0.96
-0.67 -2.29
