-1.27 -0.85
0.64 0.42
0.51 0.72
-0.30 0.09
-1.43 -1.25
-0.15 -0.30
0.15 0.45
0.18 0.41
0.47 -0.17
0.34 0.33
0.07 0.25
-1.48 -1.39
-0.02 0.20
-0.26 0.77
0.78 0.18
-0.19 0.03
-0.76 -1.22
0.98 1.67
-1.96 -1.90
1.02 0.27
-0.28 -0.02
1.26 1.95
-0.97 -0.99
1.52 1.51
-0.28 0.13
0.44 -0.24
-0.58 -0.91
-1.52 -1.11
0.40 -0.15
-1.27 -1.43
-0.43 -0.51
0.49 -0.28
1.16 0.09
0.45 0.28
1.64 1.58
-1.44 -1.14
0.81 0.29
-0.89 -1.19
-0.58 -0.93
-1.72 -1.70
1.67 1.75
-0.70 -0.82
0.26 0.58
1.06 1.32
0.06 -0.57
0.62 1.61
0.32 0.09
0.18 -0.53
1.24 1.08
2.38 1.91
-1.07 -1.12
1.80 1.94
-1.14 -1.56
-0.42 -0.47
-0.00 -0.32
-1.68 -1.00
-0.34 -0.41
-1.19 -1.27
-0.15 1.02
0.55 0.35
-0.89 -1.01
0.20 0.90
-2.08 -2.06
-0.10 0.23
0.44 0.63
0.26 0.41
0.69 0.59
-0.36 -1.13
0.10 -0.16
1.06 0.92
1.26 0.46
-1.18 -1.38
0.04 -0.27
0.23 0.02
0.26 0.75
-0.06 -0.31
-0.40 -0.48
0.72 1.40
1.62 1.04
1.46 1.77
0.98 0.49
-0.51 -0.57
-0.93 -0.26
-0.82 -0.88
-2.70 -2.39
1.31 1.21
-1.30 -0.83
-0.29 0.23
-1.15 -1.33
-1.28 -0.44
