-1.91 0.27
0.19 0.74
-0.02 1.30
-0.03 -1.12
-0.16 1.11
0.42 -0.23
0.58 0.98
0.98 -0.52
-0.04 -0.74
0.61 0.67
0.63 0.77
-1.18 0.08
0.19 -0.34
-1.83 -1.00
-0.86 -0.93
0.70 2.31
-1.02 -0.99
3.12 1.01
-1.59 -1.45
-0.84 -0.82
-0.95 -1.44
0.61 0.43
0.96 2.04
-0.07 0.79
-0.60 -0.36
-1.40 -0.85
-0.18 -0.29
-0.15 1.73
1.53 2.26
0.12 0.33
-1.22 -1.83
-1.05 -0.20
-0.53 -0.48
0.28 0.73
-0.24 0.62
0.08 -0.25
0.89 0.96
0.95 1.00
-2.05 0.14
0.85 -0.44
1.17 1.85
0.19 0.76
0.22 0.29
0.13 0.31
1.42 1.29
1.34 1.04
-0.38 0.44
0.30 -0.87
-0.92 0.55
1.06 1.63
