-0.86 -0.66
1.08 2.35
-0.03 -1.09
-0.36 0.49
-0.24 0.54
0.32 -0.15
-1.55 -0.59
0.51 0.09
-2.08 -0.74
-0.43 -0.29
-1.57 -2.50
0.58 0.69
-0.26 -1.04
-0.25 0.59
1.07 1.42
-1.30 -0.80
-1.05 -1.28
-1.23 -0.18
2.30 1.69
-0.58 0.72
-1.15 -1.64
0.85 -1.19
-0.70 0.62
-0.01 2.07
0.58 -0.35
1.37 1.20
0.43 1.21
0.97 0.52
0.72 2.18
-0.39 0.11
-0.25 0.25
-1.12 0.30
-0.09 -0.89
-0.71 -0.41
-1.06 -1.61
1.81 1.76
0.74 0.04
0.44 -0.72
-0.70 0.45
-0.91 -1.37
-0.52 -1.85
-0.92 -0.17
-0.83 0.61
0.89 0.47
-1.35 -0.82
-1.25 -0.36
-0.96 0.77
1.63 0.10
0.91 1.49
-0.81 -1.09
-0.27 -1.56
0.79 0.44
1.29 0.88
-0.54 -0.52
-1.05 -0.87
-0.08 0.24
-0.65 -1.54
0.14 -0.40
-0.03 1.21
1.84 0.51
0.20 0.16
0.81 -0.78
-0.28 -0.21
-1.02 -0.63
1.57 -0.27
-1.77 -0.47
0.07 -0.09
-0.04 -0.45
1.43 -0.39
3.47 1.45
-1.30 -0.29
0.31 -1.93
0.02 0.07
-1.01 -0.89
-0.81 -0.27
-0.05 0.43
-0.08 0.72
-1.02 0.57
-0.23 -1.60
0.44 -0.95
1.98 1.22
0.07 0.54
1.16 0.44
-0.74 0.09
0.08 0.86
0.13 1.15
-0.95 -0.29
-0.09 2.10
0.47 0.01
0.22 -0.09
