-0.33 -0.49
-1.11 -0.87
0.17 1.81
-0.20 -1.06
0.10 -0.91
0.66 -0.73
1.79 0.08
-0.68 -1.62
-1.00 0.26
-0.68 -0.49
0.99 -1.10
1.91 -0.28
-0.40 -0.63
-0.08 -0.70
-1.21 -1.54
-0.19 -0.45
-0.75 -0.22
-1.36 0.33
1.18 1.02
-1.20 0.00
-0.33 1.41
-0.91 1.23
-0.84 0.28
-1.36 0.35
-0.21 1.28
0.57 1.13
0.37 0.10
1.24 -1.00
1.22 0.31
0.31 0.26
0.06 1.43
-2.02 0.27
1.77 0.81
0.81 -0.19
-0.21 -1.32
-0.71 0.77
0.43 -1.88
-0.76 -1.07
1.10 0.75
-2.27 -0.99
1.02 -0.64
-0.53 -0.11
-0.00 1.11
0.85 1.62
0.19 0.32
-1.78 -2.08
-0.42 -2.47
0.77 -0.91
0.66 0.56
-1.67 -0.34
