1.19 -0.04
1.64 1.17
-0.06 -0.14
0.32 -0.04
1.56 -0.93
0.69 -1.64
1.48 0.92
0.35 -1.44
-0.44 0.15
0.76 1.25
-0.92 -0.64
-0.88 -0.50
0.90 -1.67
0.66 1.44
0.92 -1.35
0.35 0.39
-0.42 2.06
0.04 -0.63
-0.78 0.26
-1.99 -0.81
0.20 -1.61
-0.59 -1.92
-0.22 0.12
-0.58 0.06
-0.90 0.24
0.51 1.23
-1.23 0.50
-0.14 0.28
-0.93 0.01
-1.43 -0.31
0.23 0.29
-2.02 -0.39
-0.14 0.42
1.47 0.19
-0.80 -1.76
1.14 1.53
0.31 -0.28
-1.45 1.23
1.77 -0.58
-0.85 -1.56
0.57 -0.15
0.57 -0.46
0.86 0.73
1.27 2.30
-1.17 -1.41
-0.29 0.11
0.99 0.77
-0.59 0.24
0.12 -0.42
0.02 0.69
-0.89 -0.34
0.35 -1.05
0.24 -0.79
-2.78 -0.45
1.30 -0.84
1.21 -0.45
1.70 0.16
0.92 0.15
0.63 -0.03
0.09 -1.85
0.15 -0.30
-0.27 -0.29
-2.26 -2.04
-1.30 0.00
0.11 -2.19
0.56 0.03
-1.66 -0.87
-1.60 -0.33
1.53 -0.41
0.38 -0.09
-0.16 -0.84
-0.03 0.38
-0.69 1.20
-0.19 0.33
-0.64 0.60
-0.86 -0.95
-1.19 0.26
-1.37 1.10
0.64 0.43
-0.38 -0.64
0.73 1.96
-1.23 -0.36
0.05 0.28
1.18 2.39
1.45 -1.15
-1.23 0.86
0.51 1.83
-0.74 -0.74
0.28 0.66
-0.73 -1.49
