-0.14 -1.10
2.29 2.76
-0.26 -0.92
-0.04 -0.11
-0.83 -0.32
1.01 0.97
0.50 1.83
0.92 0.41
-0.87 -1.02
0.87 1.35
-1.30 -1.09
-0.96 0.68
-0.05 0.75
1.72 0.63
-1.84 -1.40
0.12 2.04
1.16 0.24
0.06 1.02
2.39 1.13
-0.73 -0.11
-0.00 0.10
1.59 0.20
-2.51 -1.63
1.42 0.09
-1.30 -0.45
0.45 0.43
0.72 -0.45
-0.42 -0.32
0.38 0.24
0.20 -0.97
-0.98 -0.42
-0.16 -0.34
0.41 -0.36
-1.32 -2.69
-0.63 -0.85
-0.09 0.41
-0.01 1.23
0.86 -0.31
-0.15 0.87
0.31 0.91
-1.38 0.26
-0.75 0.45
0.59 0.58
-1.32 -0.48
-0.10 0.10
-0.50 -1.59
-0.55 0.56
-0.57 -1.02
0.77 0.03
-0.36 -0.98
