0.44 -1.24
-1.09 1.26
-1.17 1.46
1.22 -0.68
1.97 -2.11
-0.42 0.79
-0.62 0.58
0.72 -0.98
-1.00 0.05
0.10 -0.17
0.45 -0.20
-0.90 0.94
-0.10 -0.36
-0.85 1.36
1.62 -1.78
-0.33 0.15
-0.07 0.65
0.15 -0.73
1.27 0.04
0.19 -0.51
-1.88 1.54
-0.57 -0.78
-0.03 1.21
-1.97 1.24
1.88 -1.98
1.03 -1.35
1.05 -0.31
-1.16 1.89
-0.48 1.58
-0.36 0.39
1.42 -0.14
0.69 -0.61
-0.22 -0.59
0.60 -1.00
-0.09 0.76
1.06 0.13
-0.04 -0.32
-1.32 1.84
-0.95 0.62
-1.83 1.68
-0.39 0.03
-0.90 1.03
-0.78 0.95
0.24 0.17
-0.90 1.18
-0.88 0.82
0.87 -1.30
-0.33 0.48
0.04 0.45
-0.60 0.58
0.16 0.57
0.38 -0.63
1.78 -0.27
-2.00 2.28
0.32 -0.74
0.11 0.26
0.26 -0.26
2.32 -1.39
1.64 -0.61
-1.07 0.79
0.21 -0.49
0.44 -0.42
-1.90 1.89
0.50 0.45
-0.27 0.02
-0.13 -0.03
0.15 -0.14
1.00 -0.05
0.39 -0.40
0.65 -1.18
0.01 0.45
-2.60 1.87
0.59 -0.20
1.08 -0.58
-0.07 0.39
-1.37 0.80
-0.79 0.37
-1.34 1.03
0.30 -0.37
-0.08 -1.44
1.67 -2.72
-1.46 -0.26
1.34 -1.58
-0.77 -0.24
-0.32 0.11
0.11 -1.29
-1.14 1.14
0.52 -0.64
0.05 0.52
0.13 0.19
