-0.77 1.12
-0.84 0.57
0.63 -1.55
-1.20 -0.49
0.62 -1.35
0.02 0.69
-0.51 0.55
-0.57 -0.43
0.14 -0.81
-0.44 -0.28
-1.95 2.69
1.61 -1.23
0.30 -0.77
0.38 0.04
0.66 -0.02
-1.14 0.28
-0.04 0.41
1.21 -0.32
1.15 -2.36
-1.27 0.92
-1.29 0.83
-0.66 -1.54
0.25 1.35
1.70 -1.41
-0.17 -0.87
-1.38 1.10
-1.31 0.45
1.11 -1.14
1.24 -0.60
1.63 -1.55
-1.55 2.82
-1.19 0.32
1.41 -1.66
-0.01 0.53
-1.05 -1.11
1.48 -0.96
0.09 -0.04
1.34 -0.64
-0.42 0.56
-0.88 0.44
0.11 0.26
0.38 -0.24
2.22 -0.41
0.67 -0.73
-0.52 -1.02
-0.65 -0.18
0.52 0.60
0.37 -0.71
-1.72 -0.01
1.51 -1.22
0.79 -0.56
-0.64 -0.02
0.18 1.56
-0.29 0.89
2.08 -1.02
-0.79 0.64
1.17 -0.55
-0.17 -1.48
0.11 2.00
-0.28 0.70
-1.84 0.31
1.28 -1.08
-1.62 1.31
0.67 -0.15
-0.01 1.40
1.12 -1.14
0.23 -1.83
-0.02 2.04
2.46 -0.04
-1.68 -0.03
-0.21 0.71
-0.10 -0.12
-0.89 -0.01
0.65 -0.34
-1.04 0.48
0.50 1.48
0.81 0.14
-0.68 1.24
1.70 -1.24
0.78 0.85
-1.20 0.12
0.04 0.60
-1.23 1.15
-0.58 0.78
0.47 -0.70
-0.01 0.59
0.20 -0.16
-1.11 0.37
-0.26 -1.51
1.47 -0.81
0.36 0.12
-0.18 -0.44
0.86 0.44
-0.89 -0.07
-0.66 -0.63
-0.79 0.02
-1.33 -0.23
0.11 0.45
-0.74 1.93
0.02 1.01
