0.77 0.23
0.84 0.05
0.13 -0.62
-1.09 0.01
-0.35 -0.17
0.43 -0.81
0.04 -1.32
0.90 2.26
0.91 1.04
-0.35 -1.44
-1.74 0.11
-0.13 0.94
-0.98 -2.20
0.73 1.25
0.65 1.49
-1.76 -0.57
2.23 1.19
0.80 0.36
-0.98 -1.35
0.44 0.36
0.38 0.30
0.98 1.56
-0.41 -0.43
-0.45 -0.30
-1.19 -0.72
-0.77 -0.20
-0.07 0.73
0.14 -1.06
1.03 -1.92
-0.28 1.27
-2.07 0.04
-1.56 0.08
-0.21 -0.45
0.30 0.89
1.03 0.61
-0.88 0.56
0.45 0.05
1.34 -0.57
-0.21 -1.32
-0.47 -1.38
-0.27 0.15
-0.31 0.93
-0.17 -1.59
0.10 -0.92
0.53 -1.41
1.28 -1.38
-1.66 -0.93
-0.29 -1.09
0.99 2.20
-1.02 0.80
-1.62 -1.59
0.59 0.62
0.55 0.22
-0.34 0.87
-0.00 -0.91
1.10 1.27
-1.30 -1.14
1.51 -0.11
0.06 1.05
-1.03 -1.11
0.29 -1.04
0.67 -0.04
-2.64 -0.06
-1.05 -0.24
2.29 1.20
0.11 -1.99
0.31 0.51
1.04 0.75
-0.38 0.40
-0.05 -0.63
-1.82 -0.63
-1.11 -0.74
-1.68 -1.86
0.31 1.05
-1.72 -0.97
-0.50 0.67
0.24 0.07
0.36 0.31
0.93 -1.27
-0.29 0.33
2.06 2.03
1.16 -0.14
0.15 -0.94
0.48 0.03
0.04 0.66
1.26 0.12
0.00 0.84
1.12 1.06
0.57 0.14
1.54 0.65
