-1.49 -2.29
-0.92 -0.20
0.83 1.33
-1.15 -0.16
1.90 1.98
-0.12 0.79
-0.53 -0.73
-2.01 -1.22
0.06 0.67
0.43 1.09
-0.89 0.86
-1.36 -0.77
-1.20 -2.07
0.91 0.36
-0.42 -0.12
-1.27 -0.99
0.41 -0.39
-0.55 -0.39
0.12 0.18
0.72 0.45
-0.53 -0.21
-1.16 -0.98
-0.94 -1.97
-1.88 -0.22
0.85 -1.28
1.52 1.50
-0.89 -0.23
0.11 0.10
0.62 -1.87
0.35 1.08
2.57 1.48
0.04 -0.31
0.78 0.06
0.61 0.19
1.20 -0.74
-0.63 -0.39
1.69 1.27
-0.42 1.18
0.00 1.61
1.20 2.02
-0.85 -0.82
-0.35 0.14
0.30 0.47
0.99 0.18
-1.35 -0.84
-0.29 -1.29
0.98 0.98
1.00 1.08
1.87 -0.01
-0.77 -1.54
0.77 1.62
0.66 -0.31
-0.07 -0.67
0.12 0.64
0.47 -0.21
0.81 -0.47
-1.48 -0.43
0.79 -0.71
1.36 -0.29
0.34 -0.84
-2.14 0.94
-1.73 -2.13
-0.76 0.25
-0.36 0.92
1.01 1.44
0.72 -0.68
-1.40 0.39
0.04 -0.68
0.70 0.21
-0.48 -0.20
0.42 0.22
-1.10 -1.50
-0.46 -0.88
-0.92 -0.34
0.89 0.56
0.91 0.45
-0.71 -0.17
-0.20 0.05
0.07 -1.04
1.38 1.67
-0.02 0.17
1.69 -1.17
0.38 -0.46
-0.20 -0.80
0.26 1.59
-0.45 -0.06
-1.26 1.42
-1.89 0.00
0.46 0.33
0.79 0.05
0.20 -0.67
-0.40 0.49
0.37 1.50
0.50 2.33
2.03 0.35
-0.35 -0.65
-2.05 0.19
-0.56 -1.32
0.02 1.24
0.78 -1.36
