0.41 -0.20
1.09 -0.79
-1.15 -0.57
0.48 0.06
1.15 -0.43
-1.19 -1.77
1.33 -0.04
1.66 0.88
-0.25 -1.01
2.26 -0.77
-0.13 0.85
-1.06 -0.54
-0.44 0.29
-0.46 -1.64
0.19 0.47
0.62 1.10
0.11 -0.13
-0.36 0.10
2.01 2.08
0.34 0.75
0.33 0.82
0.98 1.10
0.81 0.70
-1.20 0.78
0.96 0.08
0.24 -1.22
0.47 0.74
0.52 -0.44
-0.31 1.95
0.43 -1.31
1.82 -0.29
-0.55 0.14
0.02 -1.75
0.78 1.35
-0.83 0.52
0.11 -0.05
0.95 -0.52
0.42 0.89
1.58 0.17
0.18 1.26
0.08 -0.00
-1.28 -0.14
0.47 0.08
-0.94 0.60
0.84 0.57
-1.97 0.04
-0.14 0.90
0.40 1.34
-0.45 0.12
1.87 -1.51
-0.27 -2.66
-0.26 -1.27
1.04 1.13
0.02 -0.34
-1.61 0.52
-0.60 -0.67
1.73 1.46
-0.70 -1.73
0.98 0.54
-0.26 -0.48
0.12 -0.84
1.16 1.23
-1.11 0.81
0.44 -1.48
-0.36 0.65
-0.38 -0.38
-0.36 1.04
-0.77 2.21
0.85 -1.04
0.59 -0.50
-0.08 0.35
-1.26 0.66
0.57 -0.75
0.80 -0.97
1.25 -0.80
-1.86 -0.40
-0.36 -1.88
-1.04 -0.81
0.73 0.75
-1.34 -0.73
-0.74 -0.36
-0.71 1.82
-0.10 1.79
-0.85 -0.58
0.06 -1.33
0.39 -1.00
-0.21 -0.21
0.15 1.33
-3.36 -1.02
0.14 -1.45
-1.21 -0.23
-2.47 0.21
1.40 0.10
0.73 0.32
-1.34 -0.59
0.35 -0.84
-0.58 1.79
0.03 0.37
-1.04 1.28
-1.55 -0.64
