-2.16 -1.59
0.30 0.48
0.27 1.06
-0.81 -0.78
-0.66 -0.40
-0.19 -0.62
-1.11 -1.23
-0.87 0.37
-0.36 -1.04
-0.46 0.15
0.83 0.78
-1.52 -0.99
0.06 1.17
1.11 0.63
-0.53 -0.59
-0.45 -0.21
-0.79 -1.14
1.09 1.13
0.33 0.54
-0.40 -0.27
-0.42 -0.41
0.52 1.09
1.32 1.16
-0.68 -0.54
-1.69 -1.48
0.98 0.61
-1.62 -1.22
-0.41 -0.72
0.46 0.28
0.02 -0.08
-0.74 -1.19
1.37 0.57
0.89 0.21
-1.68 -1.39
0.45 0.38
2.10 1.42
0.56 0.43
1.37 1.37
0.93 1.38
0.64 -0.25
-1.06 -0.73
-0.69 -0.50
-0.45 -0.81
0.18 1.04
-2.33 -2.47
0.66 0.41
-2.20 -1.88
-2.41 -1.80
-0.02 -0.52
0.55 0.24
0.17 0.62
0.95 0.96
-1.29 -0.98
0.22 0.29
-0.40 0.01
0.30 0.79
0.01 0.45
1.00 1.65
1.39 1.79
1.10 0.80
-1.13 -0.86
-0.24 -0.29
1.30 1.62
0.13 0.47
0.76 0.85
2.03 2.51
0.55 0.51
-1.38 -0.23
0.07 -0.54
-0.76 -0.61
-0.08 -0.49
1.46 1.90
-0.42 0.24
-0.80 -0.29
-1.28 -0.48
1.65 2.02
0.17 0.59
-0.04 0.58
-1.29 -1.76
1.03 1.93
0.41 0.36
0.42 0.72
0.96 0.78
-0.58 -0.37
0.93 1.15
0.26 0.68
-0.58 -0.48
-1.38 -1.31
0.52 0.51
0.20 -0.33
