0.55 -0.25
1.37 -0.21
1.47 0.48
0.79 0.96
0.05 -2.30
-2.35 0.37
-0.16 0.65
1.16 2.06
0.22 -0.02
-1.02 -1.23
1.57 0.25
-0.65 0.04
-1.08 -0.12
-0.40 0.81
0.51 1.83
-0.08 1.18
-0.63 0.84
-1.25 -0.03
0.66 -0.72
-0.19 0.76
0.68 -0.48
1.78 2.55
-0.61 0.70
1.68 -0.81
-1.61 -0.89
-0.15 1.38
1.26 0.25
-0.21 0.28
2.43 0.37
1.74 0.28
0.25 0.41
-1.20 -0.82
-1.01 -1.08
-1.46 -1.60
1.18 0.44
0.48 0.69
0.04 0.18
0.36 1.92
0.64 -1.07
-0.86 0.01
-0.78 -2.59
-0.91 -0.64
0.07 -0.22
-2.04 -1.95
-0.41 -1.47
1.62 -0.84
1.41 1.66
-0.38 -0.82
0.72 0.50
0.10 0.94
-0.21 0.62
0.22 -1.72
1.07 0.71
0.21 -0.71
1.79 0.34
1.02 0.97
1.82 0.08
0.94 -0.59
1.21 -0.87
1.34 -0.09
-1.02 0.12
-0.22 -0.69
-1.78 0.51
-1.24 -0.03
-0.39 -0.22
0.34 1.81
-0.61 -0.23
0.82 -0.23
-0.77 -0.43
0.04 -0.12
0.10 -0.67
0.41 0.15
-0.70 0.92
-0.74 1.29
1.01 0.50
1.37 -2.93
0.89 0.97
1.47 -0.31
-1.26 1.41
0.19 0.71
1.14 -0.23
0.38 0.10
-0.30 -0.06
0.74 0.21
0.89 0.88
0.86 0.49
0.35 -0.54
0.40 1.27
-0.99 0.07
0.72 1.32
