-0.27 1.10
-0.12 -0.34
-0.35 -0.68
-0.73 1.78
-1.66 -0.17
0.28 0.75
-0.22 0.06
-0.72 0.67
2.15 -1.36
1.71 1.56
0.32 -0.56
0.88 1.66
-0.18 -0.56
-0.41 -1.41
-1.06 -0.45
-0.52 0.32
0.10 0.57
-1.68 -1.44
0.42 1.13
0.20 -0.42
-0.32 1.67
-1.51 -0.35
-2.27 -0.79
0.52 -0.27
1.05 0.72
-0.31 -1.02
0.91 -0.43
0.25 1.20
0.88 -1.00
-0.11 -0.96
-0.91 1.31
-0.17 1.34
0.68 -0.83
-0.64 0.27
0.04 0.57
0.02 -0.60
0.82 -2.34
0.35 -1.52
-1.23 0.40
1.69 0.25
-1.10 -0.30
0.79 -0.08
-0.55 0.84
0.43 -0.46
-1.69 0.96
1.59 1.87
-0.59 -0.01
-0.39 -0.62
-0.01 0.17
-0.15 0.85
-1.63 0.45
0.70 -1.04
-0.19 -1.08
0.51 0.35
0.72 -0.03
-0.29 -0.24
-1.02 -2.47
-0.26 -0.16
-0.43 1.46
0.37 -0.92
-0.35 0.14
1.89 -1.64
0.36 -0.51
0.80 0.64
1.48 1.75
0.84 -1.95
1.82 0.01
0.14 0.16
0.52 -0.67
-0.58 -0.76
-1.67 0.02
1.02 0.31
-0.32 0.13
-3.58 1.16
0.58 -1.80
-0.27 0.41
0.20 -0.52
1.44 -0.06
0.58 0.68
-1.99 1.65
-0.05 1.06
0.36 0.15
-0.54 2.26
0.24 -0.26
-0.20 -1.29
1.73 -0.16
-0.49 0.27
0.43 -0.65
-0.85 -1.33
-1.44 0.57
