-0.33 -0.33
1.22 1.22
-0.08 -0.08
0.44 0.44
-0.33 -0.33
0.36 0.36
-0.18 -0.18
-0.74 -0.74
-0.08 -0.08
-1.64 -1.64
2.09 2.09
0.68 0.68
-1.50 -1.50
0.06 0.06
-1.35 -1.35
0.51 0.51
1.01 1.01
-0.50 -0.50
0.08 0.08
-2.25 -2.25
0.64 0.64
-0.32 -0.32
-1.17 -1.17
-1.17 -1.17
0.31 0.31
0.65 0.65
-1.31 -1.31
0.11 0.11
1.47 1.47
-1.64 -1.64
0.29 0.29
1.13 1.13
-1.36 -1.36
0.33 0.33
-0.40 -0.40
-0.47 -0.47
-0.41 -0.41
1.05 1.05
1.32 1.32
0.15 0.15
1.48 1.48
-1.44 -1.44
0.72 0.72
-0.59 -0.59
2.48 2.48
-1.18 -1.18
2.69 2.69
-0.75 -0.75
-0.09 -0.09
-2.16 -2.16
0.11 0.11
0.01 0.01
-1.24 -1.24
1.02 1.02
0.36 0.36
1.58 1.58
-0.88 -0.88
2.14 2.14
0.39 0.39
0.34 0.34
0.70 0.70
0.64 0.64
-0.47 -0.47
-0.43 -0.43
1.92 1.92
-0.50 -0.50
-1.09 -1.09
-0.75 -0.75
-0.34 -0.34
1.39 1.39
0.62 0.62
0.92 0.92
0.12 0.12
-0.81 -0.81
1.35 1.35
0.01 0.01
-0.18 -0.18
-0.21 -0.21
1.36 1.36
-0.03 -0.03
0.28 0.28
0.38 0.38
0.16 0.16
0.13 0.13
-0.17 -0.17
0.59 0.59
0.08 0.08
-0.08 -0.08
1.14 1.14
-0.43 -0.43
