0.32 -0.56
1.92 1.87
0.44 1.26
1.51 0.69
1.03 1.61
1.41 0.29
0.34 0.36
0.14 -0.92
-0.31 0.15
-0.92 -0.08
-0.65 0.22
0.66 1.00
0.54 -0.88
-0.31 0.24
-0.14 0.70
0.84 -0.14
-1.76 -1.01
-0.14 -2.05
-0.84 -0.33
-1.00 -1.33
0.94 -0.94
-1.66 1.07
-0.53 -0.26
1.18 1.70
0.75 -1.06
0.92 -0.36
0.90 -0.15
-1.36 1.25
-2.01 0.24
0.21 -0.37
0.74 0.30
-0.80 -0.30
-0.23 -1.24
-0.20 -0.74
-0.32 0.78
-0.15 0.61
0.84 -3.05
-0.28 -0.96
-0.18 -2.08
-0.37 -0.12
2.36 -0.41
-1.74 0.43
-0.25 -0.03
2.39 1.15
-0.53 -1.03
-0.27 0.12
-0.56 1.39
-1.35 0.69
-0.31 0.29
0.11 -0.16
