-0.15 -0.33
0.30 0.11
-0.09 -1.13
-2.14 -1.86
1.46 1.20
0.26 0.30
-1.15 -1.25
1.17 0.85
0.45 0.16
1.58 1.19
1.71 1.26
0.07 -0.42
-0.90 -0.92
2.32 2.37
0.22 -0.59
0.29 0.33
0.01 0.06
-0.33 -0.64
-0.86 -0.92
-1.38 -1.03
-0.70 -0.76
0.31 0.03
-0.23 -0.04
-0.88 -0.48
0.35 0.12
-0.01 0.17
1.08 0.40
-1.42 -1.28
1.27 1.02
-1.63 -1.97
0.06 -0.45
-0.78 -1.23
-0.47 0.03
-2.01 -2.34
-1.33 -1.30
0.06 0.33
0.00 0.34
-1.08 -0.51
0.60 0.20
0.87 1.01
0.81 0.33
-0.16 0.03
-1.06 -0.81
0.53 -0.24
-0.66 -1.13
-0.60 -0.30
2.13 2.71
-0.31 -0.37
2.00 2.37
0.21 0.73
-1.19 -0.92
-0.37 0.05
1.79 1.73
-0.35 -1.40
0.73 0.23
0.08 -1.27
1.97 1.17
0.05 0.39
-0.40 -0.32
-0.91 -0.81
0.46 0.96
0.21 0.25
-0.16 -0.32
0.85 0.45
-0.40 -0.33
0.19 1.46
-1.70 -1.46
-1.87 -2.25
0.33 0.74
0.61 1.32
-0.70 -0.83
0.93 0.50
-0.63 -0.53
0.01 -0.65
0.61 0.29
0.13 -0.20
-0.91 -0.73
0.67 0.57
0.21 0.48
0.88 0.59
-0.67 -0.63
1.62 0.89
0.28 -0.51
1.47 1.21
0.55 0.16
-1.02 -0.47
-1.76 -1.41
0.55 1.12
1.93 1.38
-0.12 -1.04
