-0.38 -0.03
0.26 -0.22
-2.80 -1.91
-1.17 -0.75
0.30 0.39
-1.33 -1.22
1.63 1.40
1.24 0.83
-0.97 -1.05
-1.19 -0.61
-0.09 -0.67
-0.60 0.19
-0.21 -0.34
-0.75 -1.35
0.32 -0.85
1.61 0.40
-0.40 0.04
-0.43 -0.14
-1.31 -1.27
-0.07 -0.86
-0.41 0.74
0.43 -0.94
-0.92 -1.36
-0.15 -0.13
-0.42 -0.47
1.14 0.79
-1.82 -1.39
1.37 0.12
0.53 1.38
-0.90 -1.54
-1.56 -0.49
-0.13 -0.87
0.54 1.08
-0.05 0.15
-0.99 -1.14
-1.66 -2.80
-0.53 -1.32
0.95 1.74
-0.95 -1.37
-1.12 -0.89
0.62 -0.31
-1.15 -1.16
-0.08 0.47
-0.31 -0.07
1.00 0.57
0.17 0.39
-0.91 -0.47
-0.45 -0.07
-0.48 0.07
-1.53 -0.83
0.41 0.07
-0.42 -1.98
0.31 -0.67
1.68 1.59
0.01 -0.09
-1.29 -1.42
1.10 1.43
-1.26 -0.88
0.95 1.47
-1.12 -1.09
-0.73 -1.38
-0.13 -0.09
1.45 1.15
0.37 0.99
2.03 1.48
-1.54 -0.29
-0.27 0.46
-2.00 -1.59
0.30 -0.30
-1.68 -1.16
-0.43 -0.36
0.54 0.10
0.41 0.28
-0.32 -1.71
-0.89 -0.69
0.64 0.61
0.12 0.49
-1.24 -1.45
0.66 0.40
-1.24 -0.77
-1.36 -1.84
-0.35 0.56
0.50 1.69
-2.04 -2.05
0.24 0.93
0.37 -0.45
-2.25 -1.73
-0.45 0.11
0.23 -0.35
2.14 0.53
1.45 1.96
-0.18 -0.08
-0.09 0.34
0.92 0.72
0.05 -0.05
1.32 0.85
0.08 0.58
-1.49 -1.85
0.26 0.38
0.31 0.40
