-2.21 0.16
-1.00 -0.39
2.41 -0.74
0.41 0.28
0.33 0.40
1.98 -1.29
-0.63 -0.22
-1.13 -0.23
0.36 1.53
0.48 1.37
-0.49 -0.24
0.01 0.31
0.42 0.25
-2.22 0.58
1.05 0.30
0.42 -1.22
1.76 -0.84
-0.85 0.30
0.18 0.09
0.53 -1.49
-0.47 -0.60
-1.35 -0.24
-1.58 -0.53
-1.81 -0.89
-1.08 0.50
0.78 -1.21
-1.69 0.52
-0.31 -1.30
0.21 -1.00
-0.96 1.61
1.51 -1.42
-1.47 -0.60
-0.34 1.97
-0.12 -0.38
-0.40 0.37
0.76 -2.35
1.02 -0.79
-0.67 1.69
-0.48 1.03
0.63 0.53
1.84 -0.82
-0.83 1.50
-0.98 0.93
-0.11 0.66
-1.26 -0.52
-0.34 0.15
0.70 -1.54
-0.62 0.69
1.02 -1.68
1.11 -2.19
-0.28 -2.49
1.75 0.37
0.32 -0.99
-0.18 -0.67
0.43 1.03
-0.06 0.60
-0.27 0.58
0.95 -0.26
0.19 -0.49
-1.19 0.32
-0.65 -0.96
0.92 0.25
-0.67 -1.67
0.99 0.76
-0.36 0.46
1.02 0.14
0.97 -0.12
-0.77 0.85
0.35 0.27
1.38 -1.31
-0.08 0.23
1.58 0.11
0.56 -0.17
-1.32 0.96
-1.93 1.28
-0.24 -0.54
0.05 2.46
0.92 0.18
-0.63 -0.30
-1.30 -0.52
0.60 -0.92
-0.03 0.42
1.29 1.39
-0.81 0.17
0.01 -0.76
-0.07 -0.94
-2.13 1.24
-1.53 -0.89
1.20 -0.34
-0.62 0.15
0.07 1.41
0.10 0.68
0.63 1.26
0.32 -0.04
1.43 1.20
0.38 -1.48
1.19 0.48
0.16 2.25
0.58 0.70
0.27 0.67
