-0.71 2.18
-0.34 1.51
-0.17 0.57
-0.33 -0.01
0.08 1.30
1.98 -0.70
-0.22 -1.12
-0.29 -0.33
0.93 0.15
-0.74 -1.61
0.30 -0.12
-1.08 0.51
0.84 -0.46
0.81 0.54
-0.63 0.73
-0.28 -1.05
-0.63 -0.59
2.15 1.47
-0.93 -1.22
-0.03 -0.81
-0.92 0.54
-0.23 -1.63
0.57 1.85
-0.66 -0.92
0.27 1.36
-0.13 0.40
0.88 0.38
-1.28 0.25
0.92 -1.45
0.70 -0.12
1.30 -1.11
-1.46 -0.63
-0.01 -0.31
1.73 0.70
0.97 -1.50
-0.56 0.25
1.12 0.67
0.19 -0.63
-0.04 1.24
-1.28 -1.50
2.09 0.79
1.30 -1.82
-2.22 -1.16
-0.77 0.78
1.60 0.13
0.01 1.91
-1.12 -0.42
0.24 0.42
-0.24 -0.05
0.05 -0.90
1.41 0.34
1.40 -0.16
-0.78 -0.41
-1.90 0.10
0.47 1.19
2.26 0.86
-1.13 0.66
-0.93 0.95
0.24 -0.42
1.09 0.47
0.81 3.06
0.10 0.02
0.06 0.88
1.07 0.58
0.09 -0.16
-1.04 -1.17
-0.65 0.68
-1.15 -1.42
0.91 0.42
-0.28 0.12
-0.12 1.05
-0.42 0.33
0.67 -0.19
0.66 1.22
0.13 -1.97
-1.00 -0.52
-0.73 0.19
0.59 1.93
-2.12 -1.95
0.23 -0.73
-0.73 0.38
0.05 1.71
-0.15 0.40
0.03 -0.04
-0.02 0.78
-1.65 0.01
0.11 0.14
-2.21 -1.35
0.28 -0.32
0.06 -0.14
-2.46 1.69
-1.09 -0.34
-0.74 0.87
0.19 0.38
-0.31 1.27
-0.37 -1.04
-1.26 0.19
-0.04 -1.09
-0.49 0.58
-2.37 -0.94
