0.61 0.15
1.18 -0.12
-0.06 -0.97
-2.58 0.65
0.21 -0.33
-1.13 0.91
2.85 -4.27
-0.89 0.35
-0.80 -0.19
-0.84 1.05
-0.35 -0.02
1.60 -2.09
0.30 1.45
-0.40 1.03
0.45 -0.43
0.51 -1.08
1.20 -1.60
-0.51 0.85
1.04 -1.27
2.51 0.04
1.75 -1.29
-1.05 -0.50
1.48 -1.13
0.83 -0.40
0.18 -0.87
0.73 -1.81
-0.14 0.58
0.08 0.49
-0.36 -0.29
-1.13 0.23
0.57 -0.77
0.15 0.19
0.06 -1.42
-0.10 1.52
0.37 0.33
-1.23 0.92
2.08 -0.52
-1.13 1.55
-0.52 0.28
-0.83 -1.01
-1.11 -0.34
-0.98 0.45
-1.38 1.62
-0.39 1.00
1.20 -0.64
0.04 -1.06
0.95 -0.63
0.04 0.31
0.53 -0.82
-0.50 0.25
-0.26 1.00
-0.59 -0.93
0.41 -0.12
-0.52 0.15
0.64 0.24
0.27 -0.43
0.26 0.07
-0.20 0.70
-2.52 1.06
-0.00 0.04
1.38 0.84
-0.12 -1.24
-1.14 1.59
0.51 0.84
-1.56 1.92
-0.18 -1.31
-0.79 0.09
1.25 -0.92
-0.32 -0.61
2.03 -0.97
-0.35 0.48
-0.13 -0.13
1.33 -1.53
-1.00 1.61
0.19 0.26
0.53 -0.35
1.40 -0.32
-0.07 -1.16
0.30 0.08
0.07 -0.41
1.45 0.32
-0.81 0.28
0.29 0.07
-0.61 1.26
0.83 0.20
-0.16 0.06
-0.28 0.88
-0.70 1.32
-0.68 0.71
-1.59 1.18
