-1.29 -0.09
-1.27 -0.57
-0.75 -0.91
-0.03 -0.31
1.78 0.08
-0.00 -0.84
0.41 1.39
-0.90 -0.69
-2.35 -2.14
-0.54 -0.57
1.94 0.90
-2.03 -0.90
-0.10 1.09
-0.31 0.30
-2.09 -0.04
0.69 0.98
-0.62 -1.22
-1.19 0.70
0.64 0.59
-0.57 -1.66
-0.01 0.14
0.79 -1.62
1.29 1.41
-1.17 -0.25
0.84 -0.42
-0.89 -0.15
-1.04 -1.51
0.76 0.71
0.07 1.01
-0.15 0.09
1.08 1.32
-0.49 -0.38
-0.54 1.03
0.84 -0.42
0.14 -0.82
-0.60 -1.25
0.31 0.61
1.10 -0.29
0.90 -1.26
0.30 0.54
0.09 1.31
-0.59 -0.49
-0.29 -0.50
-1.01 1.18
-0.15 0.50
-1.78 -1.22
0.76 -0.14
0.56 1.69
0.06 -0.43
0.38 0.59
0.12 1.70
0.12 -0.96
0.51 0.04
0.38 -0.15
0.45 0.35
1.72 0.84
0.91 1.43
-0.57 -0.42
-0.30 2.05
0.15 1.46
-0.31 -0.66
0.05 0.44
-0.61 -1.51
-0.95 0.20
-0.28 -0.59
-1.95 -0.59
0.29 1.33
-0.20 0.47
-0.21 0.97
1.11 1.17
-0.52 -0.28
-0.02 0.16
-1.69 -0.27
-2.23 -2.43
-0.97 -1.22
0.94 -0.31
-3.75 -2.67
0.41 0.09
-1.00 0.25
1.21 0.87
-0.23 -0.76
0.45 -0.18
-1.27 -0.57
0.64 -0.19
1.08 -0.29
1.02 0.83
0.59 0.21
-0.45 -0.47
-0.22 0.65
1.27 -0.49
-2.03 -0.60
0.78 2.46
-0.14 0.36
0.70 -0.50
-1.13 -0.60
0.64 2.44
0.01 -0.75
0.27 -1.56
-1.81 -0.95
-0.61 0.28
