1.70 -0.97
0.59 1.05
1.30 1.83
-1.35 1.39
0.91 0.11
0.17 -1.84
-0.83 0.50
-0.91 -0.29
1.23 -0.85
-0.20 -0.70
-1.42 0.07
-1.54 0.19
-2.38 -0.61
-1.73 -2.25
-2.32 -0.03
-0.86 1.22
-0.68 1.46
-0.20 -0.26
0.74 -1.64
-0.50 -1.76
0.18 -0.24
0.56 0.22
1.57 0.48
-0.71 -0.88
0.08 -0.62
-1.55 -1.48
-0.15 -0.42
0.66 0.33
0.93 -0.13
-0.27 -0.35
-1.38 1.91
-0.35 -1.45
0.51 -1.01
-0.44 0.26
0.55 0.07
-0.88 0.03
-0.39 0.47
-0.82 1.59
-0.14 0.49
-0.39 -1.00
-1.22 0.44
0.17 -0.75
-0.22 1.08
1.51 0.45
-0.98 -0.25
1.39 -0.83
0.39 -0.47
1.24 -1.78
-0.41 1.37
0.07 -1.26
-0.44 -0.69
-0.29 0.59
-0.83 0.11
-1.35 -0.03
0.16 1.10
0.62 0.24
1.40 -1.39
0.04 -2.04
0.30 -0.32
1.81 0.88
1.96 -1.12
0.10 0.55
0.68 1.14
-3.10 -1.44
0.69 -0.33
-0.76 0.32
-1.68 2.36
0.80 -1.25
-0.33 -0.74
0.72 -1.53
-0.26 0.26
0.17 -0.20
-1.63 -1.87
-0.59 0.35
-0.20 -1.69
-0.83 -0.01
0.96 -1.08
-0.11 -1.20
0.35 0.55
-0.06 -0.95
0.73 -0.02
0.16 -1.66
0.02 0.67
-1.25 -0.19
-0.21 0.95
0.39 0.33
-0.42 0.79
-1.95 0.36
-1.07 0.65
-1.10 0.50
