-0.73 0.93
-0.13 0.13
2.33 -2.73
-0.57 0.19
-1.06 0.01
-0.85 -0.12
0.42 0.58
-0.61 -0.46
1.70 -1.56
-2.04 1.83
-0.44 1.02
0.03 1.37
0.45 -1.21
1.05 -0.67
-0.58 0.87
-0.07 -0.06
-0.26 -0.60
1.00 -0.84
1.87 -0.79
-0.02 -0.75
1.28 0.31
-1.06 0.81
0.29 -0.79
0.32 -0.88
-0.53 -0.53
0.46 -1.16
0.24 -0.20
-0.32 -0.18
-1.72 1.30
-0.98 0.71
1.42 -0.80
-0.57 0.73
-2.00 1.28
-0.04 -0.26
-0.22 -0.07
0.52 -0.79
0.90 -1.66
0.88 -0.51
2.09 -1.31
-0.02 0.44
-0.33 0.93
-0.63 0.59
-0.85 0.81
0.78 -0.72
0.60 0.19
-0.96 1.02
0.96 -0.94
0.16 -0.59
0.09 -0.67
-0.64 -0.03
0.90 -0.73
-1.40 1.55
0.29 -0.25
-1.23 0.84
0.24 -1.26
0.30 0.21
0.02 -0.99
-2.60 2.77
-0.29 -0.25
-0.31 0.43
1.84 -2.34
-1.45 1.18
-1.30 0.66
1.00 -0.50
-1.64 2.11
-0.27 0.14
-0.06 -0.83
-0.18 0.33
1.09 -0.28
0.80 -1.02
2.02 -2.44
-0.43 0.95
-0.39 0.38
-1.15 0.50
0.16 0.47
-0.08 0.51
-0.11 0.31
0.40 0.12
-0.61 -0.26
2.59 -2.06
-1.02 -0.43
0.90 -1.32
-0.34 -0.20
-0.26 0.06
0.80 -1.04
-0.89 0.21
0.39 -0.14
1.09 -0.58
0.82 0.91
0.73 -2.10
