-1.38 -1.38
1.86 1.86
-1.02 -1.02
-0.93 -0.93
-0.94 -0.94
0.53 0.53
0.12 0.12
-0.08 -0.08
0.42 0.42
-1.06 -1.06
-1.01 -1.01
0.49 0.49
-0.79 -0.79
1.79 1.79
-0.07 -0.07
0.82 0.82
-1.00 -1.00
0.05 0.05
-0.42 -0.42
1.64 1.64
1.82 1.82
-0.54 -0.54
-1.55 -1.55
-0.72 -0.72
-0.67 -0.67
1.86 1.86
0.89 0.89
-0.99 -0.99
0.00 0.00
-0.55 -0.55
0.81 0.81
1.35 1.35
0.02 0.02
-0.66 -0.66
-0.27 -0.27
0.17 0.17
-2.14 -2.14
-0.50 -0.50
2.26 2.26
-0.29 -0.29
1.42 1.42
-0.41 -0.41
1.55 1.55
-0.10 -0.10
2.08 2.08
0.72 0.72
-0.21 -0.21
-1.05 -1.05
-0.87 -0.87
0.22 0.22
0.36 0.36
-0.02 -0.02
0.41 0.41
-0.75 -0.75
-1.52 -1.52
1.69 1.69
-0.87 -0.87
1.06 1.06
0.62 0.62
-0.68 -0.68
-0.63 -0.63
0.37 0.37
-0.12 -0.12
1.09 1.09
1.64 1.64
0.89 0.89
0.84 0.84
-0.26 -0.26
0.62 0.62
-0.17 -0.17
-0.84 -0.84
1.51 1.51
-0.16 -0.16
-2.45 -2.45
0.47 0.47
0.34 0.34
0.09 0.09
-0.26 -0.26
0.13 0.13
-0.87 -0.87
-2.49 -2.49
0.35 0.35
-0.24 -0.24
-0.35 -0.35
0.93 0.93
1.45 1.45
0.59 0.59
-0.03 -0.03
0.23 0.23
0.92 0.92
1.76 1.76
0.32 0.32
-1.33 -1.33
-1.13 -1.13
-0.15 -0.15
0.21 0.21
-0.92 -0.92
0.12 0.12
0.89 0.89
0.22 0.22
