1.24 -1.10
1.13 -0.81
-1.44 0.74
-0.33 0.63
-1.42 1.23
-0.09 1.22
-0.98 1.23
1.11 -0.83
0.18 -0.27
0.25 -0.26
-0.71 0.94
0.81 0.08
0.67 -1.31
0.59 -0.33
1.91 -2.18
-1.37 1.16
-2.14 2.12
-2.05 1.31
0.11 0.06
1.23 -1.10
0.38 -0.01
-0.43 0.70
0.19 -0.30
0.49 -0.36
2.83 -2.78
0.42 -1.03
0.64 -1.66
-0.48 0.39
-1.17 0.53
0.54 0.10
-0.65 0.28
0.43 0.07
0.25 -0.28
0.57 0.53
0.94 -1.07
-0.57 0.77
0.05 -0.21
-0.01 0.00
1.36 -1.77
0.15 -0.69
-0.12 -0.65
1.50 -1.29
0.54 -0.21
-1.03 0.82
-0.44 0.71
-0.82 0.81
0.31 -0.44
-0.96 0.54
-0.48 0.79
-1.44 1.43
