-1.87 -1.87
-1.83 -1.83
1.23 1.23
-0.69 -0.69
0.84 0.84
-0.17 -0.17
-0.68 -0.68
2.04 2.04
0.56 0.56
0.14 0.14
-0.29 -0.29
-1.81 -1.81
0.19 0.19
0.81 0.81
2.23 2.23
-0.40 -0.40
-0.37 -0.37
1.18 1.18
-0.59 -0.59
0.66 0.66
0.81 0.81
-0.44 -0.44
-0.38 -0.38
0.31 0.31
-0.05 -0.05
1.20 1.20
0.59 0.59
-1.23 -1.23
-1.71 -1.71
-0.49 -0.49
-1.14 -1.14
0.02 0.02
0.83 0.83
-0.59 -0.59
0.35 0.35
-0.08 -0.08
0.35 0.35
-0.27 -0.27
0.16 0.16
0.87 0.87
-1.21 -1.21
0.15 0.15
0.25 0.25
-2.19 -2.19
0.70 0.70
-1.49 -1.49
1.47 1.47
-0.92 -0.92
-0.51 -0.51
-1.03 -1.03
