0.32 -1.08
-0.76 -0.71
-0.71 1.25
0.47 1.14
-0.41 -0.92
-0.74 -0.00
0.49 1.06
0.79 1.53
0.95 0.31
0.46 -0.31
-1.29 -1.27
-2.49 -2.31
-0.04 -1.07
-1.09 -0.26
-0.73 -2.00
-1.12 -0.27
0.81 -0.24
0.34 -0.31
0.47 0.05
-1.77 -0.90
-2.09 -0.77
1.65 -0.05
0.80 0.29
-0.41 0.64
0.60 -1.08
-1.16 -2.41
0.46 0.99
-0.42 0.21
2.14 1.53
1.55 0.07
1.55 1.60
-1.21 -1.49
-0.76 -0.14
-0.76 -0.28
-0.21 -0.14
0.56 0.31
-0.10 0.35
0.45 1.86
-0.89 -0.45
0.13 0.05
1.26 0.69
0.88 1.16
0.33 0.99
0.81 0.38
0.19 0.84
-0.03 0.13
-0.37 -1.83
0.45 -0.40
1.62 1.42
-0.17 0.41
-0.19 -1.35
-0.45 0.11
-0.50 -0.18
-0.61 -1.11
-0.19 -0.69
0.01 -0.43
-0.86 -1.50
-3.10 -1.49
-0.52 0.47
-0.07 0.13
-1.35 0.90
1.52 0.38
0.43 -0.22
-0.39 -0.73
0.75 -1.88
-0.92 -1.76
-0.46 -0.59
0.59 -0.03
-0.13 0.36
-1.51 -0.55
0.99 0.44
0.60 0.11
0.32 0.99
0.18 0.92
-1.40 -0.69
0.48 -0.17
-1.45 -0.73
0.77 0.32
1.38 -1.46
-0.14 -1.06
-1.01 -0.70
2.19 2.31
0.18 0.42
1.58 1.74
-0.37 1.06
-0.87 -0.57
-0.26 -1.25
-0.12 0.09
0.86 -0.47
0.05 -0.22
0.96 1.35
1.19 1.40
-1.02 -0.62
-1.67 -1.61
0.21 0.95
1.17 1.06
-1.66 -0.45
-0.98 -1.19
-1.27 -1.68
-0.55 0.09
