-2.54 -1.38
-0.86 -0.68
-0.52 0.41
0.29 -0.89
-0.19 0.56
-1.02 -0.51
-0.41 0.43
-1.12 0.45
0.75 0.43
-0.64 -0.53
-0.04 -0.85
-1.87 -0.95
0.14 -1.26
1.42 -0.60
1.20 -0.52
0.07 -0.88
0.80 -0.13
-1.72 -0.80
-0.49 -1.30
0.89 -0.31
-0.33 1.33
-0.98 -1.98
0.38 0.88
1.26 0.42
-0.86 -0.25
-0.34 0.80
-0.10 0.04
1.09 0.09
0.63 0.70
1.27 2.01
-0.18 0.37
-2.10 -0.69
-0.31 -1.63
1.38 0.04
1.42 0.15
0.07 0.15
-0.89 -0.33
0.55 1.56
1.45 0.87
-0.45 0.34
0.97 -2.27
-2.28 0.18
0.83 0.76
0.45 2.11
-0.59 1.43
-0.54 -0.28
-0.18 0.09
1.43 0.33
-2.03 -1.96
-1.06 -0.77
-0.07 -2.14
0.15 1.78
-0.23 0.94
0.93 1.70
0.16 -0.22
-1.96 -0.42
0.71 0.46
1.41 -0.54
1.35 0.13
-1.37 -2.28
1.73 0.94
0.97 -0.57
0.22 0.07
-0.04 -0.32
1.40 1.15
0.63 -0.03
-1.83 -0.74
-0.50 0.17
0.62 0.51
0.41 -1.58
-0.27 2.26
-0.77 -0.17
-0.25 -0.83
-0.65 0.69
1.32 -0.03
0.65 0.28
-0.20 0.31
1.38 0.45
0.80 -1.27
0.49 0.40
1.17 0.97
0.38 1.94
-0.91 1.01
-0.45 0.24
-2.19 0.58
-0.09 0.54
-0.37 -0.14
-0.21 -0.51
-0.75 -2.51
1.31 1.45
0.04 -1.51
-0.61 0.46
1.25 0.42
-0.19 1.25
-1.12 0.30
-0.58 -0.11
0.15 -0.75
0.69 0.68
1.45 -0.60
-0.22 0.02
