0.46 -1.50
-0.75 -0.51
0.00 -1.00
1.10 0.94
0.40 1.00
0.48 0.38
-0.59 1.06
1.05 0.85
-0.23 -1.52
0.01 1.30
1.20 1.07
-0.31 -1.31
1.32 -0.59
-0.59 -0.29
-1.09 -0.84
0.64 0.34
-0.95 -2.09
-0.40 0.88
1.17 -2.04
-1.36 -1.23
1.61 -0.45
1.05 1.27
-1.88 -1.52
0.26 -0.03
2.04 0.43
-0.94 1.40
0.78 0.45
-0.37 -0.73
0.81 -1.05
1.75 0.88
-0.62 -0.14
1.68 0.85
-0.31 -0.22
0.43 -0.15
2.10 0.68
0.30 -0.82
-0.57 1.59
1.01 -1.21
-0.11 -1.20
-0.43 0.76
0.13 -1.15
0.71 1.27
-0.33 -0.19
1.17 -1.10
-0.48 -1.10
0.02 0.07
-0.09 1.97
0.35 -0.65
0.23 0.33
0.38 -0.38
-0.12 -0.54
-0.58 -0.62
0.24 -0.41
0.12 0.44
2.09 0.91
-2.13 0.44
0.87 -0.31
-1.27 -0.89
-1.08 0.72
-0.56 -0.55
-0.61 -0.78
-0.83 0.05
-0.48 0.22
0.37 0.41
0.86 -0.27
-0.68 -0.22
0.43 -1.67
-0.71 -1.09
-0.04 -1.41
-1.38 -1.81
-0.44 -1.96
-1.28 -0.43
-0.86 1.87
1.13 0.27
0.68 0.20
0.51 -0.36
-2.66 -0.82
1.15 0.99
0.60 0.18
0.30 0.13
2.21 0.96
2.14 1.73
2.10 -0.36
0.86 2.61
-0.53 0.30
0.10 -1.49
0.74 -0.00
-0.76 -1.17
-0.81 -0.00
-0.79 -0.27
