1.20 -0.83
-0.35 -0.12
-2.27 1.64
0.07 0.60
-0.59 0.94
0.52 0.53
0.77 -0.71
-0.74 1.64
-2.02 0.92
-0.82 -0.27
-0.62 0.81
-1.24 0.81
-0.34 0.32
0.75 0.43
-1.08 0.02
-1.66 -0.79
0.87 0.64
-0.54 -1.07
-2.33 0.49
1.07 1.06
0.00 1.55
0.25 -0.04
0.41 2.25
0.21 -0.39
1.35 -1.70
0.40 0.45
0.75 0.69
-0.65 0.16
-1.40 -1.20
-0.06 -0.46
1.57 -0.10
0.67 -1.55
-0.48 -2.28
-1.00 -0.18
0.32 0.99
-0.64 0.24
0.54 -0.09
-0.91 0.80
-0.26 -0.83
-0.51 -0.25
0.40 1.66
2.51 1.64
0.47 -1.19
0.86 -0.78
-1.76 -0.25
-1.01 -0.43
-0.79 -1.10
-0.74 -1.36
-0.11 1.40
0.33 -0.71
