0.29 0.29
1.06 1.06
0.44 0.44
0.84 0.84
-0.18 -0.18
-1.02 -1.02
0.16 0.16
-0.66 -0.66
1.02 1.02
-0.41 -0.41
-0.83 -0.83
2.69 2.69
0.69 0.69
-1.24 -1.24
-0.10 -0.10
-1.33 -1.33
-1.12 -1.12
-0.44 -0.44
0.56 0.56
-2.43 -2.43
-0.04 -0.04
0.22 0.22
-0.88 -0.88
-1.66 -1.66
0.86 0.86
-0.73 -0.73
-0.03 -0.03
0.21 0.21
0.48 0.48
0.23 0.23
0.35 0.35
-0.69 -0.69
-0.58 -0.58
-0.00 -0.00
0.76 0.76
1.13 1.13
-1.45 -1.45
-1.02 -1.02
-1.38 -1.38
-1.32 -1.32
-0.56 -0.56
1.09 1.09
-1.77 -1.77
-1.23 -1.23
1.26 1.26
0.72 0.72
0.85 0.85
0.25 0.25
1.15 1.15
-1.30 -1.30
