-0.15 1.37
-1.32 0.58
1.89 0.23
-1.90 0.83
-0.46 1.44
-0.01 -0.86
-2.65 1.06
-0.23 -0.38
0.95 -0.79
2.14 -1.38
1.67 -1.47
1.16 0.95
-0.45 -0.97
0.87 -1.24
-1.00 -0.57
-0.08 0.34
0.31 -1.05
-0.07 -1.02
-0.67 1.24
-0.30 -0.30
0.03 -0.23
-1.24 0.94
-0.34 1.13
-0.37 -1.00
0.68 -1.23
-0.20 -0.27
-0.53 -0.99
1.08 0.12
0.10 -1.22
-0.08 -0.78
1.05 0.13
0.27 -2.63
-0.29 -0.91
0.92 -1.65
1.47 -0.51
0.11 0.37
1.68 1.89
0.78 -0.66
0.66 0.08
-0.42 1.00
0.45 1.32
0.44 -0.88
-0.45 -0.46
1.76 -0.49
-1.57 0.46
-0.54 -0.70
-1.65 1.13
-0.63 -1.06
-0.19 0.86
0.06 -1.41
