1.21 -3.04
-1.86 1.56
1.67 1.03
0.29 1.04
-0.96 0.82
0.47 -0.39
-0.57 0.99
-1.44 -0.62
0.18 -0.72
0.25 -0.50
0.51 -1.37
-0.82 -0.89
-0.58 1.68
1.29 -0.46
-0.15 0.94
-0.75 0.26
1.51 -1.70
0.39 -0.14
-1.40 -0.02
-0.63 -0.13
1.17 -0.33
1.60 -2.14
0.18 0.02
-1.17 -0.51
0.53 0.15
0.38 -1.31
-0.71 -0.32
-0.75 0.74
-0.65 -0.56
-1.94 1.46
-2.02 0.85
-0.27 0.26
-0.48 0.09
1.41 -2.27
-0.76 1.44
-0.40 -0.00
-0.93 -0.33
1.56 -0.86
1.41 -0.80
1.12 0.39
-0.15 -0.83
0.38 0.75
1.35 -1.33
1.08 0.75
0.57 0.37
0.95 -0.36
0.11 0.25
0.83 0.18
-0.13 -0.40
0.88 -1.11
