1.46 1.14
-0.17 1.55
-0.19 1.00
-1.11 -0.12
0.15 -1.00
0.63 0.37
1.00 0.72
-0.54 -0.33
2.15 2.17
-0.27 -0.62
-0.95 -0.25
1.70 2.02
-1.23 -1.40
0.15 -0.36
-1.47 -0.88
1.08 0.85
-1.11 0.00
2.28 2.65
-1.15 -1.67
-0.09 0.33
1.16 0.19
-0.52 -0.33
2.08 1.53
0.90 0.62
0.51 0.45
-0.25 1.07
0.29 0.66
-1.04 -2.18
-0.99 -0.79
-0.01 -0.42
-0.69 -1.14
-0.55 -0.78
-0.58 -0.22
-0.68 -0.36
0.04 -0.21
-0.32 0.38
-0.06 1.08
0.09 0.25
1.23 1.68
-0.56 -0.03
-0.19 -0.52
-1.95 -1.58
1.32 0.80
-0.55 -0.48
-1.15 0.01
0.82 1.25
-0.35 -0.59
-1.90 -1.23
-0.83 -0.78
-0.80 -0.41
1.01 0.01
-0.25 -0.80
-1.74 -0.57
-0.31 0.24
-0.68 -0.90
1.68 1.74
1.08 1.28
0.85 0.27
-1.34 -1.14
2.18 1.26
0.94 -0.06
-1.59 -2.00
0.50 1.52
0.29 -0.54
-0.70 -1.46
0.98 -0.02
-1.95 -1.23
-0.19 -0.07
-1.16 -1.80
0.99 1.08
0.39 0.27
1.17 0.71
1.78 0.95
0.64 0.04
1.07 1.70
0.20 0.22
-0.63 -1.00
0.46 1.52
1.14 0.12
-0.43 -0.87
-0.49 0.12
1.01 0.81
0.44 -0.76
-0.13 0.00
0.34 0.30
-1.23 -0.67
-0.85 -0.86
-0.97 -1.35
-0.62 -0.59
-0.47 -0.82
1.43 0.69
-1.27 -0.19
0.35 0.74
-0.15 -0.11
-1.10 -1.58
1.05 1.28
0.35 0.06
0.28 0.60
-0.60 -0.83
-0.52 -1.42
