0.28 0.56
0.64 -0.17
0.03 0.72
0.46 -1.76
-0.46 0.32
0.01 -1.35
0.15 0.77
-1.88 1.41
0.95 -0.04
-0.49 -1.26
0.83 -2.26
-1.29 0.98
1.55 -0.29
0.09 -0.92
-0.85 -0.29
-0.13 0.07
0.17 -0.89
-0.56 0.12
-0.47 0.50
1.05 -0.38
0.69 0.47
-0.38 1.38
0.02 0.47
-0.74 0.22
-0.09 1.78
0.83 1.21
-1.52 -0.29
-1.12 0.35
-0.56 -0.47
-0.55 -0.52
-0.47 0.83
0.13 -0.41
-1.26 -0.83
1.22 -1.39
-0.03 -0.09
1.15 -1.77
-0.04 0.13
-0.66 0.53
1.18 0.18
0.92 -0.08
-0.99 -0.45
-0.91 0.52
0.03 0.91
1.81 0.60
0.18 0.09
-0.24 0.00
1.31 -0.30
1.13 -1.27
-0.33 -0.47
1.09 -1.18
1.93 -1.49
-0.70 0.57
1.05 0.96
1.14 -1.94
0.91 0.14
-0.14 -0.66
-1.10 0.54
0.28 -0.88
1.37 -1.01
0.11 1.07
-0.34 -0.68
-3.06 1.13
-1.42 1.86
-1.84 0.35
0.82 -0.05
0.14 1.74
0.90 0.08
-0.35 -0.75
0.98 0.42
-0.50 -0.41
0.82 0.13
-0.53 1.30
-2.76 0.27
0.76 -0.36
0.89 -0.43
-0.67 0.41
2.43 -3.01
-0.96 1.78
-0.92 0.75
-0.98 1.72
0.29 -0.85
-1.14 0.78
-0.93 1.31
0.95 -0.76
-0.04 -1.47
-1.31 1.40
-0.28 0.69
1.23 -2.08
0.55 -0.43
-0.42 1.07
