-0.37 -0.48
-2.20 -0.13
0.21 -0.42
0.71 0.92
0.73 1.75
-0.62 1.38
-0.63 0.38
0.01 -0.58
-0.81 -0.82
0.55 1.21
-1.15 -2.31
0.57 -1.88
1.05 -0.06
0.60 1.07
-1.15 0.48
-0.90 2.09
-1.67 -1.30
-1.59 0.64
0.22 1.26
0.22 1.49
-0.48 -0.94
-1.03 -0.38
-0.80 -1.91
1.15 0.06
1.29 -0.24
0.23 1.07
0.96 0.01
-1.39 0.75
-1.41 0.36
-0.23 -0.97
-1.03 -0.17
-0.37 0.03
-0.23 -0.18
2.66 -0.03
0.21 0.95
-0.63 -1.86
0.91 -0.77
0.12 -0.91
1.61 -0.64
-0.99 0.67
0.59 0.02
0.29 -0.90
0.20 2.35
0.89 0.09
1.15 -0.55
0.95 -1.30
1.96 0.62
0.00 0.69
-0.38 -0.81
0.52 -0.56
-0.56 -1.26
-0.30 -1.30
0.40 0.31
0.53 -0.16
-1.00 0.44
1.44 -0.91
0.43 0.40
0.17 -1.32
-0.93 -0.45
-1.37 -0.83
-1.27 0.14
-0.59 -0.97
-0.46 -0.15
1.64 -0.18
-0.95 1.60
-1.43 -0.91
-0.74 -0.34
1.73 1.88
-0.83 0.23
0.56 0.83
1.56 -0.45
0.42 0.78
-0.87 0.34
0.88 -0.75
0.46 -1.42
-0.27 -0.26
0.46 -0.28
0.43 -0.57
0.19 0.09
-0.87 2.32
0.26 -0.51
-0.87 0.73
-1.03 -0.75
-1.60 0.82
-1.59 -0.73
-0.39 -0.21
1.33 -0.20
1.18 2.61
1.24 -0.09
2.02 1.19
