2.77 -2.77
0.94 -0.94
1.16 -1.16
-0.22 0.22
0.80 -0.80
0.25 -0.25
-1.49 1.49
-1.54 1.54
-1.42 1.42
0.87 -0.87
-0.89 0.89
1.04 -1.04
1.08 -1.08
0.22 -0.22
-1.49 1.49
1.02 -1.02
0.54 -0.54
0.59 -0.59
-0.64 0.64
-1.03 1.03
-0.14 0.14
-0.33 0.33
-0.27 0.27
1.11 -1.11
-0.32 0.32
-2.22 2.22
0.17 -0.17
-0.75 0.75
-2.73 2.73
-1.09 1.09
0.18 -0.18
0.52 -0.52
0.37 -0.37
0.44 -0.44
1.85 -1.85
-0.47 0.47
-1.57 1.57
-1.01 1.01
1.62 -1.62
0.55 -0.55
-0.68 0.68
-0.11 0.11
0.23 -0.23
0.97 -0.97
0.52 -0.52
-0.69 0.69
0.72 -0.72
2.24 -2.24
-1.46 1.46
-0.78 0.78
0.84 -0.84
0.71 -0.71
0.29 -0.29
0.46 -0.46
-0.31 0.31
-0.80 0.80
-0.89 0.89
0.96 -0.96
0.50 -0.50
0.64 -0.64
0.59 -0.59
-0.58 0.58
-0.33 0.33
0.70 -0.70
-0.10 0.10
1.52 -1.52
-0.20 0.20
-0.95 0.95
1.06 -1.06
-1.77 1.77
-0.54 0.54
0.59 -0.59
-0.77 0.77
-0.17 0.17
-1.19 1.19
0.26 -0.26
-1.65 1.65
0.57 -0.57
0.58 -0.58
-0.59 0.59
-0.57 0.57
-0.36 0.36
0.52 -0.52
0.47 -0.47
-0.49 0.49
1.91 -1.91
0.74 -0.74
-0.08 0.08
0.96 -0.96
-0.63 0.63
