1.00 -1.38
0.80 -3.05
0.62 -0.03
-0.12 -0.50
-0.09 1.85
-1.14 0.77
0.49 0.37
1.05 -1.71
0.41 1.29
0.88 0.63
1.54 0.43
0.07 0.14
1.91 -0.88
-0.63 0.39
0.54 0.76
0.12 0.58
0.27 0.90
-1.28 -0.63
-0.46 1.98
0.28 0.57
0.49 0.40
-1.69 0.38
-1.15 0.52
-0.68 0.18
-0.62 0.64
-0.73 0.95
1.04 2.44
-0.38 -0.14
0.98 -0.59
-1.55 2.04
1.48 0.58
0.26 0.18
0.15 -0.04
0.98 1.44
1.93 1.61
0.60 0.61
-0.71 -1.25
0.45 -0.62
-1.76 1.09
0.29 -1.82
-0.17 0.33
-2.18 -0.49
-0.31 1.37
0.58 0.70
0.38 -1.01
-1.09 0.01
-1.09 -0.34
0.47 0.61
1.29 -2.57
0.90 0.81
-0.22 -0.40
-0.93 -1.00
0.17 -0.13
1.32 0.30
0.12 0.48
2.09 0.55
-0.08 -1.05
-0.15 0.15
-1.04 1.64
-1.47 -0.20
-0.83 0.32
-0.18 -0.16
0.17 -0.75
0.33 -0.89
-0.30 -0.25
0.53 -0.09
1.87 0.65
0.20 1.13
-1.53 -0.23
-1.78 0.45
-0.54 0.34
0.30 0.20
0.01 0.06
0.58 -0.44
-0.81 1.27
1.55 -1.39
0.74 0.55
-1.62 -1.00
-2.74 1.72
-0.15 1.20
-1.10 -0.56
-0.31 -0.93
0.80 0.55
0.42 0.06
-0.28 -0.61
-0.01 -0.59
0.49 -1.51
-0.81 -0.73
-2.26 -0.74
0.57 -1.52
