-0.09 0.09
1.92 -1.92
-0.20 0.20
-0.31 0.31
-1.67 1.67
1.08 -1.08
-0.81 0.81
1.83 -1.83
0.65 -0.65
0.80 -0.80
0.91 -0.91
0.26 -0.26
0.99 -0.99
1.17 -1.17
1.77 -1.77
-0.93 0.93
-0.55 0.55
-0.62 0.62
0.54 -0.54
1.24 -1.24
-0.39 0.39
0.35 -0.35
0.87 -0.87
-1.71 1.71
0.76 -0.76
0.43 -0.43
0.43 -0.43
-0.55 0.55
-1.04 1.04
0.91 -0.91
-0.08 0.08
0.63 -0.63
-1.19 1.19
2.52 -2.52
0.59 -0.59
-0.39 0.39
-1.03 1.03
-0.48 0.48
1.98 -1.98
0.60 -0.60
0.31 -0.31
-0.86 0.86
-0.85 0.85
0.65 -0.65
-1.74 1.74
0.95 -0.95
1.92 -1.92
-0.07 0.07
-0.91 0.91
0.16 -0.16
-0.43 0.43
-1.18 1.18
-0.16 0.16
0.25 -0.25
-0.76 0.76
0.73 -0.73
0.84 -0.84
-0.33 0.33
-1.29 1.29
-0.11 0.11
-0.63 0.63
1.11 -1.11
-1.30 1.30
-1.53 1.53
1.48 -1.48
1.75 -1.75
0.08 -0.08
-1.56 1.56
-0.29 0.29
-0.97 0.97
0.78 -0.78
0.24 -0.24
1.73 -1.73
-0.37 0.37
-1.64 1.64
0.61 -0.61
1.15 -1.15
0.38 -0.38
1.37 -1.37
-1.08 1.08
-1.56 1.56
-0.26 0.26
0.53 -0.53
-0.33 0.33
-0.77 0.77
0.94 -0.94
-0.18 0.18
-0.78 0.78
-0.16 0.16
0.51 -0.51
