0.57 -0.16
0.48 -1.43
1.66 -0.80
1.11 -1.42
0.34 0.60
1.54 0.65
-0.99 -1.09
-0.95 2.10
-0.48 0.00
1.04 -0.98
0.58 0.65
0.87 -0.72
0.32 -0.75
0.97 -2.70
1.16 1.16
1.46 0.37
1.03 -0.90
0.48 0.90
-0.43 0.10
0.49 1.53
0.65 0.15
1.23 0.19
-1.00 2.08
1.76 -0.93
2.57 -0.68
-0.32 -0.41
-0.39 1.27
0.11 -0.99
1.17 0.79
-0.70 -0.34
-0.50 -0.64
0.96 -0.57
-1.33 -1.35
0.05 1.01
-0.18 -1.17
-0.98 0.14
-1.39 -0.67
-0.71 1.93
-0.62 -1.22
-1.07 -1.10
0.47 1.17
2.13 -1.70
0.73 -0.31
-0.10 -0.03
0.59 1.18
-0.81 0.14
-0.48 1.25
1.89 0.12
-0.63 -0.26
0.89 -0.06
1.01 -2.22
-0.90 0.15
-1.04 -1.67
-0.14 0.84
-0.69 -0.16
1.16 -0.63
-1.16 0.21
-0.41 0.94
1.22 -1.04
-0.14 -0.59
0.59 -0.36
0.92 -1.59
0.51 0.01
-1.48 -0.00
-2.39 0.94
-1.04 1.71
-1.33 0.11
-1.51 0.27
-1.50 -0.00
-0.13 1.21
-0.77 1.20
1.24 -0.28
-0.11 -1.21
0.26 -0.04
0.54 -0.89
0.78 -0.26
-0.95 1.20
0.24 -0.48
1.29 -0.28
-1.27 1.78
0.09 -1.35
1.72 -1.02
-0.67 -0.23
0.01 0.93
-0.24 0.58
-0.48 0.87
1.39 -0.88
-0.92 -0.33
-0.93 -0.56
0.11 -1.39
