-1.63 -1.51
1.15 1.54
0.81 0.07
-1.07 0.60
-0.45 -0.09
2.59 -1.82
-0.88 -0.78
1.01 0.58
0.20 -0.12
-0.57 -0.34
-0.92 -0.10
0.30 -0.67
0.71 0.14
1.61 -0.94
-0.66 -0.04
-1.31 -1.14
1.07 -0.09
-0.37 -1.54
-0.86 0.21
-0.19 -0.17
0.99 1.76
-0.22 0.40
-0.24 0.36
-0.43 -0.83
-0.24 -0.93
2.81 0.63
-1.04 1.32
-0.18 -1.05
-0.31 0.80
0.56 1.44
-2.03 0.42
0.12 2.96
-2.07 -1.02
1.09 0.26
0.06 0.14
-0.12 -1.61
-0.71 0.70
1.08 1.19
-0.26 0.79
0.45 -1.42
-0.44 -0.49
1.38 0.43
0.63 0.19
0.12 -1.09
0.32 1.10
-1.63 -0.96
-0.89 -1.98
1.23 0.30
-0.60 -1.10
0.47 -0.33
0.02 -0.64
-1.95 2.58
0.72 -0.38
-0.66 0.58
1.13 -1.04
-0.22 0.05
-0.45 0.14
1.16 0.63
0.97 -0.99
-1.50 -0.72
-1.72 2.22
-1.34 1.40
-0.49 -0.17
0.06 -0.25
-0.10 1.07
-0.10 -1.45
-0.21 -0.40
0.89 2.04
-0.58 0.63
1.05 0.95
1.09 -0.79
1.05 -0.62
0.54 1.66
-0.35 -1.00
0.38 -1.12
0.76 -0.69
-1.77 -0.49
-1.07 1.34
-1.95 -0.50
-0.58 0.32
0.42 0.30
-1.62 0.96
0.39 -0.85
-0.81 0.38
0.60 0.27
-0.72 0.00
0.84 0.26
-0.93 0.47
0.63 0.14
0.59 0.92
