-1.25 -0.28
-1.10 -0.13
1.09 1.49
0.92 1.33
2.19 0.38
0.06 0.80
-0.67 -1.08
0.57 0.44
0.15 1.88
-0.63 -0.01
0.23 0.26
0.58 0.36
-0.24 1.21
0.89 -0.52
0.57 -0.36
-0.99 -0.65
-1.94 -3.07
1.51 1.38
0.01 0.59
-0.15 -0.53
0.33 -0.42
0.19 -1.15
-0.29 -0.31
-0.94 -0.27
0.21 -0.81
3.64 2.58
0.04 -0.40
-2.52 -2.32
-0.79 0.28
1.06 0.51
1.14 0.46
0.20 -0.02
-1.33 0.77
1.22 0.92
-0.47 0.01
0.89 1.52
-0.46 0.07
1.11 -0.35
0.82 0.10
-1.52 -1.16
-1.84 -1.85
-0.18 -1.17
0.11 -0.75
0.37 1.62
-1.38 -0.24
-0.23 0.42
-0.03 1.25
-1.42 -1.18
-1.53 -1.61
-0.47 -1.21
1.31 0.79
0.54 1.04
0.14 1.86
-0.03 -1.28
0.96 0.72
-0.63 0.09
-0.73 -0.29
-0.68 1.24
-0.39 -0.72
-0.44 -0.17
1.03 0.60
-1.35 0.06
0.35 1.37
0.22 -0.21
1.80 1.14
0.33 0.66
-1.23 -0.55
0.97 0.68
0.80 0.92
0.26 0.63
-0.45 0.67
-0.64 0.22
-1.55 0.26
1.17 2.78
0.27 0.81
0.25 -0.81
-1.79 -0.57
1.31 0.47
0.63 -0.57
0.29 0.53
-1.59 -0.19
-0.18 -0.21
0.28 -0.41
-1.22 -1.28
0.06 0.25
-1.21 -1.88
0.24 -0.58
0.49 -0.79
1.69 0.43
-1.19 0.02
-0.71 -0.91
-0.97 -1.02
-0.42 0.62
-0.88 -0.89
-0.38 0.36
0.75 0.80
-0.04 0.75
0.08 -1.77
0.46 0.40
-0.76 0.03
