-0.99 -1.23
0.43 -0.03
0.53 -0.20
-2.07 -0.39
-1.46 -1.18
0.56 -0.34
0.85 -1.64
1.50 -0.56
1.85 -0.01
1.05 -0.20
-0.38 0.72
-0.07 0.31
0.15 1.22
-0.61 0.28
0.14 -0.87
0.24 -2.01
0.09 0.55
1.99 -0.47
-0.96 1.57
1.55 -0.65
-0.40 -0.13
2.26 -1.44
0.30 0.12
-1.06 1.49
-0.15 0.91
-0.16 1.23
1.43 -1.14
0.94 -0.59
1.99 -1.67
-0.29 0.25
2.26 0.59
-0.84 0.73
0.11 -1.61
-0.08 -1.19
-0.01 0.60
-0.82 1.25
0.06 -0.45
0.01 -0.49
1.62 -0.53
0.22 -0.44
0.21 0.63
0.11 0.62
0.28 -0.67
0.44 -0.03
-1.20 0.34
-0.79 -0.99
-1.03 0.75
1.94 -1.27
-0.17 -0.69
1.60 -0.20
0.84 -0.08
0.97 -1.58
0.17 0.40
0.71 -2.32
0.00 1.07
-0.99 1.04
0.39 1.76
-0.99 1.11
-0.15 0.90
0.61 1.65
-2.48 0.37
1.39 0.21
0.97 -1.34
-0.62 -1.29
1.38 0.42
0.07 -0.75
1.35 0.45
-1.36 1.24
-0.23 1.56
1.81 -2.53
-0.97 0.79
0.66 0.34
0.07 -1.21
0.99 0.07
0.58 0.45
-0.23 0.77
-0.89 1.58
0.13 0.62
2.96 -1.43
0.39 0.89
-0.68 0.07
-0.12 1.96
-0.36 0.46
0.48 -1.04
-0.04 -0.28
1.33 0.11
-0.27 0.96
0.41 -0.31
-0.39 0.29
0.81 -1.18
