-0.13 -0.27
-0.45 0.05
-0.65 -1.47
-0.84 -1.47
0.77 0.17
0.32 0.59
-0.42 0.07
1.89 1.36
-0.86 -0.51
0.08 0.01
1.13 1.38
1.11 1.14
0.06 -0.09
1.08 0.39
0.73 0.47
0.54 0.57
0.48 0.34
-1.48 -1.91
0.85 1.82
1.51 1.34
-0.36 0.30
-0.06 0.29
0.31 -0.66
0.03 -0.10
2.79 1.37
0.29 -0.19
-0.16 0.22
-0.47 -0.93
-0.51 -0.54
-2.29 -3.04
-0.91 -0.70
1.04 1.87
0.92 1.57
-1.67 -0.87
-1.03 0.08
0.61 -0.01
-1.63 -1.45
-0.05 -0.55
0.49 -1.00
-0.68 -0.52
-1.05 -0.21
1.04 0.46
-1.22 -1.72
-0.15 -0.50
1.83 1.09
0.31 0.50
-1.04 -0.13
0.68 0.83
-0.33 0.12
-0.09 -0.24
-0.82 0.64
0.39 -0.23
-3.80 -2.79
-1.64 -2.04
0.99 1.46
-0.35 0.39
-0.88 -0.05
0.66 0.95
-0.69 -1.31
0.24 0.33
0.55 -0.25
-0.96 0.37
1.10 0.33
-0.18 -0.48
1.51 0.93
0.41 -0.06
0.35 0.61
-1.18 -2.21
0.12 1.16
0.40 0.97
0.25 0.50
-0.30 -0.25
0.11 0.41
-1.07 -0.71
-0.52 0.54
0.34 0.96
0.78 1.34
-0.30 -1.28
1.24 0.27
-0.31 -0.00
0.11 -0.25
0.09 0.37
-1.73 -1.61
0.44 0.09
0.57 0.78
0.71 1.49
-1.07 -0.76
-0.91 -0.94
1.69 0.80
0.57 1.00
