-0.90 1.49
-0.15 2.28
3.15 0.65
1.19 0.48
-0.19 1.07
-0.36 1.11
-0.24 -1.40
-1.26 -0.52
-0.09 -0.63
1.59 -1.10
-0.17 1.49
0.00 -0.01
0.90 -1.25
0.36 -0.45
0.05 0.28
0.82 -0.73
-1.08 1.10
0.13 1.65
-0.12 1.27
1.20 1.72
0.69 0.35
1.12 0.89
-0.63 -1.13
2.44 -1.18
-0.18 1.47
0.92 -0.49
-1.19 -0.83
-0.33 -0.18
1.28 0.70
-0.52 -0.30
-1.06 -0.98
-0.10 -0.34
0.34 -1.02
0.55 0.23
0.89 0.23
-1.41 0.33
-0.91 1.17
1.02 -0.91
0.69 0.59
0.16 -0.24
0.00 -0.15
1.00 -1.61
0.59 -0.63
-0.04 0.36
0.65 -1.42
-1.73 -1.76
0.29 -0.66
1.94 -0.90
-1.68 0.17
0.96 -0.96
