2.03 0.42
0.50 -0.50
-0.96 -0.42
0.17 1.88
-1.37 -0.11
-0.70 0.46
0.81 1.24
-1.09 -1.35
0.03 -0.56
-2.77 -2.38
1.32 0.38
0.06 1.27
-0.32 0.31
-0.84 0.04
0.99 -1.17
-0.16 0.91
-1.12 0.91
0.84 1.19
0.28 0.06
-0.44 0.48
-0.70 -1.77
1.53 0.39
-0.20 0.26
0.29 0.23
1.04 0.63
-0.97 0.62
-2.33 -2.48
-0.03 -1.11
0.39 0.96
-0.38 0.08
-2.04 0.19
-1.07 -0.12
-0.41 0.05
1.48 -0.50
1.62 1.69
0.21 1.67
0.74 0.26
0.71 -1.34
-0.94 -0.49
-0.31 0.73
0.04 1.14
0.22 -1.93
0.81 0.26
0.07 -1.06
1.42 0.79
0.06 -0.35
0.38 0.05
0.75 -0.19
0.61 0.38
-0.28 -1.22
