0.68 -0.58
-0.12 1.19
2.19 -1.31
0.30 0.60
-0.27 -1.36
0.66 -0.44
2.36 -1.02
0.38 0.55
-0.79 0.52
0.39 0.48
0.42 0.62
0.74 2.13
0.25 0.36
-0.10 0.44
0.13 -0.99
0.33 -0.20
-1.81 0.05
0.19 0.38
1.20 -0.08
-0.35 -1.28
-0.72 0.19
-0.46 -0.34
0.85 0.80
-1.52 -0.58
0.11 -1.29
-0.25 0.88
0.55 -0.06
0.46 -0.44
1.59 0.11
-1.78 0.86
-0.33 0.52
1.44 -1.55
0.44 0.97
-0.28 -1.25
-0.47 0.30
0.86 0.38
-1.15 -0.18
0.13 1.72
-0.91 -0.49
-0.32 -0.49
-0.38 -1.10
-0.95 0.03
1.77 0.61
-0.12 -1.14
0.33 -0.61
1.82 0.11
0.17 -0.80
-0.53 -1.27
-1.42 0.38
0.45 -0.62
1.68 0.37
1.56 -0.68
-0.07 0.79
-0.48 -2.10
0.79 0.15
-2.06 -1.83
-0.83 2.16
1.39 2.30
0.49 1.13
-0.33 -1.50
-0.57 0.58
0.65 1.59
0.02 -0.14
1.04 0.32
0.02 -0.07
-0.35 -2.44
-0.44 -0.17
0.23 0.84
-0.77 -0.64
0.75 0.79
-1.24 0.18
-1.47 -1.72
0.07 1.16
-0.79 0.91
0.37 1.61
0.52 -0.88
-2.93 -1.19
-0.22 -1.60
-0.67 -0.74
-0.09 -0.17
-1.21 -0.56
0.43 -0.16
-1.89 0.88
0.40 -0.96
-0.43 -2.10
-0.97 -0.42
-0.11 -0.32
-2.47 1.11
1.23 -1.21
-1.21 -0.34
