-0.03 1.40
0.63 0.52
1.53 -0.75
1.00 0.05
-0.53 1.53
0.55 0.72
-0.08 1.22
-1.43 -0.25
2.05 -1.09
-1.51 -0.13
-1.60 -0.95
0.94 -0.80
1.18 0.62
-0.35 -0.22
-1.42 0.20
-1.44 1.42
-1.27 -0.30
-2.05 -0.25
-0.62 0.72
0.50 -0.88
-2.11 1.38
0.26 1.00
-1.29 0.65
-0.42 0.84
-0.19 0.47
0.05 -1.54
-0.99 1.52
1.51 -0.37
0.97 -0.91
1.06 0.75
-0.92 0.50
-0.42 2.00
-1.15 0.74
-0.62 1.30
-0.21 -1.08
-0.32 -2.16
0.80 0.55
0.45 -1.01
-0.59 0.33
0.18 1.05
-0.24 0.07
-0.63 1.88
-1.71 0.46
-0.06 -0.08
-0.01 -0.77
-1.45 1.09
-1.12 2.17
-0.58 2.09
0.62 -0.73
-1.63 -0.16
