-0.16 -0.13
0.37 0.87
-0.01 1.47
-1.88 -0.27
1.04 0.29
0.53 1.83
0.61 -0.44
-0.85 0.11
-2.20 0.27
-0.23 -0.36
1.97 1.04
0.16 -0.71
-0.85 -0.76
1.15 0.03
0.78 0.72
1.35 1.21
0.52 0.59
-0.65 -0.13
-1.37 -0.03
-1.12 0.07
1.96 0.50
-0.13 -0.12
1.10 1.49
0.05 1.05
0.02 -1.27
-0.21 -0.86
-1.39 0.73
-0.61 -0.63
-1.23 -1.98
0.60 -1.08
-0.18 -0.69
-0.33 -0.29
-1.09 -0.11
-0.10 0.92
0.52 -0.07
0.12 0.95
1.44 0.17
-0.85 -0.57
-0.85 0.47
-0.57 0.72
1.58 0.66
1.87 -0.02
-0.53 -1.10
0.29 -0.06
0.05 1.20
0.46 1.72
-0.48 0.45
0.26 -0.70
1.07 1.05
-0.78 -1.73
0.47 -0.57
0.95 0.85
-1.13 -1.12
0.32 0.43
-0.25 -0.27
1.55 0.35
-1.71 -0.33
-0.78 0.19
1.74 0.82
0.19 -1.02
1.02 1.82
0.32 -2.13
2.59 1.95
2.57 0.67
-0.28 -1.96
0.23 -0.35
-1.27 -0.41
-1.06 -1.04
-1.05 -1.63
0.27 0.57
-0.30 -0.09
-0.94 -0.13
-0.38 -0.40
-0.09 1.04
0.52 0.31
0.95 1.55
-0.58 -0.62
-0.41 2.14
0.86 -0.32
0.64 0.56
-1.14 -1.61
0.57 0.55
1.06 -0.82
0.07 0.20
-0.63 -0.62
-0.40 0.33
-1.40 -1.51
1.51 0.52
-1.01 -1.03
-0.08 0.39
0.85 1.19
0.66 2.35
0.26 -0.09
0.75 0.90
-1.86 -2.65
1.12 1.49
1.56 2.05
1.05 0.00
-0.26 -0.27
-1.15 0.35
