0.40 -1.06
1.03 1.36
-0.19 -0.21
-1.01 -1.40
2.74 -1.41
-0.69 0.81
1.40 -1.31
-1.70 -1.16
-1.13 -0.98
1.28 0.41
0.65 -1.60
0.05 -1.93
-0.53 0.44
-0.19 -0.50
0.18 -1.02
2.07 0.58
-0.08 1.52
-0.27 -0.84
-0.05 0.53
0.98 0.09
0.26 -0.15
-1.08 1.17
0.17 1.16
-0.14 1.43
-1.71 -0.57
0.52 -0.23
-1.87 0.56
0.25 0.45
-0.90 -1.09
0.62 0.69
-0.96 0.29
0.42 -0.51
1.52 0.47
-0.39 1.03
-0.52 -0.09
-0.93 -0.76
-0.83 0.55
0.27 1.75
0.35 1.82
-0.78 1.25
0.39 -0.98
0.90 0.55
0.38 0.40
-1.73 -0.63
1.23 1.36
0.03 -1.30
-0.10 1.02
-0.07 -0.93
-0.82 0.56
-2.07 -1.22
