-0.09 1.15
0.92 -0.59
0.28 0.91
0.20 0.16
0.81 0.04
1.25 1.30
-1.36 -1.17
-1.15 -1.28
0.81 0.84
1.37 2.00
-0.79 0.47
-1.47 -1.68
1.58 1.82
0.28 0.64
1.82 1.28
-0.90 -0.42
-1.45 -0.97
-0.68 -0.76
0.50 1.19
-0.91 0.00
-0.20 0.17
-1.73 -1.66
0.71 1.30
-0.41 -0.50
0.77 1.09
-0.37 -0.36
1.28 0.37
-0.01 0.07
-1.05 -1.13
-0.18 0.76
-0.12 0.08
-0.22 -0.32
-1.64 -1.00
-0.28 0.40
-0.06 -0.19
0.24 0.48
-0.68 -0.91
0.81 0.58
0.71 -0.24
-1.66 -0.19
1.95 1.14
-0.89 0.12
-0.11 0.16
-0.31 0.64
-0.05 -1.04
0.90 0.60
-0.01 0.29
1.54 0.51
1.59 0.67
1.07 1.03
-1.21 -0.45
0.42 0.88
-0.20 0.47
-0.59 -0.23
-0.62 -1.12
0.35 -0.96
0.34 0.52
0.99 1.42
-0.94 -0.95
0.64 1.85
0.93 -0.38
-0.70 -0.84
-1.07 -1.59
-2.55 -1.82
0.46 0.99
0.65 0.85
-0.15 -0.76
-0.60 -0.93
-0.62 0.30
2.77 3.15
-0.01 0.26
1.20 0.73
0.84 1.14
0.97 0.18
1.13 1.43
-0.64 -1.04
-0.97 -0.25
0.11 -0.44
-1.45 -2.33
-0.55 0.71
-0.65 -1.11
1.39 1.49
2.42 1.82
0.19 0.52
1.14 1.41
-0.10 -0.43
-0.57 -0.82
-0.30 -0.68
-0.44 -0.11
-0.89 -0.54
