0.19 0.16
-0.62 -0.54
0.86 -0.38
-2.29 -2.30
-0.47 -1.55
1.86 1.20
-0.72 0.26
1.24 0.87
0.60 0.81
0.53 1.45
-0.38 -0.69
-0.81 0.33
0.91 0.44
-2.68 -2.62
-0.41 0.34
-0.86 -0.39
-1.47 -0.15
-0.44 -1.08
-0.27 0.42
0.57 0.35
1.07 0.35
-1.91 -1.59
0.33 -0.24
1.42 1.43
1.02 1.53
0.65 0.53
-0.31 -0.72
-0.20 -0.28
0.94 0.62
-1.00 -1.15
0.40 -1.00
-0.76 -1.87
-1.80 -0.52
1.58 0.83
1.61 2.21
-0.08 -0.41
0.11 0.52
-1.82 -1.11
0.57 0.44
-0.92 -0.15
-0.03 -0.46
0.53 -0.30
0.48 -0.35
-0.96 -0.71
0.01 1.09
-0.06 -0.30
0.46 0.15
0.55 0.33
-0.28 -0.22
0.34 0.60
-2.31 -1.38
-1.22 -0.82
-0.56 -1.06
1.50 1.94
0.85 1.16
0.90 1.84
-1.11 -1.05
-0.38 -0.72
1.61 1.14
0.43 -0.27
-1.81 -1.86
-1.16 0.07
0.62 0.32
0.44 -0.29
-0.10 -0.74
-1.39 -1.32
0.28 0.30
0.03 -0.45
-1.39 -1.77
0.65 0.52
-1.17 -0.31
-0.86 -0.70
0.94 1.09
-0.30 0.26
2.23 2.20
0.21 -0.74
-1.66 -0.95
0.36 -0.37
-0.10 0.61
0.31 0.45
0.43 0.61
0.79 1.47
0.61 0.10
0.61 0.99
0.12 -0.17
0.66 0.48
-0.57 -1.55
0.05 -1.30
0.82 1.00
-0.02 -0.74
