-0.73 1.16
1.14 -0.27
-1.16 0.11
1.12 0.35
0.65 -1.55
0.88 -2.96
-1.32 0.67
0.59 1.40
-0.56 -1.22
-1.03 0.37
-1.89 1.02
0.28 0.30
2.29 0.44
0.96 -0.27
1.99 1.04
-1.59 -0.04
-0.36 0.54
-0.57 0.47
-0.77 0.14
-0.50 1.85
-0.40 -1.04
-0.21 1.47
0.82 1.20
-0.84 -0.07
-1.45 1.78
-0.25 0.08
1.07 -0.86
0.34 0.82
-1.38 -0.20
0.38 1.89
-1.59 0.64
0.73 -0.24
1.09 0.41
0.12 0.61
0.23 0.26
-0.37 -0.37
-1.41 0.11
1.00 -0.85
1.78 -0.14
-0.44 -0.90
-0.40 0.59
-1.39 1.28
-0.41 1.35
1.29 -0.82
-1.04 0.21
-0.50 1.00
-0.10 2.73
0.62 0.70
-0.15 -1.26
0.11 0.67
