0.67 -0.30
2.04 -1.89
1.50 -1.16
-0.44 0.33
-0.39 0.25
1.95 -0.99
-0.28 -0.20
0.49 -0.71
-2.93 2.49
0.23 -0.19
-1.03 0.43
2.45 -2.25
0.15 -0.09
-1.46 1.46
0.33 -0.20
0.70 -0.66
0.80 -1.05
-0.38 0.47
-0.08 -0.50
-0.01 0.25
-1.51 1.73
0.06 -0.65
1.54 -1.08
0.46 0.12
0.47 -0.39
0.29 -0.65
0.51 -1.70
0.01 -0.84
0.58 -1.16
-0.61 0.93
-0.37 0.16
1.33 -1.04
0.48 0.16
-0.03 -0.54
1.74 -2.25
0.17 -0.19
-0.67 1.30
0.06 0.13
0.48 -0.53
-0.67 0.64
-0.90 0.30
-0.42 0.20
-1.04 0.76
-1.06 1.54
1.04 -0.21
1.36 -1.79
1.56 -1.68
0.42 -0.59
-0.17 0.33
0.15 0.65
