0.79 0.30
0.07 0.90
0.59 0.75
-0.14 -0.20
0.50 0.50
1.75 1.20
0.19 0.78
-0.71 -0.17
2.44 2.14
-0.07 -0.32
0.27 0.32
0.07 -0.87
0.40 0.31
-0.25 -0.14
0.49 0.75
0.74 0.03
0.10 -0.26
1.41 2.10
0.79 0.59
-1.08 -0.90
-0.96 -1.38
-1.05 -0.21
0.36 0.45
0.47 0.89
-0.20 -0.09
-1.17 -0.79
-2.20 -2.34
0.80 1.58
-0.15 -0.40
1.22 0.88
-0.01 0.47
0.03 0.34
1.07 0.97
-1.05 -0.86
1.56 1.38
-1.03 -0.53
0.84 1.05
-0.32 -0.61
-0.16 0.26
-0.96 -1.45
-2.12 -1.57
1.66 1.75
-0.24 0.09
0.86 0.70
1.51 1.19
1.36 1.21
-0.51 -0.25
0.06 0.17
0.82 0.51
-0.99 -0.85
-0.10 -0.08
0.92 0.49
1.79 0.98
0.92 0.99
0.35 -0.36
0.34 0.49
-0.75 -0.78
1.23 2.36
0.59 0.93
0.42 0.32
2.48 2.77
-0.20 -0.27
1.32 0.26
-0.60 -0.06
0.21 0.32
-1.68 -1.43
0.89 1.29
0.23 0.45
-0.00 0.07
-0.69 -0.51
0.89 0.79
0.31 -0.27
2.77 2.73
-2.18 -2.14
1.10 0.89
-0.65 -1.01
0.17 0.14
-0.46 -0.61
1.64 2.08
0.22 0.15
0.93 0.01
0.40 0.43
-1.57 -1.81
0.65 0.66
2.38 1.71
0.68 0.52
0.08 -0.37
-0.49 -0.11
1.09 0.22
-0.73 -1.09
0.37 0.63
1.65 1.52
-0.06 1.12
-0.51 -0.79
-0.81 -0.34
0.74 1.73
-0.66 -0.72
1.27 1.51
1.04 0.11
-0.78 -0.68
