1.12 0.45
-0.52 1.07
-0.63 2.43
-0.65 -0.27
-0.10 -0.23
-0.55 0.87
1.34 0.91
-0.02 -1.04
0.61 -1.76
0.05 -0.87
-1.38 -0.45
0.52 1.06
-0.03 0.87
1.93 0.78
0.07 1.89
1.21 0.70
1.49 0.98
0.70 0.13
0.86 -0.10
-0.22 -1.01
0.05 0.63
0.85 -0.22
0.08 1.43
-0.43 -0.52
-0.75 -0.61
1.95 -1.16
0.19 -2.84
-1.73 -1.87
-1.44 0.13
0.72 0.64
-1.43 0.34
0.70 0.96
-0.58 -0.31
-1.39 1.27
0.21 -0.31
0.36 -0.77
0.31 0.59
-1.63 0.39
1.22 0.84
0.08 -0.90
-0.99 0.39
-1.26 -0.66
0.88 -0.84
-1.04 0.20
-0.73 0.58
-2.53 -0.32
-1.36 0.81
1.30 0.88
-0.70 -1.07
-0.81 0.97
1.28 -0.09
0.75 0.02
-0.04 1.60
-0.40 -0.72
0.25 -1.91
0.56 0.77
-0.05 0.32
-0.48 0.26
-0.39 1.56
1.05 1.69
-0.13 -1.10
-1.08 0.16
0.86 0.05
-1.31 -0.66
-1.08 -2.13
-1.19 -0.08
1.60 1.81
-2.15 -2.32
-0.63 -1.02
-0.95 -0.86
-0.00 -0.36
0.04 -0.45
-0.02 0.59
-0.89 0.75
2.33 1.94
0.52 0.89
-0.26 0.11
-0.44 -0.45
0.86 -1.17
1.37 -0.13
1.17 0.88
-0.48 -1.69
0.42 -0.62
0.59 -0.51
1.25 -0.30
-1.24 -0.08
0.52 0.78
-0.17 0.40
0.77 0.01
-0.02 -0.63
-1.09 -0.91
0.24 0.15
-1.30 1.26
0.33 0.43
-1.60 -0.82
1.23 -0.94
-0.70 -0.41
1.43 0.01
1.56 -1.75
1.26 0.61
