1.06 -0.72
-1.30 0.42
0.49 0.41
-1.34 -1.75
-0.72 0.32
3.07 -0.21
1.20 0.82
-0.30 0.13
1.98 -0.74
-0.55 0.88
-0.63 0.45
-0.97 -1.28
0.23 1.70
-0.73 -0.21
1.47 0.15
-0.83 0.60
0.81 0.92
0.29 1.49
0.94 -1.15
-2.09 2.46
0.04 2.57
-0.16 0.44
-1.42 -0.32
0.74 -0.12
-0.65 -0.23
1.49 -0.56
0.65 0.26
-1.20 1.13
0.54 0.04
-1.26 -0.47
0.56 -0.27
0.17 -0.37
0.18 -0.61
-0.51 1.34
-1.26 -1.51
1.40 -0.59
0.53 1.51
1.46 -0.80
0.11 -1.47
-1.17 1.54
0.60 1.08
1.38 -0.64
1.02 0.19
0.20 1.44
0.28 0.43
0.32 0.97
-0.07 -2.76
0.45 1.58
-1.69 2.12
-0.60 -0.59
0.07 -0.74
-1.34 0.82
-0.19 -0.91
0.30 -0.33
0.55 0.82
2.01 0.44
-0.65 -0.56
-0.93 0.43
-0.21 0.30
-1.53 -0.50
-0.20 1.08
-1.01 -0.48
0.55 -0.23
0.80 -0.76
-0.72 0.22
-0.03 0.39
-0.59 0.25
0.43 0.38
0.76 0.51
-2.08 0.71
1.57 -0.82
1.77 -0.08
0.85 -1.24
-1.02 1.14
-0.36 -0.60
-1.30 0.90
-0.76 -0.48
0.24 -1.25
-1.11 -0.73
-1.33 0.85
0.49 -0.80
0.48 0.44
-0.82 0.91
-0.69 -0.49
0.50 0.76
1.02 0.22
1.11 -0.82
-0.78 -0.76
-0.12 -1.46
-0.34 -0.29
0.43 2.55
0.32 -1.27
-1.01 0.59
1.08 -1.29
-0.09 -0.43
0.82 0.51
-1.39 -0.73
1.20 1.72
1.25 1.82
-1.10 -0.39
