-0.54 0.08
-0.65 0.08
1.00 1.05
0.35 -0.12
-0.55 -0.43
0.99 -0.18
-0.16 1.17
0.96 0.90
-0.90 1.83
-2.61 0.13
-0.22 0.33
-1.34 -0.30
-1.43 0.70
0.13 -1.11
1.16 0.59
1.89 0.82
-1.50 -0.16
-0.58 0.78
-0.63 -2.32
-1.59 -0.10
-0.14 -0.88
-0.82 -1.40
0.03 1.30
-0.58 -1.48
0.72 0.42
1.08 -0.30
-1.39 -0.34
0.04 1.63
0.32 0.80
1.03 1.11
-1.48 -0.24
-0.04 0.51
-0.42 1.35
-0.46 -0.02
-0.18 1.02
0.00 -0.75
0.21 0.87
-0.41 1.95
-0.03 -2.16
1.00 -0.49
2.55 0.17
-0.76 0.03
0.49 0.34
0.54 0.21
-1.23 1.81
-0.51 0.93
-0.32 -0.74
1.52 0.23
0.01 -0.61
0.67 -0.32
-0.39 -1.01
1.13 1.81
-0.08 -0.21
-0.99 2.17
-0.06 2.21
1.12 0.72
2.54 1.19
0.52 0.11
-0.63 -0.63
0.61 -1.58
1.34 0.28
0.79 -0.92
1.55 1.31
-1.69 1.39
1.69 -1.10
-0.73 1.42
-0.60 -1.20
0.01 0.39
0.66 -1.72
-1.14 -0.12
1.14 -1.63
-0.33 -0.48
-0.09 -0.91
-1.10 0.17
-0.80 -1.35
0.66 -0.25
0.34 -0.57
0.70 -0.23
0.22 0.69
1.62 1.47
0.99 -1.34
-1.23 1.05
-1.85 0.28
-1.15 -0.24
0.88 -0.59
0.17 0.82
0.90 -0.18
-1.16 0.23
-0.19 1.02
0.73 -0.56
