-0.10 2.19
1.15 -0.97
1.65 0.15
0.96 1.75
0.51 -1.10
-3.38 -1.42
-0.37 0.48
-0.04 0.24
0.45 0.53
1.05 1.20
0.16 1.79
-1.84 -0.90
0.23 -0.87
1.11 -0.13
-0.27 -1.27
-2.28 -0.19
1.05 0.66
0.11 -0.03
0.25 0.57
0.47 1.20
0.83 -0.19
-0.25 -1.46
-0.08 -2.36
-0.86 -0.06
-0.51 -1.57
-1.35 0.29
-0.14 -0.53
-0.16 0.79
-0.32 -0.10
-1.37 0.12
1.10 -0.08
-0.34 0.42
-1.24 -0.37
0.83 1.23
0.21 0.44
-1.80 -2.18
-0.59 -0.92
1.23 1.32
-0.77 0.03
-0.15 0.45
-0.14 -0.07
-0.76 0.53
1.58 1.75
-0.95 1.02
-0.24 -0.80
-0.39 0.14
-0.23 -0.32
0.09 -0.09
1.22 0.69
0.45 -0.94
