0.21 -0.21
-0.71 0.71
1.06 -1.06
0.44 -0.44
-0.85 0.85
0.28 -0.28
0.17 -0.17
1.59 -1.59
-2.16 2.16
-0.16 0.16
-0.02 0.02
0.40 -0.40
0.18 -0.18
2.06 -2.06
-0.10 0.10
0.77 -0.77
-0.70 0.70
2.80 -2.80
-0.31 0.31
0.10 -0.10
0.25 -0.25
1.56 -1.56
-0.02 0.02
-0.90 0.90
0.03 -0.03
0.10 -0.10
0.16 -0.16
-0.30 0.30
-0.35 0.35
0.87 -0.87
0.05 -0.05
0.24 -0.24
0.79 -0.79
1.10 -1.10
-1.20 1.20
-1.78 1.78
-0.95 0.95
-0.07 0.07
0.21 -0.21
-1.66 1.66
0.78 -0.78
-0.80 0.80
0.41 -0.41
-0.06 0.06
0.21 -0.21
-0.67 0.67
-1.88 1.88
-1.06 1.06
0.61 -0.61
-1.22 1.22
0.58 -0.58
-0.01 0.01
2.07 -2.07
-0.56 0.56
1.10 -1.10
0.51 -0.51
-0.09 0.09
1.06 -1.06
-1.37 1.37
0.69 -0.69
0.73 -0.73
-1.24 1.24
0.87 -0.87
-1.68 1.68
0.65 -0.65
0.47 -0.47
-0.28 0.28
-0.46 0.46
0.16 -0.16
-1.81 1.81
0.17 -0.17
1.77 -1.77
1.38 -1.38
1.05 -1.05
0.49 -0.49
0.01 -0.01
-0.30 0.30
0.14 -0.14
-1.23 1.23
0.60 -0.60
0.44 -0.44
-0.64 0.64
0.80 -0.80
0.77 -0.77
-0.41 0.41
2.21 -2.21
0.54 -0.54
-1.74 1.74
-2.31 2.31
0.96 -0.96
0.00 -0.00
-2.20 2.20
0.64 -0.64
-1.35 1.35
0.49 -0.49
-0.91 0.91
0.46 -0.46
-0.86 0.86
0.05 -0.05
0.05 -0.05
