-0.25 1.09
0.33 0.64
-0.28 1.27
0.66 0.32
0.57 -0.94
0.46 1.85
-0.18 1.23
2.38 1.86
-1.64 -0.94
-0.36 0.96
-0.82 -1.89
0.05 0.00
1.24 0.03
-0.77 -1.47
1.68 1.20
0.42 -1.97
1.38 0.27
-1.42 -0.57
0.46 0.66
-0.43 -1.02
-1.38 -0.53
-1.05 1.59
1.10 -0.67
-0.04 0.79
-0.83 -1.44
1.53 -1.90
-0.34 0.26
0.48 -1.26
-0.55 0.30
-0.29 -1.29
1.70 0.09
-0.18 -0.19
-2.29 -1.55
-1.34 -0.89
0.65 -0.15
0.04 -0.54
-0.18 -0.20
-1.23 1.13
0.31 1.02
0.03 1.15
1.75 0.52
-1.18 -0.83
0.54 0.74
0.46 0.42
0.49 0.61
-1.36 -0.04
1.33 0.38
0.22 0.25
0.86 0.02
-0.80 -0.39
