-0.96 0.61
-0.87 -0.65
0.09 0.81
1.66 -1.26
-0.28 -0.46
0.52 0.21
0.16 -3.16
-1.58 -1.43
-0.26 0.13
0.41 0.52
-0.04 -0.74
-0.34 -0.11
-0.55 0.24
0.16 -0.94
0.26 -1.67
0.17 0.35
-0.38 -1.06
1.17 0.80
1.32 0.53
1.18 -0.31
-0.50 -0.67
0.33 -0.69
-2.00 0.83
1.23 1.03
0.41 0.71
1.41 1.37
-1.49 0.20
-1.77 -0.49
-0.24 -1.71
-0.09 0.31
-0.38 0.46
-0.27 -0.26
-0.76 -1.34
-1.46 0.76
-1.29 0.34
-1.24 0.54
-1.39 -1.37
-0.76 1.13
-0.50 -0.54
0.93 -2.11
0.05 -0.50
-1.62 -0.59
1.93 0.83
-0.14 0.58
-0.78 1.94
-3.11 0.25
0.09 0.37
-0.16 -0.32
0.28 -1.83
-0.33 -1.13
