-1.62 -1.16
-1.60 1.56
1.72 -0.65
-0.52 -0.32
0.69 1.21
0.62 1.57
-0.23 0.03
-0.29 0.91
-0.92 -1.13
-1.47 1.47
0.19 1.42
0.83 -1.93
0.49 -2.10
0.78 0.23
-0.30 0.02
0.69 0.85
-0.52 -0.20
2.25 1.52
-0.58 -0.20
0.16 1.00
-0.85 0.14
-1.23 0.04
0.60 1.06
0.43 1.16
0.12 -0.60
0.52 0.06
-0.25 0.53
-0.08 -0.60
1.18 -0.08
-0.95 -1.00
0.77 0.97
0.64 0.29
-1.64 0.01
0.60 -0.42
2.36 1.45
-0.53 -1.00
-0.41 0.26
1.68 0.29
0.05 0.25
-0.33 -0.60
0.29 -0.10
-1.37 0.85
-0.08 -1.07
1.27 -0.30
-1.50 -1.71
0.15 0.16
-1.65 -2.51
-0.37 -0.98
-0.23 0.81
1.59 1.05
