0.28 -0.63
-0.09 -1.27
0.36 0.30
0.32 0.23
-1.42 -1.30
0.70 1.05
0.74 -0.07
-0.20 1.22
-0.86 0.47
-0.08 1.36
-0.41 1.30
-0.17 -1.84
-1.83 -0.09
-1.54 -0.18
-0.16 -0.31
-0.21 -0.43
-1.10 -2.36
1.58 2.20
1.29 -0.65
0.86 1.05
-1.71 1.51
-0.59 0.74
0.52 -0.29
-0.72 0.93
-0.00 0.56
-1.78 0.36
-1.12 0.20
-1.60 0.14
0.86 0.01
-1.30 -0.79
-0.24 -0.89
0.58 0.45
1.70 -1.74
2.19 1.78
0.73 0.96
0.33 -1.11
-0.50 -0.13
-0.07 0.39
0.51 -0.29
-1.03 1.06
0.39 0.08
0.79 0.18
-0.18 1.27
0.21 0.64
1.34 1.38
0.92 -1.50
0.63 -0.47
0.04 0.20
-1.57 -0.34
1.44 -0.19
-0.50 0.78
-1.90 -0.42
-1.05 -0.28
0.51 -0.31
0.77 0.04
0.64 -0.38
1.66 -1.17
-0.89 0.43
1.00 2.19
0.60 1.02
-0.35 -1.18
0.71 0.06
-1.54 -1.62
1.88 -1.01
0.51 0.23
-1.11 0.09
-0.79 0.31
0.28 0.79
-0.49 0.17
-1.32 1.11
-0.39 -1.16
0.47 0.79
-1.44 -0.05
2.33 -1.04
1.12 -1.19
-1.08 -0.50
-0.44 -0.24
1.43 -1.46
-0.07 -0.34
-1.45 -1.58
0.49 -0.47
1.01 1.85
0.56 0.20
-0.04 -1.47
-1.73 -0.99
-2.31 -0.49
0.18 0.10
0.26 1.31
-0.00 0.07
-0.56 -1.11
1.12 1.42
-0.64 2.94
0.34 -1.49
0.84 0.38
0.39 0.24
-0.09 -1.27
0.60 0.14
-0.10 -0.43
0.45 -1.07
1.24 0.92
