-0.10 -1.81
-0.63 0.81
-0.26 0.74
0.76 -0.42
0.27 1.24
0.56 -0.51
-1.40 -0.02
-0.73 0.11
0.49 -0.23
0.22 -1.33
-0.25 -1.09
0.18 1.44
-1.27 0.95
0.38 -0.27
-1.01 -1.45
-0.89 -1.13
-0.42 -0.75
1.61 -1.16
-1.04 -1.59
0.26 -0.29
0.08 0.42
-0.01 0.65
-0.04 -1.43
-0.01 -0.20
1.20 0.98
0.25 0.03
1.08 1.10
-2.44 -0.36
-0.49 -0.20
-0.15 0.86
0.75 0.76
-1.79 -0.34
1.50 1.08
1.08 0.66
-0.30 -1.91
-1.39 0.60
-0.45 -1.05
0.52 1.27
-1.21 -0.88
-0.48 -0.79
0.47 0.17
-0.99 0.03
0.96 0.39
0.30 1.30
-2.19 -2.04
0.40 0.71
-0.91 -1.44
0.21 0.43
1.77 0.36
1.37 -0.25
0.27 1.85
-0.04 -0.93
1.22 -0.83
1.19 1.36
-0.45 0.44
1.90 1.04
-1.42 -1.91
0.09 0.06
-2.49 1.03
-2.02 -0.41
-2.22 0.96
1.90 0.25
0.22 0.48
-0.03 -1.44
-0.52 -0.38
-0.47 -1.95
-0.10 -1.63
0.49 -0.56
-0.15 -0.85
0.87 0.63
1.11 0.26
-1.85 -2.01
0.24 0.89
1.12 0.16
-0.33 -1.03
-1.87 -0.06
1.71 1.06
-0.28 -0.12
0.52 0.38
0.22 -0.86
0.60 -1.02
-0.79 0.05
-0.86 1.31
-0.04 -0.67
-0.24 2.11
-0.62 -0.15
0.40 1.68
0.39 0.77
-0.49 0.06
0.74 1.11
