-0.10 0.68
-0.57 0.44
0.61 -2.24
0.57 -2.10
-0.23 -0.35
-0.18 -0.54
-0.55 1.27
0.02 1.40
-1.07 0.13
-0.03 -1.83
0.46 0.86
1.69 -1.81
-0.94 -0.64
0.99 -0.05
-0.04 -1.70
-0.37 0.07
-0.36 1.63
-0.80 0.17
0.86 0.81
-0.52 -1.67
-2.53 2.26
1.52 -0.85
-1.67 0.34
1.00 -1.22
0.32 -0.87
-0.09 -1.67
-0.48 0.21
0.11 -1.73
1.94 -1.15
0.44 0.84
0.15 -0.63
0.30 -0.75
-0.18 0.10
-1.06 1.07
0.70 0.30
1.64 0.94
0.19 0.22
1.29 -1.08
0.70 -0.10
-0.44 -0.74
0.12 -0.01
-1.21 0.89
-0.36 0.21
-0.78 1.37
-0.65 -0.01
-0.51 -0.42
-0.10 -0.57
1.22 0.25
-0.16 -1.75
0.66 -1.17
-2.10 0.62
-0.71 -1.28
-0.58 -0.27
0.33 -0.72
-1.07 -0.49
0.62 -0.24
0.29 1.49
0.86 -0.73
0.65 0.17
-2.92 -0.75
0.73 -1.22
-0.41 0.35
1.48 0.05
-1.55 -0.00
-0.38 1.59
-1.93 1.51
0.71 0.39
2.04 -0.87
-1.46 0.04
1.07 -1.55
1.42 0.10
-1.00 0.39
0.62 -0.74
-1.20 0.45
0.91 -1.53
2.20 -1.79
2.05 0.95
0.72 0.93
0.60 -0.83
0.45 1.26
-0.09 -1.54
0.85 -0.61
0.18 -1.14
-0.62 -1.52
-0.32 -0.46
-0.54 -0.11
0.39 0.75
0.79 -0.47
0.08 -1.00
0.67 -0.49
