0.43 -1.27
-0.85 0.20
-0.65 0.79
0.12 0.29
-0.99 1.26
-1.04 2.26
-0.92 0.06
0.64 1.22
0.04 0.50
-0.10 0.36
-1.42 -1.84
0.17 0.24
0.79 2.13
-0.66 -0.30
0.55 1.48
0.65 -0.19
-0.99 0.10
-0.72 -0.62
0.55 -0.82
1.02 -0.18
0.65 -0.23
0.58 1.65
0.47 -0.31
0.98 0.41
-1.45 1.31
0.31 -0.70
0.53 0.78
0.95 0.20
-2.86 -1.28
0.08 1.52
-0.34 0.76
-0.07 -1.39
2.92 1.96
0.35 0.78
-2.52 0.16
0.28 0.85
1.19 1.42
-0.31 0.56
0.55 2.14
-0.36 -1.14
-0.33 -0.85
1.51 0.41
-1.84 0.82
1.77 1.98
1.31 -0.44
0.85 1.40
0.44 1.37
0.53 0.31
1.55 -1.02
1.05 -0.44
-0.73 -1.57
-0.15 1.13
0.89 0.56
-0.38 -0.64
-0.40 1.51
-0.34 1.00
-0.67 0.12
0.06 1.14
-2.18 -0.27
-0.35 0.54
0.04 0.28
0.02 0.09
0.25 0.72
0.50 0.58
0.36 0.57
-1.62 -0.30
0.12 -0.25
-0.48 -0.14
1.32 -0.05
-0.70 -0.89
-0.97 -0.19
-1.20 0.17
-0.48 -0.15
-2.06 -2.25
-0.96 -1.25
-0.32 -0.48
0.83 1.69
0.04 -0.17
0.41 0.26
1.05 1.15
-2.12 -1.59
0.99 0.14
-0.42 1.05
2.01 1.31
-1.10 0.82
-0.81 -1.40
-1.22 1.38
-1.12 0.83
0.78 0.41
0.54 -1.22
-1.18 -0.94
0.61 -1.29
0.30 0.60
-0.04 -1.56
-1.28 -0.27
-0.55 -0.18
-0.06 -0.20
0.18 -0.21
-1.06 0.70
0.79 -1.79
