-0.39 -0.18
0.58 0.68
1.80 1.46
-1.34 -2.31
-0.20 -0.41
1.16 0.28
0.28 0.27
-0.66 -1.43
0.47 0.40
-0.05 0.77
-1.04 -1.04
-2.29 -2.49
-1.07 -1.40
0.90 0.73
1.48 1.76
-2.48 -1.47
-0.66 -0.83
-0.41 -1.19
-1.16 -1.48
-1.22 -1.37
-1.58 -1.43
-1.31 -0.13
1.22 0.88
0.60 0.19
-0.52 -0.51
-0.72 0.69
0.19 -0.41
-0.10 -0.76
-1.37 -1.68
-3.00 -2.23
-0.19 -1.77
-0.98 -1.48
0.01 0.04
-1.40 -0.62
-0.13 -0.04
1.55 0.82
0.08 -0.43
-1.23 -0.64
-1.10 -0.63
-0.59 0.09
0.19 0.23
-0.33 0.44
-0.21 0.43
-0.26 0.03
0.36 -0.20
-0.69 0.16
-0.79 -0.65
0.40 -0.32
0.34 1.64
-1.32 -1.27
