-1.41 -0.94
-1.28 -1.66
-0.76 -0.25
1.12 -0.77
-0.25 0.48
-1.32 -1.49
-0.43 -1.25
-0.68 -0.00
-0.38 -1.35
0.90 0.18
-1.08 -0.47
-0.37 -0.00
-0.49 0.18
-0.14 -2.00
0.58 0.13
-2.34 -2.28
-0.28 -0.22
-0.83 -0.27
0.97 -0.53
0.57 0.17
0.17 1.08
2.34 0.79
1.52 1.86
0.35 0.18
-1.52 -1.41
0.30 0.44
-0.39 -0.00
1.47 0.90
-1.23 -1.02
1.67 0.43
-0.57 -0.60
0.50 1.97
-0.90 -1.22
0.75 0.81
-0.30 -0.50
1.82 -0.70
0.90 -0.01
2.33 1.77
0.47 0.64
-1.05 -0.22
0.13 -0.75
0.17 -1.57
-0.78 -1.35
0.28 0.61
0.31 -0.34
-0.14 1.55
0.05 -0.37
-0.31 1.37
-0.47 -0.30
0.81 0.98
