-1.34 1.60
0.01 -0.16
0.47 0.74
-0.21 -2.24
0.21 0.75
-1.01 1.08
1.64 -0.25
-0.81 -1.02
-0.73 1.16
-1.72 -0.09
0.18 0.35
-0.62 -0.54
-1.51 0.36
-0.86 2.24
-0.28 1.73
0.46 0.56
-0.10 -1.46
-0.60 -0.80
-0.13 0.66
0.24 0.51
0.44 -0.78
-0.64 0.10
-1.08 0.75
1.21 -1.62
0.73 -1.50
-1.91 1.80
-0.88 1.89
0.52 0.03
0.61 -1.13
-0.57 -0.51
0.86 -0.49
0.03 -0.25
-0.82 -0.29
1.30 -0.24
-0.29 -0.04
1.19 -0.44
1.24 -0.48
3.25 -1.74
0.75 -0.11
0.74 -0.76
-0.52 -0.11
0.09 -0.01
0.93 -1.24
0.85 -0.00
1.84 -1.40
-0.66 -0.20
1.44 0.73
0.69 0.77
0.90 -1.00
0.78 -1.08
