-0.25 0.53
2.40 2.17
-1.14 -1.44
-0.40 -0.13
0.29 0.22
0.23 1.61
-1.11 2.00
0.66 -1.45
1.26 -0.83
0.13 -0.12
-0.97 0.44
0.36 0.12
-0.55 -1.16
-0.85 0.71
0.08 0.30
-1.03 -0.55
0.95 0.74
-0.53 -0.44
-1.10 -1.80
1.53 0.20
-2.49 -0.44
0.12 -1.18
0.10 1.96
-0.13 -0.45
0.48 1.60
0.53 0.97
0.18 0.79
0.03 0.57
-1.47 -1.36
1.03 -0.04
0.23 0.65
-0.90 0.14
0.65 -0.85
-0.16 -0.13
1.41 -0.01
-0.25 -0.88
-1.59 -2.06
0.07 -1.48
-1.34 -0.28
0.56 1.51
-0.86 -1.01
0.16 -0.31
0.86 -0.16
-1.19 0.56
-0.90 -0.07
-1.15 -0.12
-0.05 0.90
-0.23 -1.41
-1.40 -1.26
-1.21 -1.31
0.53 -1.64
0.37 -0.06
-0.42 -0.46
0.83 0.11
-1.09 -0.95
0.83 0.33
1.15 0.91
-0.45 0.37
-0.79 0.79
0.07 -0.46
-0.67 -0.48
-1.94 -0.93
1.37 0.46
-1.24 -0.09
-1.14 -1.14
-2.71 -0.50
-0.73 1.74
0.04 -1.06
0.06 1.24
-0.10 1.04
1.64 1.37
-1.75 -2.03
-0.47 1.66
-0.08 0.16
0.07 0.89
-2.16 -1.01
1.73 1.62
0.85 -0.06
0.30 -1.66
0.12 -0.60
-0.85 -0.40
-0.52 -0.33
-0.59 1.05
1.12 -0.29
-2.19 -0.90
-0.02 0.84
-0.66 -0.77
-2.21 -1.00
0.37 -0.58
-0.31 -0.92
