-0.30 0.24
-2.26 -0.31
-0.66 -0.73
-0.35 0.41
-0.12 0.35
-0.01 -0.18
1.49 -0.63
-0.11 -1.68
-0.38 1.34
-1.03 -0.15
-0.24 0.16
0.76 -1.06
0.57 -0.28
0.00 -0.32
2.44 -1.14
-0.39 -0.48
-0.19 1.52
-0.14 0.80
1.54 -1.36
-0.55 1.84
-1.49 0.50
-0.62 1.37
-0.75 0.65
0.34 -0.19
-0.00 0.01
-0.69 1.49
-1.30 1.01
1.48 0.61
1.64 -0.91
0.47 0.03
-0.20 -0.47
-1.23 1.07
-1.54 1.41
-0.27 0.57
0.32 -1.16
0.20 1.44
0.14 0.31
-0.53 -0.67
0.51 1.35
2.89 -1.95
1.29 0.54
-0.24 0.77
0.48 -1.67
1.02 1.18
-1.88 1.55
-0.26 0.46
-0.80 0.61
-0.02 -0.74
0.84 -0.78
0.59 -2.06
1.01 -1.97
-0.47 0.95
2.22 -1.19
-0.72 1.55
0.20 0.01
-0.35 -1.47
-1.80 0.43
0.11 -0.81
0.09 0.76
0.71 0.05
0.67 -0.30
0.36 1.25
2.50 -1.82
-1.85 1.43
-1.69 -0.61
0.27 -0.16
0.16 -0.33
1.03 -1.65
0.33 0.31
-0.55 0.80
-0.11 0.65
1.71 0.67
0.35 0.70
-1.20 1.29
0.23 -0.30
-0.51 0.56
-0.95 -0.36
0.21 -1.08
0.56 -1.70
-1.34 0.57
-0.89 -0.31
-1.04 0.61
-1.68 -0.70
-1.03 0.79
-0.65 0.57
-1.13 1.10
0.37 0.36
1.44 -1.05
0.39 -0.25
-1.22 1.33
0.28 0.04
-0.24 -1.06
0.65 1.34
-0.54 0.27
-0.06 -1.39
0.19 -0.83
1.24 -1.72
0.24 0.47
0.76 -1.27
1.27 -1.19
