0.04 -0.01
0.76 1.19
-0.06 -0.31
-0.98 -0.09
-0.16 -1.48
0.17 0.93
-2.24 -1.02
-0.45 1.51
-0.38 -0.90
0.95 0.68
-0.52 1.60
-0.65 0.49
2.60 -0.69
1.73 1.46
0.86 -0.10
0.64 -1.60
-0.01 -0.55
0.21 -1.53
0.17 -0.67
1.14 0.52
-1.10 0.73
0.02 1.04
-0.11 -0.58
1.84 0.68
0.34 1.32
-0.17 0.66
-1.60 -0.87
-0.27 -0.03
-0.41 0.22
-0.37 -1.35
-1.06 -1.81
-2.34 0.43
-0.68 -1.35
0.97 0.68
0.69 -0.17
0.04 -0.95
0.47 0.54
1.57 -0.84
-0.43 1.69
-1.14 0.52
-0.07 1.38
-0.23 0.86
0.74 2.34
-0.38 -0.09
-1.42 0.42
-2.01 -0.20
1.29 -0.23
1.85 -0.94
1.04 0.05
-1.36 -0.23
-0.93 -0.76
-0.34 -0.46
1.14 0.02
1.10 -1.75
-0.96 0.96
1.36 -2.27
2.08 -0.89
-0.51 1.00
0.57 0.19
0.05 0.77
-0.53 -1.30
-0.01 -0.98
-1.16 1.11
0.42 0.56
-1.51 -1.09
0.32 -0.43
-0.03 -0.24
1.13 -0.54
-0.36 -1.09
-0.01 -1.44
-0.38 -0.60
0.27 0.59
0.83 -1.21
-1.68 0.92
0.45 0.14
-0.11 -1.25
0.82 0.10
1.82 0.47
0.80 1.88
-0.56 -1.17
1.39 -0.52
-0.22 0.41
0.21 -1.53
-0.22 -1.08
1.12 0.28
0.83 -0.24
0.54 2.50
-0.24 0.74
-1.50 -0.21
-1.39 0.41
