0.27 1.28
-0.64 -0.65
0.34 -0.74
0.24 -1.05
-0.65 1.66
0.27 -1.38
-1.22 0.54
0.91 -0.18
-1.08 -0.01
-1.43 1.09
0.11 -0.48
0.43 -0.60
-0.44 0.41
1.07 -0.32
1.50 0.66
1.13 -0.56
1.32 0.00
-0.76 -0.72
-1.69 -0.77
-0.80 0.19
0.87 -0.08
-0.45 -1.24
-0.19 -0.34
-1.16 1.40
1.17 2.89
-0.96 0.90
0.90 -0.91
-3.66 -1.60
0.45 -0.82
-0.51 -0.11
-1.04 0.50
-0.30 0.23
-1.20 1.14
0.23 1.76
-0.83 -1.38
0.07 -0.81
0.88 0.04
-0.00 -0.64
-0.91 -0.81
-0.84 1.45
0.53 -0.65
-0.08 0.68
-0.73 -1.33
1.15 -1.79
1.06 0.98
-0.30 0.50
-0.43 0.63
-2.21 -1.60
0.77 -0.01
0.06 -0.49
