1.19 0.42
0.36 -0.25
-3.17 0.17
0.08 0.00
0.60 1.12
-0.53 -0.51
-0.44 0.35
0.73 0.71
1.15 -0.55
0.99 -0.29
1.46 1.91
0.75 0.57
1.43 1.00
0.54 0.08
-0.69 1.20
-1.28 1.26
-0.18 -0.93
0.23 0.88
-0.80 -1.11
0.57 -0.55
-1.88 0.01
-1.15 1.25
0.21 -0.90
-1.20 -0.15
-0.54 0.02
0.90 0.82
-0.98 -1.10
-0.09 0.46
-0.64 0.42
-1.58 1.52
1.26 2.27
0.38 0.94
-1.14 -1.95
-0.16 -1.96
-2.08 -0.59
-0.10 -0.56
-0.43 -0.76
-1.00 -0.13
-0.27 -0.98
-0.59 -0.21
-1.80 -0.96
0.57 -0.56
0.77 0.57
-0.71 -0.04
-0.89 0.27
-0.19 1.19
0.45 -1.20
0.15 0.97
0.87 1.46
0.65 -0.89
-0.42 0.87
-0.42 -0.97
-0.80 -0.55
-0.15 -0.37
0.20 -0.22
0.08 0.05
-2.26 -1.12
1.77 -0.71
-1.60 1.61
-0.03 -1.54
-0.51 -1.89
1.71 -0.23
0.34 -2.42
1.06 0.26
-1.43 0.46
-0.54 0.50
0.14 0.06
1.73 0.81
-0.85 -2.55
0.62 0.10
-0.10 -0.66
0.57 1.39
1.07 0.98
-0.07 -0.72
2.21 0.09
-0.37 1.03
1.46 0.47
-1.04 -0.72
0.62 1.44
0.47 -0.02
1.31 2.05
0.78 0.29
1.35 0.60
-1.27 0.04
-0.81 1.01
0.12 0.32
1.19 0.45
-0.26 -1.13
0.12 -0.29
-0.37 1.44
0.25 -2.55
0.15 0.52
0.49 -0.95
0.95 -0.64
0.95 -0.51
1.53 0.58
0.73 -0.88
-1.73 -1.22
-0.31 0.74
-0.40 -0.05
