1.21 0.44
0.61 -0.28
-0.70 -0.15
1.14 -0.55
-0.40 0.21
0.74 -0.62
0.89 -0.46
0.34 -0.51
-0.52 -0.90
-1.58 -0.29
0.81 -0.46
1.93 0.81
-0.30 0.47
-1.41 -0.54
-1.06 -0.02
0.34 1.14
-1.17 -2.24
-0.10 -2.43
-1.39 1.44
-0.26 0.98
0.37 -0.15
-0.31 -0.46
0.37 1.38
1.24 0.87
-0.89 -0.39
0.68 0.65
-0.18 -0.41
0.26 0.13
-1.59 -0.56
1.18 0.59
-1.12 0.71
-0.23 0.06
1.58 1.48
1.40 0.46
0.14 -0.27
-0.27 -0.13
0.29 -0.63
-0.50 1.43
-0.76 -2.59
0.09 0.89
0.51 -1.09
1.77 0.55
0.66 -0.72
-0.03 1.15
1.89 1.17
1.24 0.99
-0.91 -0.85
0.63 -0.92
1.03 0.02
1.10 1.68
-0.24 -0.29
1.50 -1.83
-0.17 0.95
0.44 1.48
0.21 0.70
-0.71 -2.28
2.06 0.25
-1.53 0.70
-1.75 0.14
-1.73 -0.86
-0.17 -0.84
0.16 -0.53
0.50 0.63
0.46 1.22
0.61 -0.78
0.69 1.78
-0.64 2.26
-2.43 -2.23
0.04 1.16
-0.49 -0.96
-0.80 -1.26
0.15 0.04
-0.17 -0.46
1.26 0.13
0.28 0.22
-0.30 1.16
0.83 -0.76
0.01 -0.89
-0.23 0.07
0.06 -1.50
0.91 1.04
1.05 1.87
0.74 -0.31
-2.24 -1.06
-0.14 0.93
0.76 0.89
1.25 0.40
-0.13 -0.56
-2.20 -1.80
-0.49 0.61
1.07 -0.08
0.00 -0.19
-1.50 0.48
0.23 0.10
-0.09 -0.42
-0.53 -0.97
-1.83 0.77
-0.66 -0.77
-0.62 0.35
-2.24 0.23
