0.26 -0.23
0.21 -0.75
-1.26 -0.89
0.09 -0.11
-1.91 -1.89
-1.25 -1.49
0.04 1.06
-1.18 -1.35
0.74 0.88
0.23 0.61
-0.07 -0.01
0.88 0.71
-0.44 -0.41
0.33 0.45
0.05 -0.27
-0.32 -0.86
1.02 1.67
-2.03 -2.11
-1.75 -1.58
0.18 0.40
0.91 0.39
0.07 -0.11
0.69 1.14
2.00 1.97
0.62 0.34
-0.43 -0.87
0.32 -0.37
0.72 0.72
0.52 0.04
-0.32 -0.37
-0.90 -1.31
-0.11 -0.04
0.13 -0.41
-0.08 -0.14
2.29 2.05
-1.48 -1.57
0.45 0.32
-1.74 -1.07
-1.26 -0.29
-0.27 0.50
0.78 0.16
-1.16 -0.89
0.89 1.34
1.71 1.38
0.68 0.33
-0.75 -0.94
0.46 0.40
-1.38 -0.60
-0.69 -0.76
1.85 0.46
0.76 1.01
-1.01 -1.21
0.75 0.99
0.71 1.34
-0.34 -0.02
0.02 0.10
-0.59 -0.05
-0.38 -0.29
-0.35 -0.78
0.05 0.54
-0.83 -0.72
2.00 1.78
0.35 -0.12
0.67 0.47
0.92 0.02
0.79 2.35
-1.96 -1.56
-0.32 -0.33
-0.80 -0.87
0.56 0.67
-0.12 -0.18
0.39 0.52
1.38 2.08
0.44 -0.11
1.18 1.53
1.02 0.75
-1.27 -1.29
0.61 0.56
-0.75 -0.72
0.11 0.64
-0.31 0.01
-1.37 -0.61
1.28 1.02
-0.40 -0.49
-0.58 0.02
-0.10 -0.28
0.91 0.87
0.33 0.66
1.36 1.34
0.81 1.03
-1.96 -1.82
1.82 1.28
-1.21 -1.27
-2.46 -2.64
0.87 0.50
-0.80 -0.80
-0.03 -0.31
-1.00 -0.77
1.19 0.82
-0.73 -1.26
