-0.85 0.24
1.47 1.29
0.82 -0.01
-1.30 0.90
0.19 -1.19
1.07 0.90
0.58 1.21
1.34 0.51
1.39 0.38
-0.36 0.24
0.48 0.96
0.19 -1.00
-0.06 -1.63
-1.26 -0.36
-0.51 -1.32
0.34 0.86
-0.55 -0.06
1.97 -1.53
-0.47 -0.40
-2.00 1.61
1.08 1.38
0.38 -1.21
-1.09 0.71
-1.04 1.18
-2.03 0.74
1.57 -0.47
0.58 -1.12
0.74 -1.01
0.22 1.16
0.09 -0.44
0.67 -0.19
0.45 -2.18
2.51 -0.30
0.21 -1.06
0.81 -0.28
1.44 2.00
1.63 -0.63
-0.83 -0.20
-0.24 -0.29
-0.20 0.99
-1.15 0.06
-1.38 -0.38
0.69 0.77
0.24 -0.73
0.23 -0.47
0.30 0.44
-0.67 -0.94
0.63 0.41
0.42 -0.61
0.96 -0.99
0.80 1.24
-0.91 -1.53
0.02 -0.88
1.27 -1.24
0.78 -0.26
1.41 0.90
-0.19 0.16
-0.10 -0.01
0.06 1.40
-0.61 -0.89
-1.45 -0.01
1.18 0.66
-0.50 0.27
-0.17 1.32
-1.32 -0.82
1.20 1.74
1.35 0.36
0.75 -1.75
-0.36 -0.29
-0.42 1.80
-0.27 -2.37
-0.93 -1.18
0.32 -1.53
1.08 -0.65
0.74 1.47
-2.49 1.07
-0.67 2.00
0.03 -0.02
-1.58 -0.21
-1.51 0.23
-1.00 -0.13
-0.90 -1.21
-0.97 -1.55
0.98 0.55
0.81 1.34
-0.26 -0.89
0.20 0.18
0.03 0.83
0.52 -0.29
-2.85 0.68
-0.15 0.13
-1.27 0.58
0.73 -0.37
0.49 -1.28
-0.43 0.87
1.66 1.99
0.66 -0.40
-0.33 0.98
-0.27 -0.19
0.45 0.15
