0.67 -0.82
-0.24 -0.23
-0.27 -1.21
1.91 0.43
0.31 -1.56
-0.41 -0.99
1.32 -0.40
0.49 -0.43
2.92 0.27
-0.90 1.00
1.14 0.01
0.45 -0.68
0.14 0.96
0.14 0.27
0.09 -0.43
-1.74 1.44
-1.24 0.10
0.53 0.24
-1.19 -0.28
0.87 0.18
-0.59 1.58
1.05 -0.32
1.84 -0.53
0.72 1.17
0.11 -1.31
0.29 -1.38
-0.50 -0.57
-1.04 0.46
-0.15 1.93
0.60 0.45
-0.63 -0.25
-1.15 0.02
-0.09 -0.41
-1.37 0.65
0.71 0.07
-1.40 1.68
0.12 -0.43
-1.26 1.38
1.24 -2.47
0.78 -0.05
-0.91 0.43
0.31 -0.30
-0.82 -0.97
-1.81 -1.14
-0.21 0.80
0.58 -0.66
0.06 -1.50
1.50 0.57
0.03 -0.10
0.46 -0.49
2.45 -2.93
-0.19 -1.03
0.31 0.29
-0.61 0.80
1.41 -2.38
-0.56 -0.18
0.60 1.35
0.32 0.20
-2.66 -1.02
-1.61 -0.06
-0.84 -0.24
0.22 0.05
2.25 1.22
-0.93 1.30
-0.54 0.87
0.23 -0.22
0.46 0.11
0.60 -0.38
0.46 -0.40
-0.56 -0.42
-0.22 2.01
-0.38 1.46
-0.20 0.61
-0.14 0.19
0.66 -1.30
-1.56 0.91
0.34 -1.36
-0.59 0.49
-1.45 1.36
-1.12 -1.04
-1.14 1.05
-0.38 -0.28
0.37 -0.54
-0.02 0.70
1.34 0.80
0.09 0.51
-0.89 -0.33
0.80 -0.21
-0.08 -0.17
-0.84 0.90
-1.24 1.12
-0.90 1.68
0.03 1.43
-1.08 1.68
-0.41 -0.19
0.35 -1.77
0.52 -1.98
0.77 -0.41
2.51 -0.83
0.59 0.43
