0.72 -0.41
0.65 -0.54
0.35 0.48
0.32 -0.26
0.52 0.37
1.08 -0.46
0.57 -0.40
-1.30 1.12
1.67 -2.43
-0.59 1.01
0.90 -1.82
0.49 0.10
0.02 0.99
-2.03 -0.45
0.55 -0.58
-1.27 -0.47
0.64 -1.66
-0.08 -1.44
1.16 -0.74
-0.86 0.48
0.66 -1.08
0.09 -0.51
-0.92 0.75
-0.39 -1.25
1.16 -0.06
-0.71 0.68
-1.05 0.46
-0.45 0.07
-0.50 0.11
1.73 -1.06
-1.62 2.10
-0.36 -1.50
2.21 -1.46
0.42 -0.51
-1.40 1.11
-1.13 0.89
0.29 0.90
0.01 -0.38
-1.70 1.21
1.17 0.25
0.19 1.26
0.59 0.93
-0.67 -0.67
-0.13 0.34
-0.55 0.23
0.47 0.42
-1.58 1.69
-0.68 0.24
2.15 -1.54
-0.67 1.59
