2.03 0.44
-1.09 0.42
-0.95 -0.70
-0.25 -0.04
1.79 0.42
1.74 0.54
0.20 1.01
-2.72 -0.46
1.07 0.93
0.51 -1.74
0.36 3.11
0.38 0.80
-1.54 0.86
0.00 0.38
0.23 0.99
-1.05 -1.15
0.14 0.05
-0.56 -1.40
-1.95 -0.55
-0.51 -0.86
0.35 -1.22
-0.22 1.21
1.59 0.00
0.07 -0.51
-1.17 0.25
0.37 0.78
-0.73 -0.84
1.00 0.28
-0.80 1.08
0.83 0.63
0.97 1.12
-1.01 -1.52
1.24 -0.78
-1.40 0.14
-1.31 0.52
-1.60 -0.60
0.62 -0.16
0.11 0.19
-0.93 1.22
0.12 -0.29
-0.32 0.33
-2.40 -2.85
-0.27 -1.22
-0.74 -1.79
-0.09 0.17
1.10 -1.51
-0.48 -1.37
0.50 0.52
-1.15 -0.79
0.37 1.61
0.83 0.08
0.41 -0.21
1.73 -1.04
-0.79 0.82
-0.72 1.97
-1.48 0.19
-1.15 -0.37
-0.85 -0.94
0.65 1.68
-1.01 -1.01
-1.25 -1.74
-1.54 -1.07
-1.30 0.65
-0.02 1.39
0.18 -0.21
0.30 -0.31
0.82 -0.62
1.10 0.06
-0.12 -0.59
-0.29 0.33
-1.00 0.07
-1.74 -0.43
-0.94 -0.05
-0.49 -2.03
-0.12 0.27
-0.85 -0.62
1.01 1.10
0.00 -1.24
-0.85 -0.86
0.34 -0.09
-0.13 -1.19
-0.79 -0.60
-0.41 0.85
-0.09 0.96
-0.20 0.21
0.12 -1.33
2.40 -0.67
-0.65 -0.33
-1.75 0.75
-0.74 1.33
