1.68 -1.07
-0.41 1.11
0.45 -0.73
-1.04 -1.17
-0.02 -0.03
0.14 -0.64
-0.58 -0.20
0.01 0.98
0.92 -1.56
-0.52 -0.97
0.73 0.65
0.50 0.46
-0.27 1.46
-0.68 1.03
0.99 -1.43
-0.87 -0.55
1.02 0.38
-0.45 -1.48
-0.26 -0.50
0.95 1.19
-0.88 -0.08
-1.00 -1.03
-1.33 1.29
-0.24 -0.84
-1.82 -1.08
0.44 -1.29
1.57 -0.22
-0.92 0.72
-0.07 1.00
1.60 -1.36
-0.08 1.32
-0.95 1.49
-0.22 -0.78
-0.39 -0.67
1.51 -1.13
0.68 -0.50
2.26 0.87
0.27 -1.46
0.39 0.27
0.14 -0.14
0.23 -0.07
-2.72 -1.18
-1.78 -2.40
-0.44 1.26
1.73 1.06
0.09 0.94
-1.25 -0.77
-0.54 0.67
1.04 0.66
-0.10 0.31
