-0.50 -1.58
-0.26 0.03
0.88 0.03
-1.11 1.18
-0.99 -0.56
1.96 0.85
0.67 -1.44
1.22 2.13
-1.14 0.67
-0.27 1.01
0.28 1.54
1.50 -1.47
-0.24 -0.79
-0.71 0.11
-1.73 0.94
0.90 -0.08
-1.14 0.40
-0.64 0.69
-0.76 1.04
-1.50 0.02
-1.01 1.58
-0.97 -0.34
0.16 -0.23
-1.43 -0.66
0.07 0.41
-1.48 -0.44
-0.01 -1.20
-1.08 0.48
-0.83 2.22
-0.76 0.20
1.05 -0.94
-1.82 -1.64
-0.17 -0.07
-1.49 1.44
1.25 0.74
-0.41 -0.08
1.05 1.42
0.69 -0.31
-1.46 1.76
-0.19 0.07
-1.44 0.36
-1.74 0.30
0.41 2.35
-0.40 -0.73
1.01 -0.69
-0.82 -0.75
1.42 0.79
-1.07 -1.25
1.09 0.04
-0.48 -0.03
