-0.56 -0.45
-1.56 -1.87
-0.27 0.86
-1.64 -0.50
-1.32 0.49
0.50 0.75
-1.19 -1.29
-0.30 1.80
-0.54 0.12
0.84 0.14
-0.32 -0.29
-0.53 0.64
0.89 -1.10
1.38 0.16
-0.42 -0.09
-0.56 -1.87
1.21 1.17
-0.43 -1.43
2.57 0.46
0.01 1.59
1.12 1.14
0.34 -0.12
0.34 -1.69
0.24 -0.64
0.36 -0.18
0.62 0.46
0.42 -0.25
0.62 0.74
0.74 1.09
-0.06 -0.75
-1.00 0.35
-0.99 -0.53
0.29 0.08
-1.45 0.52
0.27 -1.18
-0.23 -1.44
0.07 -0.12
-1.14 0.07
-1.50 1.22
-0.05 1.10
-2.34 -1.05
-0.00 -0.24
0.94 0.37
1.11 1.23
-0.34 -1.06
-0.13 1.08
2.02 -1.16
-1.31 -1.61
-1.16 -0.07
-1.76 -2.38
