-0.04 -1.20
1.12 -1.34
1.74 -0.65
1.35 -1.79
-0.12 0.54
0.89 0.26
-1.73 -0.34
0.34 1.65
0.19 -0.31
2.44 -1.25
-2.36 1.67
0.10 -1.45
0.36 -1.74
0.12 0.95
1.41 -1.24
-2.80 1.69
-0.19 -0.07
-1.67 0.99
1.21 -0.41
0.62 -0.95
-1.28 1.65
-0.74 0.08
-0.41 0.71
-0.07 2.38
-0.10 0.64
0.39 0.00
-0.18 -0.65
-0.90 1.29
0.98 -0.60
0.69 -1.98
-0.07 0.87
-0.60 1.20
-2.02 0.10
0.13 0.63
-0.04 1.06
-0.43 1.39
0.54 -0.34
1.84 -1.30
-0.27 0.69
0.56 -0.07
-1.03 0.28
0.45 -0.00
-0.10 -0.19
0.40 -0.60
1.12 0.10
-0.59 1.58
-0.53 0.04
0.52 -0.00
0.08 -0.99
0.78 -0.35
-1.32 -0.08
0.79 0.39
-1.35 1.26
1.82 -0.79
-0.69 -0.11
-0.03 1.69
0.60 -0.78
0.46 0.25
-0.06 -0.10
0.40 -0.07
-0.30 -0.51
0.52 0.38
0.06 -0.34
2.52 -1.67
0.86 -0.46
-0.35 -0.26
0.50 0.06
0.11 0.02
-0.64 0.97
0.42 -1.17
-0.22 -1.00
0.52 -1.04
-0.66 1.51
0.10 0.41
-0.17 0.41
0.70 -0.60
0.11 -0.52
1.44 -0.45
0.18 -0.38
-0.89 1.84
0.29 -0.74
0.48 0.40
-3.21 2.48
-0.83 0.55
-0.76 -0.74
0.60 0.06
1.27 -1.09
-0.83 -1.29
0.45 -1.95
-0.46 0.27
