-1.29 0.76
-1.87 2.18
0.24 -0.27
-1.10 1.32
2.70 -2.02
0.52 -0.82
1.32 -0.13
0.79 0.26
0.28 0.70
0.10 -0.70
-1.95 1.49
-0.16 -0.25
0.42 0.94
0.37 0.53
1.92 -1.03
-0.92 -0.34
-0.88 1.80
-0.24 0.88
-0.61 1.05
-1.21 0.83
-0.04 0.11
-0.92 1.64
0.18 -0.88
1.75 0.26
-0.52 -0.53
-1.26 2.01
-0.10 -0.34
1.45 0.03
0.32 0.41
0.48 -0.99
0.11 0.54
-0.35 1.34
1.75 -0.90
-0.51 0.15
0.23 0.68
1.10 -0.10
0.86 -1.24
-0.33 0.94
0.30 -0.35
-0.24 0.24
-0.35 0.96
1.41 -1.70
-0.82 -0.20
1.32 -0.59
0.06 1.53
-0.92 0.45
-1.51 0.78
0.25 -1.00
-0.94 0.15
0.42 -0.54
0.70 0.48
0.94 -0.91
0.24 -0.66
0.74 -0.23
0.85 -0.27
-0.01 -1.77
-0.50 0.22
-2.95 1.67
-1.43 2.03
-0.09 0.72
-0.19 0.10
-1.20 0.41
-0.05 0.76
-0.62 0.47
-1.13 0.73
-0.28 0.33
0.04 1.22
-1.54 1.78
-0.02 -0.63
-0.32 0.82
-0.98 0.09
-1.10 -0.15
-0.13 -1.25
0.63 -1.03
-1.39 1.06
0.28 1.06
-0.99 0.53
0.51 0.79
0.30 -1.49
-0.27 -0.02
0.24 -1.26
0.59 -0.25
0.57 -1.15
-1.05 0.12
2.01 -1.59
-0.72 0.82
0.23 -0.09
0.63 -0.74
-0.11 0.22
-1.35 1.31
0.29 -0.65
-1.01 1.34
-1.68 0.73
0.98 -1.75
-2.23 2.55
0.34 -0.57
1.76 -1.80
-1.20 0.66
-0.54 1.59
-1.39 0.90
