-1.78 -0.64
1.15 -0.11
-0.38 -0.88
0.65 0.05
-1.38 -0.83
-0.24 -1.55
1.15 2.49
1.62 0.52
1.48 1.82
1.40 0.90
-0.82 -1.21
-2.11 -0.58
1.46 0.84
1.57 0.83
-1.04 0.31
-0.16 -0.17
-1.49 -1.15
1.40 1.45
-0.34 -0.25
1.64 0.33
-0.46 0.27
-1.55 1.59
0.56 0.88
0.17 0.09
-0.54 -0.50
0.03 0.67
-0.42 -0.52
0.04 0.88
-0.28 -1.19
-0.39 0.21
-1.45 -0.09
-0.42 -2.27
0.03 -0.21
0.28 0.52
0.72 0.35
0.70 0.08
-0.68 -0.91
0.35 0.25
-0.33 -1.70
-1.15 -0.63
-0.90 1.17
1.18 0.06
0.13 1.43
1.21 2.09
-0.32 1.29
1.04 0.97
-0.29 -0.41
0.08 -1.13
-0.16 0.45
1.79 0.83
