-0.49 0.04
-0.78 0.28
-1.53 0.70
0.78 -0.19
0.30 -0.31
-0.40 -0.83
0.21 0.39
-1.65 1.05
2.23 -0.41
2.40 -0.13
-0.49 -0.02
0.42 0.77
0.98 0.02
-0.54 -2.90
-1.21 -0.70
-1.14 -0.34
-0.63 1.72
0.30 -0.89
1.14 0.16
-0.37 0.03
-0.27 2.02
-0.31 -0.70
0.64 0.74
0.23 0.33
-0.55 -0.88
0.51 0.67
1.09 -2.62
0.18 -0.98
-1.18 -0.84
-1.51 0.99
-0.56 0.05
-0.31 0.84
1.16 0.40
2.23 -0.09
-0.20 -0.61
-0.03 0.65
1.59 -1.71
-0.93 -1.44
-1.66 1.07
0.62 -0.70
-0.21 -1.67
-0.22 -0.12
-1.40 -0.65
0.19 -0.85
-0.85 -0.54
0.33 -2.08
0.32 1.57
-0.32 -1.03
-0.22 0.80
1.24 0.00
0.11 0.73
1.80 -1.10
1.20 0.92
1.61 -2.73
0.73 -0.15
-0.16 0.71
0.07 -1.39
0.52 1.63
0.49 0.49
-1.06 0.76
-0.70 0.22
-0.70 1.25
-1.49 -0.69
-0.81 1.24
-0.08 0.22
0.94 -0.45
-0.23 -0.27
0.87 -1.53
1.20 0.78
0.23 1.30
2.18 -0.75
-0.37 -0.28
-1.95 -0.29
0.09 -1.14
0.88 0.44
-0.25 -0.13
-0.62 -0.32
-1.38 1.13
-0.51 -0.08
-0.61 0.21
1.81 -0.03
-1.71 -0.19
-0.68 -0.50
0.89 -0.59
-0.18 -0.73
-0.86 0.65
-2.05 1.74
0.61 0.72
0.31 1.03
0.33 1.62
