0.98 -0.47
0.49 1.59
-0.24 1.92
1.09 0.62
-0.96 1.84
0.74 1.32
1.02 -1.18
0.97 -1.04
0.26 0.27
-0.34 -0.03
-0.46 -1.10
0.20 0.54
1.84 1.00
-2.18 0.49
0.18 -1.27
2.36 -0.62
-0.24 -1.58
-0.88 -0.21
-1.64 -0.72
1.59 -0.52
-1.11 0.12
-0.64 -0.29
-0.11 0.51
1.19 -0.09
0.21 -0.49
0.14 -1.09
0.30 -0.39
0.03 0.31
-0.73 1.05
1.10 -1.49
0.26 -0.02
0.60 1.33
-0.29 0.85
-1.67 -0.07
0.72 -0.55
-0.77 -0.17
-0.05 1.69
0.71 -0.28
0.53 1.96
1.54 0.05
-1.50 -0.86
0.81 -1.73
-0.53 1.21
0.45 -1.67
0.14 0.25
1.65 1.09
-0.49 -1.37
-2.26 1.12
-0.37 0.05
0.48 0.40
