-0.40 -0.59
-0.12 -0.35
1.89 -0.68
-1.81 -0.20
1.07 -0.56
1.02 0.26
-1.22 1.63
0.94 1.35
0.52 -0.33
-1.84 -0.92
0.48 0.89
0.48 0.73
-0.04 -1.53
0.09 0.12
1.11 1.22
-1.09 0.55
-0.68 -0.29
0.48 0.19
-1.49 -0.68
0.80 0.65
2.10 -0.51
-0.30 0.00
-0.96 0.30
-0.28 1.16
-0.89 -0.65
1.39 1.48
0.84 0.62
0.67 0.05
0.13 -0.87
0.30 -0.21
0.14 -1.18
-0.40 -0.36
0.91 -1.26
-1.43 -0.58
-0.58 -1.01
1.36 -1.24
-0.38 -0.74
-1.17 0.35
-0.20 0.62
0.60 1.08
-0.01 -1.35
-0.17 -1.18
0.34 0.69
0.45 -0.13
0.27 -0.43
0.59 0.06
-0.71 -0.02
0.14 1.26
-1.08 1.36
0.69 1.02
1.20 -1.86
1.87 1.91
-0.98 0.47
0.84 1.81
-1.61 -1.12
0.84 -0.17
-1.57 0.33
-0.44 -2.81
1.38 0.87
1.08 -0.46
-0.10 -0.59
0.19 -0.08
0.23 0.87
0.80 0.38
0.87 -0.22
-0.35 1.84
-3.58 -1.49
-0.69 -0.73
-1.06 0.35
0.13 -1.73
0.20 -0.25
0.82 0.69
1.20 -0.53
-0.61 -0.98
-1.22 -1.26
0.60 1.40
-1.72 -0.53
0.49 0.12
-0.90 1.08
-1.85 -1.25
0.16 -0.87
-1.19 -1.19
0.21 -1.04
-0.25 1.36
-0.02 0.58
0.14 0.62
-1.14 -0.08
0.61 -1.33
1.79 0.20
-0.97 2.09
-0.24 0.81
-0.90 1.51
0.34 2.10
1.07 1.39
-0.61 -0.88
-0.29 -1.31
1.60 0.76
0.79 -0.47
-1.44 -0.19
-0.05 -0.46
