1.02 -0.24
1.21 0.63
0.50 -0.46
0.34 -0.26
0.55 1.40
-0.16 -1.52
-0.73 -0.54
-0.82 -0.75
-0.62 1.06
0.41 0.17
-0.04 1.51
-0.23 0.28
0.46 -0.94
-0.41 -0.67
-0.25 0.84
1.04 0.66
-0.15 -1.09
1.05 0.28
-0.49 1.29
-0.11 -2.65
-0.27 -0.50
1.35 -1.56
0.22 -1.21
0.82 0.90
-0.05 0.12
-0.27 -1.33
-0.19 1.18
1.73 2.08
-0.97 0.87
-2.07 1.40
0.03 -0.82
-0.54 -0.95
0.36 -0.47
-1.99 -1.46
0.49 0.70
-1.32 1.47
0.36 1.15
-0.31 -0.53
-0.55 0.68
-0.56 -1.04
-0.55 -0.16
-1.10 -0.30
-0.10 -1.11
-0.03 -0.14
-1.32 -0.43
1.06 2.41
-0.95 -0.61
-0.50 0.19
-0.02 0.11
-0.17 0.67
0.86 -1.54
-0.18 -0.68
-0.81 0.70
1.37 -0.28
-1.23 -1.79
-2.00 0.34
1.87 0.66
0.11 0.20
-1.20 -0.08
-1.53 0.80
0.20 0.14
1.31 1.32
-1.74 -0.81
1.77 0.86
0.42 1.22
0.24 -1.13
-0.74 -0.26
-1.20 -0.78
2.35 2.75
-0.70 -0.59
-0.89 -2.19
2.98 0.35
0.90 0.59
-0.62 -0.13
-1.41 0.92
-0.14 0.43
0.21 -0.00
0.61 -0.20
0.04 -0.41
-0.86 -0.23
-0.49 -1.81
-1.15 0.73
-0.43 -0.28
0.00 -1.01
0.46 -0.40
0.19 0.68
-1.23 -0.81
-0.31 -0.69
1.25 0.83
1.07 -0.21
-0.06 1.72
-0.92 -0.03
0.63 -1.26
-0.95 -1.05
0.35 -0.04
1.96 1.20
1.48 0.93
2.54 0.68
-0.40 -0.26
0.88 0.56
