-1.11 -1.09
-0.05 0.63
-0.48 0.05
0.25 -0.85
0.78 1.07
1.11 -0.45
0.79 1.30
-0.06 0.87
1.21 1.16
-0.29 -0.18
-0.86 -0.87
-0.03 -0.71
-0.38 0.79
1.10 1.38
0.96 -0.18
2.01 0.84
1.31 0.67
0.78 0.15
1.66 2.47
-1.19 -1.14
0.04 -0.15
-0.01 -0.22
2.23 2.17
-1.43 -0.00
0.42 1.06
-0.25 1.28
-0.79 -2.38
0.20 1.91
-0.72 -0.12
-0.45 0.06
0.08 -0.24
-1.09 -0.62
0.03 -0.48
1.14 0.21
-0.49 0.62
1.79 1.26
0.01 0.89
1.70 0.00
0.34 1.35
0.95 -0.09
3.20 0.68
0.81 0.42
-0.73 -1.43
0.51 0.61
0.97 0.11
0.19 0.54
1.33 1.21
0.78 1.53
1.54 1.25
-1.35 -1.97
