-0.47 -0.77
-0.35 -0.74
0.77 0.55
0.80 -1.06
-1.97 0.51
1.61 -0.35
0.63 0.32
2.33 -3.60
0.50 1.43
0.38 0.08
-0.97 -1.05
-0.83 0.15
0.27 0.27
0.74 0.56
-0.03 -1.44
-1.32 -0.00
0.05 -0.70
1.49 1.30
0.59 1.04
-0.61 -0.43
1.03 0.32
-0.12 -0.55
-0.46 1.01
0.96 -0.06
-1.57 -1.62
0.14 0.72
-1.72 1.29
-0.03 0.70
0.16 1.25
1.82 0.08
-1.20 0.59
1.21 0.10
0.17 1.24
1.74 -0.26
1.12 -0.63
1.35 -0.07
0.28 0.20
-1.14 0.19
-0.55 -0.48
-0.20 1.08
-0.95 0.49
0.52 0.02
0.06 -0.74
-0.03 1.08
0.57 1.63
-0.19 -1.85
0.74 0.55
-1.10 0.79
-1.93 1.68
0.78 -1.12
