0.70 1.88
-0.57 -1.26
0.20 -0.18
1.15 0.19
-0.28 -0.81
1.96 -1.81
0.65 -0.04
1.66 -0.54
1.61 -0.49
0.88 0.40
0.98 -3.14
0.15 0.22
-1.22 0.02
0.85 0.29
0.24 -1.10
0.64 -0.16
-0.10 1.73
-0.05 -0.49
1.14 0.38
-0.99 0.48
0.44 -0.47
1.00 0.50
1.84 0.07
1.85 0.34
-0.49 -0.26
0.68 -0.98
0.77 -0.63
0.69 0.97
0.62 -1.61
0.04 1.71
0.24 1.14
0.53 0.83
0.03 0.10
-1.87 -0.29
1.98 -0.33
1.09 1.71
0.48 0.80
1.22 0.52
-0.85 -1.48
-0.71 -0.14
-0.93 -1.33
0.40 1.12
0.92 0.94
0.96 -0.78
3.75 0.65
-1.35 -0.69
-0.31 0.73
0.72 -0.87
0.20 -1.40
-0.68 -0.53
