-1.60 0.79
0.29 0.14
-0.15 -0.13
1.46 -0.90
-1.14 2.50
-2.50 0.85
-0.31 -0.48
-0.62 1.96
-1.08 1.15
1.82 -1.50
0.53 0.49
-1.24 -0.14
0.12 0.19
-1.49 0.73
0.08 0.43
0.01 -0.12
0.47 -0.31
-0.31 0.23
0.16 -1.62
-1.92 1.96
-0.54 0.80
2.38 -0.98
-1.86 1.38
1.32 -0.67
1.33 -1.08
1.97 -1.42
0.07 -0.34
-1.13 0.68
0.19 0.22
-0.19 -0.98
-0.89 -0.01
0.49 -0.77
1.10 -2.12
0.39 -1.05
-0.96 1.08
-0.94 0.35
0.05 -0.72
0.68 1.14
1.14 -0.44
-0.81 1.33
-1.64 1.40
0.07 0.17
0.63 0.65
-0.59 0.49
-1.10 1.54
0.66 -0.27
1.30 -1.79
0.53 -0.83
-0.83 0.38
1.37 -2.74
-0.89 0.13
0.88 -0.73
0.28 -0.63
2.35 -1.62
-1.10 -0.44
-0.24 -0.12
0.12 0.58
1.25 -1.33
-2.17 0.81
-0.02 -0.26
-0.19 -0.86
1.33 -1.32
0.00 -0.39
-0.77 -0.14
-0.22 0.64
-0.21 0.67
-1.04 0.76
1.27 -1.18
-0.49 -0.30
0.14 0.60
0.64 0.74
-0.24 -0.47
-1.30 1.14
-0.20 -0.97
0.05 -0.88
0.61 0.10
-0.13 0.35
1.08 -0.76
0.06 0.47
0.74 -0.41
-1.13 0.03
-0.09 -0.54
-0.03 0.28
-1.21 0.81
0.10 -0.97
0.79 -2.24
-0.14 -0.37
1.87 -2.72
0.38 0.69
-1.21 0.05
-1.18 0.32
-0.47 -0.04
-1.13 1.43
-0.12 -1.10
1.19 0.46
0.08 -0.25
0.18 -1.61
1.21 -1.05
-0.61 0.22
0.97 -1.08
