-0.54 1.01
-0.09 1.35
0.76 -0.60
1.12 -2.22
-0.99 0.81
-1.38 1.09
-1.06 -0.07
0.92 0.28
0.80 -0.16
-0.47 -0.65
-2.33 0.70
0.37 -0.26
-0.16 0.64
0.10 1.63
1.19 -0.63
1.51 -0.92
0.04 -0.36
0.25 -0.48
-0.83 1.48
0.59 0.57
-0.66 0.85
-0.70 0.78
-1.55 1.67
-0.18 0.10
-0.43 -1.19
0.87 -0.10
0.92 -1.04
-0.32 0.41
-3.08 0.24
-0.23 0.42
-0.49 -0.21
1.41 -0.52
0.57 1.09
0.83 -1.23
-0.23 -0.43
-1.04 -0.38
0.10 -1.89
0.71 0.19
-0.01 -0.05
-0.90 0.59
0.40 0.98
-0.59 -0.27
0.83 -0.05
-0.50 0.25
1.34 -0.72
-0.05 0.46
0.79 -0.40
-1.31 -0.16
-1.11 0.67
-1.25 2.80
0.62 -1.09
-1.04 -0.89
0.09 0.31
-0.71 1.96
-0.59 0.85
0.54 0.04
0.21 -1.40
0.36 -0.39
1.28 -0.93
1.54 -1.25
0.63 -2.04
0.25 -0.99
1.25 -0.45
-2.26 1.72
0.53 0.09
1.25 1.40
-1.35 0.89
0.31 -0.26
-0.10 0.41
-0.81 0.26
1.03 -1.16
0.19 -0.06
1.17 -1.13
0.88 -0.62
0.11 1.28
-1.98 1.35
-0.81 2.06
-0.26 0.27
-1.05 0.12
0.20 -1.20
0.08 -2.28
1.10 -2.42
0.16 0.75
-1.25 -0.07
-0.48 -0.52
1.25 -0.62
0.16 0.28
-2.12 0.98
0.70 -0.81
1.53 0.83
0.15 0.48
1.05 -0.33
-1.79 1.87
0.49 -0.86
-0.12 -1.07
2.54 -0.71
0.86 0.78
-0.70 -0.48
-0.17 -0.25
1.15 -0.75
