0.13 -0.53
-0.80 0.75
-1.05 1.27
-1.19 0.59
2.79 -2.74
-0.14 -0.06
0.96 -0.28
1.26 -1.29
-0.19 0.07
1.85 -1.40
0.12 -0.07
1.29 -0.90
-0.17 -0.28
1.72 -1.41
-0.12 0.60
0.72 -0.35
-0.81 0.75
-0.36 0.16
1.92 -1.75
-1.39 1.53
-0.42 -0.28
0.57 -1.10
-0.24 0.54
-0.65 0.64
-1.80 2.09
-1.38 1.72
0.45 -0.64
-0.25 -0.05
-1.18 1.60
2.21 -2.74
0.36 -0.13
-0.47 0.84
-0.83 0.26
-1.00 0.70
2.53 -2.47
-0.18 0.21
-0.99 1.56
-0.79 0.07
2.31 -2.78
1.17 -1.39
-1.33 0.92
-0.24 -0.02
-0.74 1.06
1.69 -1.42
0.35 0.22
-1.00 1.88
-0.73 0.83
-0.33 -0.43
0.00 -0.58
-0.03 -0.24
-0.88 1.17
-0.49 0.78
-0.16 -0.37
0.43 -0.35
1.11 -0.74
-1.25 0.27
-1.57 1.58
-0.99 0.44
-0.25 0.47
-1.69 0.41
0.36 -0.18
-0.59 -0.38
0.58 -0.66
-0.71 1.44
-0.11 0.49
0.63 -0.27
1.03 -2.02
-0.60 0.36
1.20 -1.02
1.44 -1.54
0.01 -0.06
-1.18 0.53
0.42 -0.17
0.45 -0.11
-0.09 0.07
1.08 0.02
1.12 -0.73
0.15 0.42
0.18 -0.39
0.13 -0.30
0.35 -0.99
0.41 -0.13
-0.10 0.46
-0.87 1.16
-0.62 0.91
-0.64 0.73
0.50 -0.46
-1.33 0.73
1.81 -0.64
0.57 -0.20
-0.28 0.18
-1.18 0.95
-0.45 0.82
-0.92 0.85
-0.49 0.46
0.43 -0.10
-0.63 0.97
-1.26 0.94
0.21 -0.25
1.14 -1.09
