0.51 2.12
-0.25 0.09
0.45 -0.89
-1.00 -0.03
-0.85 -0.36
-1.01 -0.75
-0.80 0.64
1.84 -1.18
-0.47 0.79
-0.03 -1.47
2.01 -0.42
-0.43 -0.21
-1.25 1.57
0.46 -1.00
-0.41 -0.03
-0.65 -0.05
-1.29 1.60
1.10 1.29
-0.27 0.77
2.47 -0.92
0.08 1.12
-2.72 0.65
-0.95 -0.68
-0.27 -0.20
-0.94 1.01
0.42 1.26
1.62 -0.91
-0.30 -0.95
0.78 0.79
0.34 -0.54
-1.05 0.19
-0.08 0.56
-0.18 -1.20
0.29 -0.93
0.09 -0.59
0.67 -0.57
2.70 -0.58
-1.46 0.15
0.19 0.13
0.03 0.46
0.40 -0.46
0.96 1.04
0.58 -1.14
1.38 -0.47
0.64 -1.82
1.41 0.43
0.84 -0.58
1.59 0.82
0.17 0.10
0.21 -2.37
-1.02 -1.14
0.45 -1.00
0.30 -0.33
0.52 0.45
-0.21 2.97
-0.35 0.78
1.50 -0.15
0.29 0.96
-2.06 0.91
1.48 -0.58
0.75 0.84
-0.73 0.37
-0.76 0.08
-0.16 0.77
-1.19 0.74
0.34 -0.04
1.00 -0.38
0.21 -1.87
0.34 0.43
0.44 0.99
-1.11 1.32
-1.46 -0.15
-0.25 0.24
0.65 0.65
1.15 1.56
0.24 -0.29
0.97 -1.63
0.67 -1.45
0.28 1.42
-1.72 0.86
0.07 1.05
-0.00 0.66
-1.16 -0.57
-0.32 -0.34
-0.71 0.03
-1.89 -2.02
1.47 -1.85
-0.71 1.65
-0.30 -0.13
-0.90 -0.60
