0.52 0.70
-0.04 -0.85
-0.62 1.24
0.88 -0.55
0.61 -1.15
0.36 -0.48
-2.29 2.27
1.30 -1.02
-0.79 -0.51
2.13 0.42
-0.29 1.02
0.24 0.06
-0.38 1.40
0.41 0.35
0.90 0.32
-1.70 2.09
-0.08 0.36
-0.11 -0.59
-1.40 -1.04
-1.49 2.21
0.57 -1.53
0.03 0.43
0.08 -0.33
-1.07 1.41
-1.26 0.65
0.68 0.07
-0.13 -1.31
1.56 -0.11
-0.97 -0.87
0.40 0.12
0.69 0.45
0.01 -0.70
1.09 0.26
2.02 -1.24
0.76 -1.07
-0.39 0.07
1.64 -0.94
-0.72 0.63
1.90 0.21
-0.23 0.26
-0.70 0.81
-1.41 0.99
0.08 -0.80
0.42 -0.19
-0.84 -0.42
0.17 -0.69
1.15 -1.09
-0.10 0.19
1.46 -0.26
0.07 1.00
0.40 -0.24
1.43 -0.22
-2.69 0.33
-1.32 -1.27
-0.47 -0.39
-0.59 1.57
1.09 -0.60
1.30 -1.30
-1.02 -1.04
-0.91 -0.63
-1.44 0.18
-0.10 0.23
1.51 -2.49
0.84 0.71
0.27 -0.08
0.07 0.22
-0.57 0.25
-0.03 -0.27
0.72 -0.13
-1.48 0.32
-0.16 0.36
-0.07 0.10
0.94 -1.30
-0.83 -0.49
0.36 1.33
-0.18 -1.00
-2.20 1.08
0.91 0.13
-0.19 1.20
-1.02 1.03
1.32 -1.72
-2.55 2.34
-1.45 2.71
0.28 -1.90
-0.29 -1.73
0.38 -0.20
0.40 0.88
0.71 -1.43
0.08 -0.31
-0.17 -0.30
-1.03 0.87
-1.01 1.32
1.19 -0.86
-0.51 1.42
0.84 -0.33
0.93 -1.38
0.43 0.74
0.27 -0.40
0.38 0.27
0.13 0.23
