-2.77 -0.04
-2.58 1.57
-0.11 0.94
0.49 -1.53
0.88 -0.77
-2.75 2.85
-0.98 0.74
1.36 -1.16
-0.68 0.30
1.15 -0.21
-1.01 0.43
0.36 1.29
-0.25 0.10
1.66 -1.68
-1.32 0.66
1.50 -2.28
0.39 -0.40
-0.90 0.56
0.19 1.01
0.51 -0.06
-0.94 0.27
-0.07 -0.59
0.29 -0.85
0.01 -1.37
0.19 0.67
0.17 0.84
0.68 -1.14
0.25 -0.12
0.14 -0.13
-0.90 0.37
-0.57 0.71
-0.53 1.02
0.30 0.34
0.52 -2.64
-1.30 1.78
0.43 -0.09
0.07 -1.24
0.74 0.41
1.39 -0.97
0.83 -2.44
0.12 1.22
1.10 -0.05
0.26 1.80
-0.22 -0.22
-0.62 0.67
1.79 -1.33
0.33 -0.51
-0.56 -0.22
0.10 -0.46
-1.26 0.12
1.78 0.66
0.98 -0.55
0.99 0.02
0.37 -0.25
-1.00 0.55
-0.23 -0.86
0.71 -0.81
0.37 0.57
-1.52 0.28
1.95 -1.81
-0.67 1.01
1.08 0.12
0.26 1.74
0.79 -1.77
0.17 -0.92
-0.09 -1.15
-0.19 0.30
-0.12 0.57
0.42 0.16
-0.49 -0.01
-1.78 1.98
-1.12 -0.22
0.39 -0.16
-1.22 0.14
0.19 0.57
0.49 0.16
-0.76 -0.85
-0.18 0.50
-1.24 0.21
0.90 -0.43
-1.64 0.20
0.56 1.41
1.49 -0.64
-1.34 1.05
1.09 0.96
-0.12 0.15
-1.56 0.34
1.12 0.87
0.37 -1.14
-0.86 -0.04
