-1.16 2.16
-0.06 0.07
-1.05 -0.60
1.20 -0.16
0.03 -0.38
0.64 -0.74
0.08 0.13
0.32 -0.76
-0.78 0.56
2.33 -0.19
-2.14 2.14
0.10 0.43
-1.00 0.09
0.92 0.39
-0.19 0.11
0.43 -0.91
-1.18 0.74
0.42 0.11
-0.39 -0.28
-1.73 1.34
-1.24 0.86
-1.17 -0.18
0.78 -0.01
0.23 -0.07
-0.54 -0.37
1.03 -1.17
2.02 -0.48
1.91 -2.60
0.53 -1.17
-0.77 0.85
0.02 -0.14
-1.24 0.99
0.17 0.59
1.47 -1.23
-0.04 -0.79
0.63 -1.00
-0.01 -1.10
-1.38 1.32
0.56 0.24
1.23 -0.83
-0.60 0.40
0.41 -0.76
1.76 -1.08
0.51 0.02
-0.04 1.06
1.35 -1.11
-0.59 -0.21
-1.17 -0.00
-1.90 1.31
-0.03 -0.19
0.54 -0.57
1.64 -0.45
-0.67 -0.11
0.16 0.26
-0.00 -0.63
0.04 -0.20
-0.74 -1.49
0.87 -1.76
-0.89 2.05
0.09 0.70
-1.12 0.84
0.62 -0.57
-2.24 2.55
0.94 0.09
-1.81 1.84
0.87 0.12
-0.90 1.32
0.24 0.44
0.56 0.05
-0.58 1.16
1.67 -2.05
0.49 -0.04
0.25 -0.84
-0.25 1.24
-0.62 1.55
1.22 -0.23
0.21 -0.48
-0.76 0.39
-0.13 -0.37
1.33 -1.44
0.32 0.28
-0.84 1.19
-0.57 -0.50
1.03 -0.81
0.32 1.08
0.58 -0.27
1.27 -2.18
-0.06 -0.80
-0.71 -0.34
-1.82 1.85
-0.12 0.66
-1.04 -0.16
0.46 0.51
-1.81 2.34
1.80 -1.47
-0.73 0.36
0.08 -0.44
1.47 -0.91
-0.37 -0.71
-1.01 -0.46
