1.44 -0.24
-0.88 2.31
0.98 -0.75
2.81 -0.66
1.37 -0.75
0.98 0.06
-0.37 -0.10
1.03 -0.76
1.22 -1.58
1.14 -1.73
-0.18 0.85
-0.75 -0.19
-1.10 1.52
-0.40 -0.35
0.08 -0.26
0.02 0.27
-0.58 -0.38
0.36 0.00
2.02 -0.92
0.32 0.25
0.65 -0.50
0.44 -0.64
1.18 -1.75
-0.82 0.55
-2.31 2.11
-0.45 -0.60
1.75 -2.12
-1.49 1.22
0.12 -0.77
-0.31 -0.16
0.46 0.04
-0.55 -0.01
1.61 -0.19
-0.21 0.58
1.41 -1.38
-0.44 0.62
0.19 -0.19
0.11 0.50
-0.45 -0.19
-1.35 0.44
-0.07 -0.10
-0.23 0.42
-1.07 0.88
-2.32 2.73
-0.82 1.09
-0.21 -0.04
-1.76 0.79
-0.27 -0.43
0.62 -0.62
-0.54 -0.85
-1.82 2.71
-0.63 1.37
-0.03 -0.04
0.10 -0.79
0.63 -1.21
0.36 0.19
1.18 -1.39
-0.52 -0.14
-0.93 0.13
-0.10 1.08
-0.73 -0.09
0.82 -1.05
-0.71 0.52
0.21 -1.52
-0.91 0.32
0.12 0.63
-1.00 1.06
-0.42 -0.56
-1.07 0.99
1.03 0.91
-0.59 -1.36
-1.14 1.04
-2.55 0.86
-1.86 0.99
0.79 -1.12
0.49 -1.60
1.63 -0.46
0.58 -0.11
-0.98 1.62
-0.42 0.47
0.39 -0.15
0.27 -0.51
0.26 0.95
-1.02 1.10
-1.30 1.24
-0.67 0.28
0.58 -1.89
-0.33 0.87
-0.18 -0.72
0.27 0.43
