-0.79 0.81
-0.90 -0.14
-0.59 0.88
-1.90 -0.38
-2.18 0.84
-2.62 -0.72
0.30 -2.65
-0.60 1.06
0.38 0.49
-0.98 -0.93
-1.64 -0.32
2.16 1.64
0.11 -0.04
1.01 0.34
0.25 0.40
0.48 0.78
-1.23 0.41
-0.85 -0.80
-0.68 1.56
-0.24 0.45
0.81 -0.17
0.95 0.75
-0.33 0.44
0.41 0.06
1.79 -0.31
1.22 0.07
-1.35 0.57
0.08 0.08
0.01 -1.70
0.14 1.07
1.54 1.88
-0.07 -0.51
0.19 2.29
-0.31 -0.51
0.32 -0.06
0.33 1.54
-0.17 -1.81
-0.87 0.46
-0.87 0.82
-0.78 -1.15
-0.58 -0.54
-0.34 -0.60
0.65 -1.52
0.93 -0.34
0.92 1.45
-0.45 -0.67
1.01 -0.37
1.73 0.65
-0.05 1.19
2.40 0.82
-0.20 0.41
1.12 -0.90
-0.44 2.20
-0.59 -0.91
2.18 0.60
-0.38 -0.39
-1.70 -1.11
-1.29 -1.70
-0.82 1.37
0.23 -0.85
0.12 -0.04
0.16 0.09
-1.66 -1.42
-2.51 0.45
0.19 1.76
-0.81 0.56
0.84 0.60
-0.10 0.05
-0.32 0.73
0.17 0.12
0.14 0.22
-0.68 -0.61
-1.27 -0.35
-0.41 -1.30
-0.81 -0.53
-0.46 0.10
-0.43 0.29
-0.93 0.06
0.29 0.58
-1.11 0.79
1.08 0.51
-0.88 0.64
1.35 -1.39
0.55 0.41
0.19 0.77
-0.84 1.33
0.82 0.93
-0.26 1.57
-1.44 -2.79
0.18 -0.95
