-0.44 0.44
-1.01 1.01
-0.60 0.60
0.75 -0.75
1.34 -1.34
-1.00 1.00
0.34 -0.34
-2.02 2.02
-1.28 1.28
1.72 -1.72
0.98 -0.98
1.79 -1.79
0.11 -0.11
-0.26 0.26
-0.14 0.14
0.67 -0.67
1.17 -1.17
-0.60 0.60
-1.31 1.31
0.02 -0.02
-0.07 0.07
-0.54 0.54
1.22 -1.22
0.12 -0.12
-2.03 2.03
-0.45 0.45
-0.03 0.03
0.24 -0.24
1.28 -1.28
-0.05 0.05
-0.72 0.72
-0.35 0.35
1.57 -1.57
0.83 -0.83
1.87 -1.87
2.07 -2.07
0.95 -0.95
0.20 -0.20
-0.58 0.58
-1.11 1.11
0.14 -0.14
-0.89 0.89
-2.31 2.31
1.71 -1.71
0.14 -0.14
-1.70 1.70
-0.35 0.35
-0.80 0.80
0.40 -0.40
0.46 -0.46
0.18 -0.18
0.56 -0.56
-1.11 1.11
0.57 -0.57
-0.70 0.70
1.32 -1.32
1.11 -1.11
0.59 -0.59
-0.27 0.27
0.22 -0.22
-1.05 1.05
-0.14 0.14
-0.33 0.33
-1.67 1.67
-1.39 1.39
-0.06 0.06
1.31 -1.31
-0.06 0.06
0.37 -0.37
-0.82 0.82
-1.52 1.52
2.02 -2.02
-1.25 1.25
-0.72 0.72
0.44 -0.44
1.81 -1.81
-0.28 0.28
0.78 -0.78
1.96 -1.96
0.04 -0.04
1.00 -1.00
-1.90 1.90
-1.06 1.06
-0.45 0.45
-1.58 1.58
-0.30 0.30
-0.51 0.51
-0.41 0.41
-0.96 0.96
0.28 -0.28
0.49 -0.49
0.25 -0.25
0.35 -0.35
0.46 -0.46
1.08 -1.08
0.28 -0.28
0.17 -0.17
-0.05 0.05
0.17 -0.17
-0.66 0.66
