-0.13 0.66
0.57 -0.15
-0.47 -1.32
-0.21 1.28
0.36 -0.62
-1.36 1.33
1.41 -0.46
-0.14 0.30
-1.22 1.74
1.45 -0.71
2.13 -0.93
0.94 -0.79
-0.72 0.15
0.63 -1.69
-1.33 1.40
-0.90 1.02
1.00 -1.25
-0.68 -0.63
0.65 0.06
-0.56 0.45
1.47 -1.67
0.16 -0.39
0.45 0.01
-1.92 1.30
1.71 -1.67
-0.70 0.61
-1.51 1.62
0.81 -0.40
-0.08 0.38
-1.03 1.49
0.44 -0.30
-1.62 1.30
0.59 -0.90
0.83 -0.27
1.00 -0.50
0.88 0.23
-0.46 1.10
1.59 -1.53
-1.12 0.08
-0.60 0.22
-0.71 1.17
-0.65 0.08
0.65 -0.67
0.23 0.81
-0.35 0.37
0.46 0.08
1.00 -0.93
-0.62 1.86
-1.77 2.19
0.99 -0.13
