0.40 0.40
1.01 1.01
0.41 0.41
-0.84 -0.84
0.76 0.76
-1.91 -1.91
-0.21 -0.21
0.84 0.84
-1.10 -1.10
0.67 0.67
1.00 1.00
-0.61 -0.61
0.31 0.31
0.00 0.00
-1.11 -1.11
-0.38 -0.38
1.56 1.56
-1.35 -1.35
0.28 0.28
-1.11 -1.11
-0.21 -0.21
-3.38 -3.38
-0.21 -0.21
-0.75 -0.75
0.70 0.70
-0.31 -0.31
0.40 0.40
-0.05 -0.05
0.24 0.24
0.24 0.24
0.98 0.98
1.82 1.82
0.18 0.18
-1.08 -1.08
-0.49 -0.49
1.74 1.74
0.09 0.09
0.77 0.77
-0.68 -0.68
0.65 0.65
0.72 0.72
0.65 0.65
1.62 1.62
1.23 1.23
0.84 0.84
0.19 0.19
-0.87 -0.87
1.81 1.81
0.78 0.78
0.20 0.20
