-1.34 -0.85
-0.71 1.21
-0.22 0.47
-0.90 -0.08
-1.04 -0.58
0.41 0.53
1.78 0.33
0.30 -0.23
-0.64 -1.10
2.05 1.75
-0.56 -0.91
-0.40 0.05
-0.44 -0.76
2.36 1.59
0.74 -0.16
-0.75 0.90
-0.29 -1.29
0.92 0.69
-0.44 0.34
-3.06 -3.18
-0.22 1.54
0.67 0.25
-2.09 -2.01
0.86 1.11
-1.03 0.16
0.35 -0.85
0.93 -0.16
-0.98 0.01
-0.60 0.34
0.61 0.05
0.13 -1.11
0.60 1.78
0.18 0.66
0.95 0.95
0.50 0.10
1.63 2.07
1.38 0.22
-0.37 -1.72
0.41 0.24
0.55 -0.89
-0.60 -0.44
0.83 1.50
-0.64 -0.70
-0.19 1.30
0.31 -0.26
-0.07 -0.13
0.03 0.62
-0.02 -0.79
-0.86 0.52
0.82 0.40
1.15 0.12
1.47 0.17
0.49 0.30
0.74 0.72
1.47 0.27
-0.75 -0.12
-0.61 -0.62
-0.36 -0.24
1.09 -0.37
0.52 2.04
0.80 0.02
-0.99 0.09
-1.49 -1.45
1.45 -0.66
1.06 0.35
1.17 0.84
-0.69 0.50
-0.21 -0.33
0.43 1.30
-1.30 -2.14
-1.21 -1.70
-0.26 0.45
-0.69 -0.54
-0.43 -0.23
-0.26 -1.56
0.30 0.18
0.44 0.02
-0.78 -1.36
0.54 -0.06
-2.02 -1.44
-0.72 0.19
-2.72 -2.25
-0.78 -1.84
-0.54 0.69
1.12 -0.55
0.39 1.13
0.10 0.65
-1.31 0.39
-0.68 -0.71
1.07 0.16
