0.63 -0.84
0.30 0.22
2.08 -1.70
0.32 0.64
0.73 -0.40
0.60 -1.35
1.18 -0.81
0.11 0.23
-0.46 -0.84
1.61 0.74
0.57 -0.28
-1.00 -1.13
-1.69 -0.06
-0.25 -0.61
-1.52 -0.94
1.05 0.76
0.36 -0.59
1.09 0.37
0.16 0.08
0.17 -0.49
-2.40 0.77
0.74 -0.08
-0.55 -0.25
-0.44 0.00
1.25 -1.42
-1.51 0.78
0.06 1.50
1.08 0.57
1.21 -1.81
-1.21 1.74
-0.25 0.49
-1.29 -1.01
-0.88 0.46
-0.97 1.20
-1.29 -1.03
-0.56 -1.28
0.54 -1.66
-0.34 -1.54
1.78 -0.25
0.10 -2.08
-0.95 0.11
-0.62 0.32
0.89 0.18
0.00 -0.30
-0.37 1.38
0.71 0.27
1.28 -0.80
0.28 -0.99
-0.50 0.01
-1.38 -0.22
0.92 0.41
1.47 0.07
0.77 -0.01
-0.57 -0.88
-1.15 1.09
-2.59 2.02
0.35 -1.11
0.92 -1.67
-2.15 0.40
0.13 0.42
0.15 -1.70
-0.50 -1.66
-0.85 0.13
-0.74 -0.55
1.27 -1.06
-0.17 0.39
-0.51 -1.02
0.65 -1.40
0.04 -0.55
1.42 -0.68
0.49 0.36
0.34 -0.26
0.94 -1.36
0.14 -0.68
-1.23 0.36
-0.09 0.70
-0.76 0.77
-0.29 2.00
2.59 -2.12
0.37 1.14
-0.55 0.51
-0.90 0.44
0.12 0.27
-0.31 2.62
0.05 -0.06
0.14 -1.44
-1.60 0.16
0.72 1.81
1.23 0.41
1.05 0.82
