2.41 2.75
0.13 0.41
-0.57 -0.36
1.21 0.87
-0.33 -0.41
-0.23 1.32
-0.00 -0.22
-0.47 -0.15
0.78 0.72
0.64 0.45
0.78 0.45
0.34 -0.54
1.14 0.83
-0.22 -0.81
0.88 0.93
0.83 -0.69
1.11 1.13
0.09 0.19
-0.02 -0.31
-0.55 -0.23
0.41 0.35
0.21 -0.54
0.72 1.25
-0.47 -0.58
0.03 -0.75
-0.90 -0.16
1.28 1.07
0.12 0.26
0.41 0.93
-1.24 -1.12
0.48 0.17
0.30 0.19
-1.25 -1.23
-0.76 -1.62
-1.25 -0.99
1.45 1.37
0.50 0.78
-0.44 -2.58
-1.22 -0.86
-0.62 -0.73
0.23 0.28
-1.35 -1.08
-1.38 -1.32
-1.61 -1.43
0.63 0.21
0.14 -0.41
1.62 0.94
0.97 0.09
0.12 0.43
0.92 1.21
1.93 0.43
-0.41 -0.05
-1.18 -1.33
1.62 1.32
-1.09 -1.03
-1.04 -1.01
-0.91 -1.39
0.53 0.57
0.49 0.16
-1.68 -0.25
0.02 0.24
1.72 1.53
-0.57 -0.15
-1.68 -1.14
-1.91 -1.80
0.61 -1.02
-0.27 1.21
1.17 1.54
0.29 1.44
0.90 0.43
1.71 1.36
-1.21 -0.71
0.14 0.92
-0.33 0.12
0.76 0.11
3.27 2.19
1.47 2.30
0.39 0.29
0.54 0.67
-0.22 -0.11
0.17 -0.32
0.32 -0.80
-0.97 -0.93
1.18 2.02
-0.90 -0.57
-0.38 -0.65
0.09 -0.79
0.88 0.82
-0.49 -0.24
1.82 1.00
