1.15 1.50
2.71 0.78
-0.86 0.86
0.19 0.90
-0.50 0.23
-0.80 -0.40
-0.27 -0.79
-1.17 -1.43
-0.29 0.14
-1.44 -2.00
-0.76 -0.44
-1.61 -1.83
0.35 0.06
2.61 1.76
0.56 -0.96
0.48 0.20
-0.34 0.35
-1.21 -0.76
-2.37 0.96
-0.37 0.34
-0.45 0.41
1.53 2.40
-0.84 -0.48
0.18 -1.57
0.79 0.28
0.51 1.40
-0.38 -0.72
-0.52 -1.00
1.00 0.72
0.25 0.43
0.15 0.31
3.02 2.07
-0.22 0.44
-1.05 -2.16
0.03 1.38
-0.17 0.40
0.91 1.88
0.32 -0.06
0.01 -0.71
1.27 -0.19
-1.55 -1.66
-0.87 -0.55
-0.50 0.57
0.45 0.65
1.45 0.53
-0.83 0.58
-0.90 -0.91
-0.58 -1.29
-0.55 -1.18
0.24 1.55
-0.83 -0.34
0.97 0.51
0.37 -1.33
-1.09 1.08
0.72 -0.01
-0.25 -2.35
-0.54 1.11
0.63 -0.46
0.07 1.32
-0.21 -0.23
0.95 -0.37
0.47 -0.56
0.58 -0.58
-0.24 0.12
-1.10 0.19
-0.12 0.88
-0.50 -0.97
0.06 -1.10
-0.30 0.30
-1.22 -1.32
-0.63 0.50
0.42 -0.17
0.16 0.69
0.39 1.03
0.94 0.14
-0.57 0.19
0.35 -0.26
0.22 0.78
1.45 1.55
-0.16 0.26
-0.14 -0.50
0.75 0.05
1.26 -0.49
0.89 1.35
1.45 0.51
0.05 0.01
-0.24 -1.02
1.62 0.88
-0.57 1.21
3.36 1.55
