-2.16 2.16
0.32 -0.32
1.95 -1.95
-0.69 0.69
0.89 -0.89
-0.85 0.85
0.96 -0.96
0.95 -0.95
0.22 -0.22
0.62 -0.62
1.02 -1.02
1.39 -1.39
-0.18 0.18
1.24 -1.24
0.59 -0.59
0.64 -0.64
-1.04 1.04
-1.25 1.25
-2.34 2.34
0.24 -0.24
0.94 -0.94
0.59 -0.59
0.53 -0.53
-1.19 1.19
-0.22 0.22
1.39 -1.39
1.48 -1.48
0.99 -0.99
-1.20 1.20
-0.48 0.48
-0.41 0.41
-1.22 1.22
-0.79 0.79
-0.42 0.42
0.57 -0.57
0.28 -0.28
0.41 -0.41
1.17 -1.17
-1.66 1.66
-0.13 0.13
0.45 -0.45
0.66 -0.66
-0.10 0.10
-0.41 0.41
0.46 -0.46
-0.04 0.04
1.18 -1.18
-0.77 0.77
2.14 -2.14
0.43 -0.43
