-0.63 0.19
0.53 -0.30
0.84 -0.62
-1.16 1.96
0.55 -0.44
-2.03 1.69
-0.53 -0.86
-1.06 0.36
-0.06 0.21
-0.30 -0.56
1.76 -0.95
0.42 -1.28
0.63 0.42
1.01 -2.13
0.09 1.22
-0.03 0.42
0.33 -1.20
1.08 -0.22
-0.89 1.12
-1.33 -0.49
-0.27 -0.73
0.04 -0.92
-2.03 2.66
0.99 -0.40
0.53 1.63
-1.39 1.59
0.05 0.39
-0.19 0.32
-1.48 0.51
1.16 -2.06
1.27 0.60
0.44 0.48
-1.74 0.83
-0.90 0.96
-0.55 -0.38
-1.86 0.64
0.27 -0.92
1.02 0.69
0.65 -0.77
-2.18 0.84
0.20 0.41
1.16 0.03
-1.65 1.14
-1.05 1.44
-0.71 -0.10
0.30 -0.52
-0.23 -0.95
0.64 -1.59
-0.59 -0.13
1.74 -1.29
0.62 -0.47
-0.57 -0.77
0.40 -0.95
-0.03 0.86
1.11 -0.40
-2.46 1.61
-1.94 -0.37
0.33 0.21
-0.21 0.12
1.03 -1.50
0.57 -0.18
-0.16 -0.23
-0.92 0.42
0.97 -1.06
-0.66 1.63
-0.70 0.49
0.70 -1.45
0.92 -0.31
1.06 -0.38
1.92 -0.88
0.22 0.12
0.49 -2.79
1.08 -0.24
0.19 -0.23
-0.56 0.92
-0.38 -0.32
-0.69 0.60
-0.32 1.68
-0.94 -0.84
0.84 -1.10
0.74 -1.36
0.56 -0.61
-0.47 0.77
1.47 0.51
0.96 -0.64
1.17 -0.35
1.42 -1.18
-0.43 0.27
-1.36 0.67
0.81 -1.20
1.54 -2.03
0.60 -0.11
0.02 -0.65
0.33 -1.47
0.16 -0.24
1.16 -0.92
1.22 -0.81
-1.34 1.79
0.77 0.44
-1.38 -0.14
