-0.14 -0.76
0.85 0.15
-0.91 -0.43
0.82 0.87
-0.77 -0.62
-0.12 -0.43
0.55 1.34
0.27 0.30
-0.12 -0.71
1.49 1.31
1.78 2.05
0.57 0.32
0.00 0.83
0.76 0.68
0.10 0.65
1.85 1.21
-1.19 -1.21
0.02 -0.05
-0.52 -0.83
0.18 -0.35
-0.50 -0.77
1.40 0.83
0.79 0.41
1.19 0.62
0.66 0.45
0.70 1.39
2.36 2.97
0.69 0.24
-2.20 -1.58
0.46 1.08
1.77 2.15
-0.04 1.25
-0.99 -0.86
-0.28 -0.10
0.08 -0.40
0.79 0.82
-1.10 -0.97
0.12 0.16
-1.62 -1.41
-1.21 -0.93
-1.43 -0.76
1.68 1.47
-0.67 -0.67
-0.12 0.19
1.95 1.61
0.86 0.93
-0.06 -0.18
-0.80 -1.22
-0.40 -0.37
-0.09 0.16
