1.35 -0.58
-1.79 0.20
1.93 -0.02
-1.71 0.01
0.82 0.30
-0.26 1.33
0.89 1.25
0.62 2.46
0.46 -0.86
0.25 -0.68
1.26 1.83
-0.79 -0.25
-1.59 -1.14
-2.03 1.17
0.74 0.07
-0.27 0.59
0.48 -0.31
-0.18 0.49
-0.57 0.09
0.76 -1.04
0.12 1.12
0.46 -0.91
0.80 1.58
-1.24 -1.42
1.37 -0.86
-1.86 -1.27
-1.36 0.72
1.38 -0.17
-0.34 -0.33
-0.87 -0.16
0.34 -0.29
-1.50 -0.97
0.98 0.90
-0.14 1.02
-1.68 -1.87
0.16 0.03
-1.09 -0.32
-0.21 -1.70
1.17 -0.88
0.54 -0.22
-0.07 -0.73
-2.57 -1.25
-1.30 -0.78
-1.00 -0.34
-1.36 -1.40
0.57 -1.46
-0.73 -0.13
0.53 0.26
-0.65 1.24
-0.67 -0.05
-0.92 0.41
-0.65 -0.65
0.77 -0.54
-0.07 2.06
-1.68 0.37
-0.21 0.05
0.31 -0.66
-0.79 -0.49
0.27 1.39
-0.44 -0.57
-0.53 -1.28
-0.36 1.33
-0.52 -0.94
-0.75 -0.91
-0.84 -0.55
-2.21 -0.58
0.54 0.11
0.77 0.42
-0.22 -1.15
-1.16 0.37
-0.59 -0.86
0.08 0.96
-0.55 -0.30
1.42 1.42
-0.27 0.47
0.81 -1.71
-0.59 0.50
0.09 -0.43
0.03 1.06
1.46 1.43
-0.54 0.78
1.08 -1.52
1.01 -0.15
-0.83 -1.49
0.24 -0.86
-0.54 0.62
-2.23 -0.39
-1.34 0.45
-0.33 -2.34
-0.79 -1.52
-1.74 0.50
1.25 -1.22
1.13 1.46
-0.19 2.14
-0.91 -0.84
1.50 0.55
-0.29 -0.46
0.73 -0.50
-1.61 -1.47
-1.41 1.09
