0.04 0.48
0.01 -1.28
-0.64 -0.81
-1.26 0.46
-0.22 0.93
-1.72 1.06
0.66 -0.99
-0.18 -0.73
1.13 -0.31
1.74 -2.92
-0.90 0.90
-1.42 1.01
-1.08 0.34
0.65 1.41
0.99 0.14
-1.00 -0.91
0.33 1.44
-0.30 0.73
0.31 -0.09
-0.61 0.10
-1.47 0.42
0.69 -0.40
0.64 -0.17
-1.22 -0.22
0.84 0.71
-0.72 -0.59
0.61 -0.33
0.40 -1.00
-2.13 1.14
-0.33 -1.96
-0.17 0.67
-1.18 -0.84
-0.06 0.79
0.69 -0.32
1.08 0.26
0.78 0.61
-0.04 1.76
0.62 1.46
-2.23 0.43
0.56 1.07
-0.47 -0.43
-0.35 -2.29
0.05 0.71
0.19 -0.90
-0.78 0.66
-0.69 0.45
0.78 0.33
-0.42 0.17
-0.80 0.54
0.51 -2.69
0.10 0.20
-0.55 0.60
-0.44 -0.78
-1.64 -1.30
-0.57 0.37
-0.16 -0.58
1.28 1.99
-0.62 0.40
0.48 0.16
1.76 -0.80
-1.40 0.53
-1.45 1.17
-0.14 1.93
-1.47 -0.61
-1.32 -0.81
1.22 -2.10
1.15 -1.38
1.73 -0.23
1.13 0.70
1.29 0.71
-1.56 -0.13
-1.04 1.23
-0.22 0.96
-0.52 0.38
0.27 0.75
0.47 0.07
2.22 -1.01
-0.86 0.52
-0.59 0.45
-1.79 0.26
-0.69 -0.32
0.42 -0.10
0.12 0.21
0.39 1.51
0.33 -0.75
0.52 -0.38
-3.26 0.76
0.34 1.46
0.41 -1.28
0.53 -1.57
