-1.30 0.10
-0.07 -0.56
-0.30 1.05
-0.94 -0.61
-0.62 0.86
-0.72 0.05
-0.11 -1.10
-0.09 1.04
-2.44 0.73
0.11 -0.25
-0.00 -0.52
0.66 0.92
-0.80 0.42
0.38 -1.32
1.66 0.99
1.28 -0.85
0.50 1.81
1.76 1.29
0.78 0.62
1.47 0.01
1.30 0.99
-0.83 0.18
0.66 0.05
0.69 -0.91
-0.51 1.43
-1.76 -1.17
-0.69 -1.75
0.38 -0.20
0.69 0.05
0.40 1.07
1.14 -0.02
0.96 -0.78
-0.25 0.13
-0.33 -0.45
0.60 0.73
0.59 1.04
-0.02 0.69
-0.04 -0.14
-0.42 0.54
0.64 1.07
1.15 1.37
2.08 -0.56
-0.10 1.38
0.21 -0.77
0.20 -0.65
-0.20 0.09
-0.79 0.19
0.04 -0.13
-0.78 1.74
1.15 -0.31
-0.85 -0.75
0.34 -0.20
0.11 -0.17
0.84 1.18
1.13 -1.46
-0.82 0.71
-1.29 0.01
-1.30 -1.05
0.98 0.50
-0.93 0.04
0.74 -0.43
1.05 2.93
0.14 0.93
0.41 1.36
-0.31 0.11
1.55 0.61
0.04 0.07
-0.54 -1.09
0.39 0.55
-0.31 1.50
-0.86 0.15
0.13 0.60
0.42 -3.50
-0.49 3.52
0.41 -0.39
0.82 0.33
0.44 0.28
1.21 -0.24
-1.18 1.34
-1.21 -0.29
-1.00 -0.89
1.45 -0.95
-2.36 -0.31
-3.09 -0.49
-1.46 0.64
-0.33 -1.14
0.38 0.30
0.94 -0.87
-0.13 -0.35
-2.40 1.28
1.42 0.44
1.41 -2.29
0.42 -0.24
0.35 -0.31
0.99 0.46
0.06 0.47
1.64 1.38
0.24 0.14
-1.52 0.64
-1.12 1.05
