-1.47 1.66
1.31 -1.28
1.16 -0.54
-1.22 0.56
0.24 -0.03
-0.47 0.00
0.18 0.21
0.05 -0.31
-2.13 0.53
-2.03 1.63
-0.48 -0.10
0.46 0.83
-0.21 -1.00
-0.77 2.62
1.32 -1.14
1.40 -0.48
0.25 -0.41
-0.21 -0.02
-2.45 0.75
0.98 -0.43
0.54 -0.29
0.75 0.41
-0.15 0.80
-0.85 1.43
-0.72 1.14
-0.89 0.38
0.12 -0.01
1.26 -2.87
-0.03 -0.30
-0.74 0.59
0.61 0.29
0.03 -1.23
-1.10 0.86
-1.13 1.32
0.83 0.76
1.71 0.10
1.72 -0.40
-1.33 0.36
-0.30 0.95
-0.83 1.64
2.30 -1.42
0.86 -0.90
0.85 -0.02
1.10 -1.75
0.92 -0.31
0.09 -1.46
-0.13 0.55
-0.46 0.46
-0.70 -0.39
1.96 -0.84
-0.16 -0.61
-1.15 -1.01
-0.81 0.16
0.13 0.58
-0.11 0.59
0.37 -1.13
-0.62 2.16
0.03 1.23
-0.40 1.29
-0.17 0.14
1.20 -0.82
-0.22 -0.28
0.07 -1.27
-2.10 0.88
-0.52 1.69
0.78 -0.86
-0.43 -1.48
-0.10 -0.72
-1.04 -0.33
0.70 -0.22
-0.91 0.12
-0.21 0.42
0.15 -0.88
0.94 -1.03
-0.28 -0.16
0.02 0.10
-0.09 0.75
-1.25 1.11
-2.00 2.78
-0.78 -0.38
0.94 0.36
-0.81 1.03
-1.37 1.45
-0.40 -0.08
1.40 -1.55
-0.64 0.68
2.04 -0.49
-0.97 -0.29
0.71 -0.50
1.17 -0.86
