-0.18 -0.48
0.21 -1.19
0.78 -0.35
-0.07 -0.70
1.39 1.85
2.01 -1.09
0.19 -0.11
-0.20 0.77
0.10 -1.07
-1.07 0.12
0.16 1.04
-0.22 -1.10
-2.08 -0.40
0.20 -0.23
1.68 -1.01
-0.27 -1.87
0.22 -0.17
-0.22 -1.16
0.68 -0.76
-0.95 0.27
0.12 0.40
-0.11 0.28
0.21 0.31
0.95 -0.52
0.71 0.25
-1.98 0.21
-0.17 -0.85
-1.87 -1.18
-0.39 -1.31
0.32 -1.48
1.08 -0.65
1.33 0.77
0.23 -0.77
0.58 -1.19
-0.52 0.43
2.40 0.99
0.47 0.81
-1.56 0.48
2.77 1.55
0.47 0.40
-0.14 1.19
0.84 1.77
1.43 0.07
0.38 -0.97
-0.41 0.14
-0.45 -1.00
-0.74 -1.34
0.48 -0.49
-0.67 -0.96
-1.02 -1.29
1.85 0.14
1.84 1.05
1.11 -1.34
1.20 2.09
0.83 2.55
0.05 -1.75
-1.67 -0.65
0.72 0.82
0.67 -0.89
0.41 0.02
-0.83 0.05
0.25 0.17
-0.18 2.19
0.54 0.58
-0.70 -0.40
0.74 0.25
-0.93 0.20
0.34 -0.14
-0.90 -2.05
-1.04 -2.02
-1.75 -0.31
-0.16 1.63
-0.09 -0.02
0.71 -1.07
-0.00 0.59
0.10 1.00
0.38 -1.09
-2.06 -0.76
-1.29 -0.68
-1.52 0.33
-1.03 0.57
1.18 0.54
0.64 0.24
0.45 0.01
0.98 1.67
-1.29 -0.43
-0.07 -1.48
0.23 -1.08
1.65 0.93
-0.05 -0.46
