0.19 0.52
1.04 1.36
0.23 0.38
1.33 0.58
-1.58 -1.31
1.12 0.95
-1.02 -1.90
-1.45 -0.93
0.88 -0.18
-0.12 0.37
0.11 0.02
-0.78 -0.97
-0.35 -0.53
1.79 1.45
0.81 0.00
-2.18 -2.27
0.29 -0.16
-1.47 -1.15
0.04 0.48
-0.19 -0.03
1.97 1.77
-0.99 -1.19
1.62 1.26
-0.97 -0.56
-1.70 -1.41
0.33 0.64
0.28 0.67
1.40 1.73
-0.86 -0.72
-0.16 0.53
1.71 1.87
0.21 0.69
-0.34 -0.22
1.08 0.65
-0.84 -0.77
-0.70 -0.14
-1.35 -1.01
0.36 0.34
-0.47 -0.80
0.15 -0.22
-0.52 -1.26
0.60 0.11
0.56 0.73
-1.35 -2.08
-0.58 -0.40
-0.33 0.03
-0.82 -0.21
1.20 1.15
-0.24 -1.19
0.73 0.95
