-1.27 0.21
0.09 1.50
-0.94 -0.96
-0.73 -0.19
0.47 -0.81
-1.33 -0.51
0.22 -1.03
-0.93 0.90
1.52 0.86
-0.61 0.09
-1.14 -1.39
0.75 1.72
0.18 0.53
-0.53 1.18
-0.31 -0.13
-0.23 -0.90
0.59 1.17
-0.57 0.37
-1.24 -0.48
-0.33 0.43
-0.92 0.55
-1.28 1.26
1.10 -0.65
0.38 -0.53
0.45 -1.66
-0.36 0.65
0.28 -1.15
-0.81 -1.11
0.93 0.63
-0.11 1.53
-1.59 -1.08
1.46 1.43
0.80 0.10
-1.93 -0.13
0.14 0.68
0.82 3.16
0.60 1.66
-0.40 0.80
-2.86 0.20
-1.92 1.71
0.85 -0.37
1.03 -0.44
-0.16 0.06
0.06 1.36
1.26 0.52
-0.38 0.72
0.49 -0.52
0.37 -1.24
2.19 -0.34
0.81 0.13
