0.81 0.17
0.82 0.46
0.84 1.58
0.62 -1.64
-0.93 -0.09
-0.71 -0.42
-1.79 1.23
0.47 0.61
0.20 -0.70
0.10 -0.73
-0.08 0.62
1.46 1.57
-0.83 0.27
0.55 0.50
-0.03 -1.27
1.66 -0.39
-0.16 0.65
0.02 0.74
-0.67 -0.37
-0.45 0.93
2.50 -0.52
-0.01 -1.60
0.63 0.33
0.13 0.61
1.05 2.54
0.87 -0.30
0.68 -0.15
-1.50 0.71
1.44 -0.55
-0.72 -0.79
-0.36 -0.95
-1.45 0.73
1.86 0.20
0.42 0.43
-2.99 -1.28
1.44 1.49
-1.34 -0.63
-0.78 -0.65
-0.20 -0.46
1.09 0.54
0.53 -0.18
-1.35 -0.97
-0.28 -2.05
-1.28 1.97
-0.82 -1.02
-0.84 -1.17
0.64 1.96
0.35 -1.15
0.04 -1.36
-0.56 -0.45
-0.42 0.48
0.98 1.51
0.62 2.16
-0.65 -0.17
-0.46 -0.27
1.34 0.01
-3.27 -0.64
0.88 -0.69
-0.63 -0.37
0.49 -0.73
0.19 0.36
0.25 0.47
-0.30 1.05
0.17 -0.44
0.26 1.54
-1.47 0.13
0.35 -0.66
-0.14 -0.23
-0.19 0.81
-0.68 1.00
0.88 0.47
0.45 -0.08
-1.18 -1.03
-0.17 -1.80
1.84 -0.94
-0.39 1.06
0.70 1.19
0.21 0.49
0.65 -1.30
-0.32 -0.29
-0.61 1.28
1.51 1.61
1.03 -0.03
-0.23 -1.18
-1.84 -1.79
-0.05 0.15
-0.54 -1.36
0.96 -0.53
0.05 -0.96
-1.16 0.92
