0.59 -0.36
-1.22 -2.94
0.18 0.72
-0.20 -0.84
-0.51 0.34
1.13 2.46
1.12 1.76
-0.34 -0.74
0.60 -0.46
1.35 0.90
-1.27 -1.62
-0.12 1.55
-0.65 -0.34
-0.36 -0.42
-0.72 -0.33
1.85 0.81
0.97 -0.37
-1.10 -0.67
0.51 0.57
0.07 -1.33
-0.04 1.17
-0.15 -0.90
-0.52 1.20
0.60 -0.22
0.68 1.75
-1.53 -1.20
-0.44 -0.52
0.11 1.22
1.25 0.71
-0.91 -1.11
-1.42 -2.60
-0.53 0.96
0.15 -0.15
1.53 1.44
1.62 0.72
-0.03 0.85
0.50 0.36
-2.84 -0.38
-0.38 1.22
0.25 -0.39
0.59 1.53
-0.57 0.67
0.59 0.71
1.40 0.85
-0.64 -0.61
-0.26 -1.81
-1.20 -1.47
-0.61 -0.19
-0.70 0.49
0.57 0.76
0.66 0.37
-0.04 0.39
-0.38 -0.62
-2.20 -0.10
0.66 0.16
-1.65 -0.86
-0.64 0.20
-1.15 -0.63
0.17 1.05
1.40 1.64
-0.65 -0.43
-2.87 -1.58
1.53 -0.91
1.61 1.02
0.07 -0.26
-1.51 -0.88
0.13 -0.35
1.26 0.69
-0.07 0.17
0.61 -0.10
-0.07 -0.78
-0.97 -0.09
0.02 0.02
1.50 0.32
0.80 -0.16
0.96 -0.61
0.20 -0.30
2.13 1.01
0.67 0.00
-1.30 -1.09
-0.79 -0.80
-0.72 0.58
1.72 0.99
1.38 -0.06
0.09 -0.10
0.84 2.20
-0.26 1.17
1.88 -0.25
0.27 -1.54
-0.88 -0.56
-0.74 1.07
0.22 0.90
-1.00 -0.44
-0.60 1.15
0.55 -0.43
-0.77 -1.03
-0.81 -0.79
-0.19 -1.40
-0.42 -0.47
0.38 -1.22
