1.15 -0.61
-0.75 -1.53
0.22 -0.22
0.33 0.60
2.44 0.30
0.59 1.02
0.74 1.41
-1.45 0.32
1.34 -0.01
-0.12 -1.28
-0.01 -1.70
-0.76 0.27
-1.71 -0.16
0.84 1.48
-0.90 -0.83
0.38 -0.72
0.98 2.25
-1.29 -0.57
0.29 -0.82
0.26 -0.44
-1.56 -0.72
-0.25 0.62
-1.38 0.46
0.34 0.20
0.34 -0.81
0.38 -0.75
1.19 0.51
0.29 -0.45
-1.05 -1.29
0.86 -0.73
0.95 0.45
0.86 0.18
-0.69 0.61
-0.71 -0.97
-0.72 -1.14
-0.16 -0.27
1.98 1.99
-0.40 2.20
0.04 -1.59
-1.52 -1.15
-0.68 -0.39
-1.64 0.07
1.48 0.77
-1.08 -0.69
-0.48 0.37
-0.01 -1.85
-0.62 -1.04
1.11 0.40
-0.34 0.01
-1.01 -1.30
-1.30 -0.12
-0.52 0.23
0.03 -1.27
-1.60 0.14
-1.03 -0.05
0.49 0.32
1.79 -0.25
-0.33 0.71
0.44 0.58
1.30 -1.08
-0.27 -0.89
-0.34 -0.81
-1.84 -1.73
-1.52 -1.37
1.32 -1.11
-0.45 -2.67
0.46 -0.65
-0.77 -0.91
-1.93 -1.34
0.15 -0.12
1.16 1.26
-1.06 -0.85
-0.10 -2.00
-0.23 -0.97
-0.72 -2.35
0.98 -0.93
1.09 -1.77
-1.72 -0.37
-0.22 -1.08
-0.12 -0.47
1.27 -0.18
-0.36 -1.66
1.90 -0.21
0.69 -0.89
0.43 -1.05
1.27 1.41
-1.51 0.45
-0.28 1.00
0.83 0.79
-0.08 1.26
