0.44 1.14
-1.03 -0.79
-0.76 -0.54
0.70 1.25
-1.17 -0.45
1.07 -1.53
0.41 -0.15
-1.08 -0.89
0.45 0.57
0.36 2.04
0.43 1.07
0.72 -0.92
1.60 -1.05
0.47 1.15
0.65 -0.42
1.30 0.69
-0.87 -0.41
-0.36 -0.98
0.80 -1.29
0.22 0.03
-1.20 0.65
-2.19 1.51
0.21 0.04
-1.44 1.03
0.32 -0.03
0.57 -1.67
-0.33 -1.33
0.07 -0.37
0.44 1.19
0.38 0.09
-0.38 -0.08
-0.18 0.07
-0.47 -1.19
0.81 -1.76
-0.54 -1.05
-0.91 -0.01
-1.11 0.12
0.07 -1.31
-2.17 -2.11
-0.41 -0.32
0.31 -0.58
1.96 1.06
-0.17 1.81
-1.55 -0.40
-1.26 0.89
1.42 0.57
-0.08 -1.25
-1.95 0.84
1.54 0.58
2.05 0.63
1.29 0.15
0.02 1.69
0.95 -1.62
-1.71 0.59
1.24 0.65
-1.04 -0.67
-0.38 -0.39
0.01 0.69
-0.49 -1.65
0.26 -0.80
0.65 1.00
0.65 -0.70
0.60 0.96
-1.08 0.66
-0.25 0.66
0.42 0.72
0.23 -1.03
0.12 -0.45
1.31 0.09
-0.32 -1.22
1.56 0.89
1.46 -1.16
-1.88 -0.85
-0.51 1.68
-0.52 -1.04
2.64 -0.57
-0.96 -0.36
-0.19 0.24
-0.46 0.92
-1.00 0.31
0.13 -0.80
-1.45 -0.04
-1.03 -1.09
0.17 -1.43
-1.36 -1.39
0.92 2.79
0.18 -0.14
-0.18 1.34
-1.39 0.48
-0.47 -0.81
0.29 0.24
-0.11 -1.08
-2.41 -0.74
0.66 0.92
-0.39 -0.75
-0.11 -0.07
-0.32 -2.13
-0.14 -0.80
-0.61 -0.54
1.68 -0.70
