1.93 0.07
-1.53 0.68
1.51 0.63
0.20 -1.04
0.43 0.68
0.02 0.41
0.17 0.72
-1.35 -0.87
-1.37 -1.42
-0.76 -0.47
0.75 0.34
1.09 -0.31
-1.39 -0.00
1.28 1.89
0.21 0.23
-0.40 -0.23
-0.12 -1.28
1.19 2.21
1.61 2.23
-1.46 1.61
0.65 0.58
-0.76 -0.71
-1.28 0.66
0.99 -1.27
-0.73 -2.30
-0.03 1.21
2.01 -0.13
0.36 -0.52
-0.23 0.35
-1.29 -1.51
-1.27 -0.17
-0.15 0.08
0.73 0.15
0.00 -0.83
0.54 -0.09
1.35 0.07
0.05 1.12
0.20 -0.74
0.52 0.84
-0.70 1.40
-0.77 -0.53
-1.73 -0.90
-0.17 0.88
-1.90 -1.22
-0.53 -0.64
-0.03 0.03
1.48 -0.22
-0.01 1.61
-0.26 0.88
0.73 -1.13
