0.31 1.26
-0.36 -0.10
-0.40 -0.06
-1.50 1.71
2.43 0.40
0.16 -1.19
-0.49 0.28
-0.45 0.67
0.90 -0.41
-1.11 0.20
0.09 1.31
-0.00 -0.93
-1.08 -0.27
-1.11 0.36
-1.78 0.89
1.00 -0.07
-1.57 3.50
1.21 1.29
-0.30 -0.05
-1.96 0.33
0.98 -1.01
0.94 0.81
-1.11 1.07
-1.62 -0.31
0.25 -1.24
-0.49 1.84
0.41 -0.17
0.26 -0.58
-1.28 -0.20
-0.14 -0.16
0.26 -0.75
-1.17 -0.17
-1.13 0.55
0.40 -1.48
-0.40 0.09
-0.62 0.20
0.21 -1.09
-0.64 0.69
0.33 -0.15
-0.32 -0.45
-0.72 -0.50
1.65 2.20
1.49 1.99
-1.86 0.62
-0.81 -1.01
2.05 -1.17
-1.24 -0.00
0.24 -0.12
0.92 0.80
0.24 -0.31
0.05 -0.58
1.07 -1.03
0.50 0.24
1.59 -1.30
-0.74 0.71
-0.94 0.24
-0.15 -1.01
0.16 0.59
-0.06 -1.24
1.46 0.91
1.05 0.65
-1.75 -0.10
-2.10 0.30
-1.73 1.19
1.87 0.43
0.73 -1.00
-0.10 -0.52
0.00 0.99
-1.64 -1.75
-0.20 0.65
-1.54 0.62
0.06 0.06
-0.70 0.39
0.16 0.44
-0.04 -1.25
-1.82 0.47
-0.95 0.40
-1.25 -2.81
0.93 -2.38
-0.29 -0.82
0.10 1.22
-0.06 -0.02
-0.28 1.54
1.19 -0.83
-0.23 0.53
0.53 0.38
-0.03 0.07
-0.24 -1.37
-0.45 0.13
-1.26 -0.86
