-1.43 -0.81
1.55 -1.00
-0.51 0.64
-1.36 -1.77
-1.45 0.18
1.36 -0.16
1.17 -2.54
0.29 -0.15
-0.66 0.33
-0.27 -0.72
-0.19 1.10
1.30 0.10
0.70 0.54
1.00 0.59
-1.62 0.04
0.70 0.86
-2.21 -0.39
-0.43 -0.90
0.62 -1.71
0.88 -2.72
-0.41 0.35
-0.58 -0.38
0.14 -0.65
-0.75 0.96
0.28 0.79
0.40 0.45
-1.84 1.87
-0.68 0.39
1.79 1.45
0.69 0.16
-0.56 1.91
-0.03 1.37
-0.44 0.74
-0.62 0.75
0.09 1.08
-0.33 1.15
0.13 -0.38
2.87 -1.44
-0.69 -0.59
1.25 0.60
-0.88 -0.30
-0.46 -0.33
0.83 -0.35
0.94 -0.05
-1.45 -0.33
-0.15 0.01
0.43 -0.66
0.03 0.26
0.07 0.59
-0.56 -1.47
0.94 -1.20
0.36 -0.51
-1.11 -0.81
0.34 -0.19
1.11 -0.46
-0.40 -0.09
-1.55 -1.86
0.31 -0.58
0.87 -0.10
0.97 -0.05
0.33 -1.52
-0.35 -1.33
0.54 0.48
0.33 1.82
1.60 0.90
-0.11 -0.93
0.37 0.29
-1.79 1.09
-1.67 -0.09
0.81 -1.49
-0.54 0.28
0.98 0.51
0.22 -0.86
0.69 -1.26
0.33 0.30
3.30 -0.03
-1.30 2.01
0.01 0.26
0.35 -0.34
0.50 2.62
0.61 0.14
1.43 -0.29
1.29 -1.05
-0.91 0.06
-0.44 0.12
-0.73 -0.94
-1.46 0.05
0.49 -0.56
-0.95 0.14
-0.60 -1.37
0.68 1.25
-1.85 -0.05
0.46 -1.05
-0.48 0.04
0.96 -2.17
0.39 1.71
0.14 0.69
0.24 -1.55
1.19 0.12
1.08 0.34
