-1.68 -0.15
0.61 -0.32
-0.27 0.23
1.21 -0.54
0.41 0.97
-0.30 1.75
-0.27 0.26
0.63 0.74
0.71 -1.93
-1.66 0.50
0.39 2.50
0.14 0.29
0.64 -0.04
2.17 -0.63
1.01 -1.25
-0.21 0.95
-0.49 -0.21
-0.48 0.66
0.10 0.02
0.80 -0.79
-1.35 -1.36
-2.29 0.41
-0.65 2.76
1.35 -0.42
-0.96 -0.15
-0.25 1.04
-0.73 0.55
0.39 0.69
0.97 -0.31
1.65 -0.17
-0.06 1.77
0.42 -0.43
0.91 -1.08
1.39 0.12
-1.43 1.69
1.12 -1.74
0.57 -0.38
0.98 -1.12
1.06 -0.45
-0.17 -0.33
-1.06 1.77
-1.48 0.91
-1.71 0.44
0.84 -0.85
-0.25 0.36
0.42 -0.50
-1.05 -0.56
1.00 0.25
-0.30 1.49
-1.07 0.33
