-1.97 1.64
-0.09 0.54
0.93 -1.11
-1.53 1.36
0.38 -0.17
0.84 -1.06
-0.63 0.69
-1.44 1.02
0.51 -0.53
1.49 -0.30
-0.45 -0.43
-0.12 -0.57
-2.35 1.36
0.01 0.15
0.46 -1.15
-0.10 -0.26
0.41 -0.56
-0.54 0.20
-1.69 1.04
0.22 -0.21
-2.27 2.11
1.17 -1.93
0.76 -1.09
-0.04 -0.67
1.10 -1.19
-0.73 0.97
-0.70 0.48
-2.01 2.54
-0.01 -0.35
0.32 -0.35
0.45 -0.67
-0.80 0.10
-0.41 0.38
0.43 0.54
1.01 -1.16
-0.63 0.72
-0.57 0.29
0.39 0.08
-1.25 1.46
0.59 -0.73
-0.18 0.15
-0.31 -0.10
0.21 0.50
-0.09 -0.15
-1.96 2.10
1.69 -1.31
-0.28 -0.13
-0.58 1.16
-1.69 1.68
1.23 -1.06
