0.19 0.32
-1.04 -1.16
-0.53 0.20
-1.06 -1.31
1.91 1.04
-0.48 -0.38
2.04 1.16
-0.63 -0.69
-0.63 -0.43
0.10 -0.12
-1.07 -0.78
-1.68 -1.09
1.35 0.75
0.40 0.30
-0.80 -1.17
1.33 1.79
-0.29 -0.80
-0.58 -0.72
-0.77 -1.41
0.94 -0.17
0.77 0.98
-0.36 -0.93
-1.05 -1.92
0.01 0.03
0.58 0.56
0.52 0.07
-0.08 0.29
-0.33 0.01
1.05 1.51
0.72 0.72
-0.62 -0.72
-2.20 -2.32
-1.15 -0.75
-0.08 0.06
-0.97 -0.54
0.81 1.43
-1.31 -1.03
-0.53 -0.56
0.97 -0.10
-2.22 -2.13
0.71 0.46
0.74 0.65
-0.12 0.11
0.70 0.53
0.34 0.65
2.25 2.54
-0.30 -0.40
0.88 0.35
-0.38 -0.73
-0.81 -1.51
