0.91 0.12
1.63 0.05
0.85 -0.38
-0.97 -1.16
0.37 -0.28
-1.32 -0.24
0.96 -0.65
0.09 -1.98
0.30 1.25
0.49 1.27
0.73 -0.69
-0.35 -0.28
1.16 0.55
-0.89 -0.81
-1.27 0.39
-1.08 0.17
-1.51 -0.05
-0.36 -0.87
-0.47 0.64
1.67 -1.78
-0.12 -1.20
1.35 0.06
-0.09 0.27
-0.00 -0.32
-0.40 -1.36
-1.03 1.55
-0.53 -0.27
-0.45 -0.63
-0.83 1.00
-2.44 1.13
-1.62 1.19
-0.49 0.97
1.09 -0.09
0.50 -0.50
2.16 -1.30
-1.47 -0.77
-0.54 1.21
-0.15 0.50
-1.58 2.18
-0.84 1.19
-1.60 1.59
-0.71 0.47
-0.04 1.42
-1.32 1.02
1.26 -1.52
0.48 0.60
-0.85 0.17
-0.79 0.05
-0.07 2.21
-0.01 -0.76
