-0.22 0.32
1.63 -1.53
0.61 -1.09
0.35 0.08
-2.36 1.59
-0.77 1.30
0.62 0.54
-0.32 0.79
1.29 -0.47
-0.67 1.72
0.25 0.54
0.05 1.53
1.56 -1.25
0.91 1.57
0.41 0.66
-0.38 1.44
0.92 0.06
0.69 -0.75
-1.84 1.12
-1.10 0.24
1.87 -2.00
0.52 0.27
-1.25 0.96
0.70 -0.81
0.30 0.31
0.75 -0.42
-0.30 0.60
-0.67 0.88
-0.23 0.81
0.78 -1.09
0.55 0.40
-0.83 0.93
-0.44 0.37
-2.37 1.47
1.47 0.02
0.41 -0.03
0.52 -0.44
0.85 -1.37
0.72 -0.57
-1.81 1.79
0.91 -1.57
0.40 0.86
-3.10 0.58
-0.35 -0.65
0.12 0.67
1.51 -0.50
0.76 -0.81
0.47 -1.39
0.69 -1.44
0.31 0.24
1.80 -1.63
0.97 -0.61
1.25 -0.66
-1.44 0.46
0.44 -0.51
-0.46 -0.08
-1.16 0.68
-1.13 0.50
0.19 -0.92
0.18 -1.50
0.42 -0.61
0.46 0.13
1.84 1.31
1.07 -0.30
0.33 -0.46
0.53 -1.65
0.42 0.42
0.54 -2.02
0.83 0.08
-0.14 0.41
-0.28 -1.10
0.10 1.65
-1.45 1.79
0.36 2.06
-1.88 1.10
-0.49 -0.12
1.15 -0.59
0.94 -1.05
1.25 -0.52
0.92 -1.05
-0.06 0.45
0.60 -0.12
-0.46 -0.46
-1.33 1.44
-0.58 1.30
0.43 0.57
-0.94 1.70
0.77 0.09
1.26 -0.29
0.31 -0.09
