-0.31 0.41
2.21 -0.54
0.23 0.72
1.84 -0.62
-0.55 -0.18
-0.06 -0.24
1.08 -0.37
-0.67 -0.37
0.53 -2.01
0.54 -0.35
-1.55 2.04
-0.46 0.74
0.32 0.89
0.32 -1.52
0.78 -0.04
-0.27 -0.20
0.12 0.89
-2.18 1.24
-0.21 1.48
0.05 -2.35
0.00 -0.33
-1.48 1.31
-0.11 -0.44
1.35 -0.12
-1.67 0.84
2.25 -0.50
1.40 0.62
-1.43 1.60
1.87 -1.57
-1.25 -0.11
-0.06 -1.26
0.13 0.20
-0.23 -0.58
0.16 -1.08
0.07 -0.29
-1.21 -0.57
0.35 -0.36
-0.07 -1.42
-0.35 -0.09
-0.32 0.23
-0.46 -0.85
-0.81 0.79
1.42 -1.50
-0.55 -0.34
-0.95 -0.00
1.80 0.60
-0.55 1.57
0.28 -1.88
0.07 0.00
-0.44 -1.76
