-0.93 0.50
-0.38 -0.01
1.91 -1.33
-0.61 -0.06
-0.15 0.21
-0.54 0.48
0.88 -0.49
2.19 -1.95
0.37 -1.03
0.99 -0.11
-0.24 0.13
1.71 -1.71
0.01 -0.93
-1.24 1.83
1.05 -0.39
0.60 -0.40
-0.31 0.22
-0.72 0.87
-1.73 1.58
0.88 -1.32
-0.99 1.37
0.61 -0.86
0.67 -0.30
0.80 -0.27
0.86 -0.80
1.16 -0.51
-0.87 0.73
-0.22 0.01
-0.98 0.95
0.57 -0.88
-1.48 0.92
-0.42 0.32
-2.75 2.22
0.80 -0.48
0.06 0.40
-0.02 0.08
0.07 -0.26
-0.05 -0.52
-0.79 0.54
-1.41 1.13
0.11 0.91
-0.08 0.81
-0.01 0.40
-1.49 1.65
-0.49 0.24
-0.97 0.61
0.80 -1.10
-0.03 0.32
-0.90 0.68
0.44 -0.77
0.82 -0.73
0.55 -0.15
0.27 -0.19
-1.12 0.94
-1.32 0.43
0.61 -0.31
0.71 -0.84
0.35 -0.20
1.09 -1.56
-0.64 1.50
0.19 -0.27
-0.52 1.22
-0.76 0.65
0.36 0.06
0.16 -0.34
1.28 -1.50
-1.82 1.88
-3.11 2.61
1.80 -2.21
1.14 -0.91
0.15 -0.05
1.58 -2.21
1.15 -1.39
0.16 -0.73
-0.01 -0.35
-0.26 0.63
0.51 -0.96
-0.53 0.16
-1.24 1.38
1.12 -1.35
0.77 -1.24
1.35 -0.55
0.61 -1.41
-1.85 1.16
0.30 0.08
0.11 0.56
0.67 0.18
0.53 -0.30
-0.64 0.82
1.07 -1.59
