1.42 1.22
0.36 0.35
0.93 -1.49
-0.08 -1.43
0.04 0.84
-0.93 0.01
0.16 -2.01
-1.77 1.17
-0.11 -0.33
0.66 -2.52
2.18 0.25
-0.55 0.49
0.47 -0.25
0.48 -0.15
-0.08 0.58
-0.62 0.64
-0.81 -1.15
0.78 -0.40
1.27 0.09
-0.09 -0.44
1.07 -0.38
-1.04 1.15
-0.46 1.28
0.09 0.26
0.51 1.74
1.43 0.72
-0.49 -1.54
-0.75 0.49
0.29 -0.20
-0.03 1.04
0.19 1.22
-0.27 -0.94
-2.00 -0.33
-1.33 1.15
-1.36 -0.38
1.00 0.57
-0.34 -0.31
-0.13 0.40
0.13 1.63
-0.93 -0.08
1.22 -0.44
3.09 -2.56
-1.71 0.71
1.03 0.90
0.23 0.78
-1.06 -0.25
-0.23 0.93
0.25 -1.03
1.15 0.15
-0.86 -0.72
