-2.27 2.98
-1.61 0.95
0.16 -2.45
-2.10 0.68
-0.38 -0.43
-1.64 0.44
-1.11 1.38
0.29 -0.46
-0.83 -0.90
0.40 -1.25
-1.01 0.68
0.63 -0.33
0.37 -0.20
-0.70 0.62
1.38 -0.25
0.51 0.59
1.48 -1.04
1.39 -1.89
0.47 -1.06
-0.70 -0.07
-0.75 0.44
0.72 -0.05
0.18 0.16
-0.36 1.04
-0.01 -0.40
-0.59 1.75
2.13 -1.49
0.19 1.30
-0.35 0.14
-0.15 -0.60
1.08 0.17
-1.39 1.71
-1.11 1.43
-1.00 0.14
-0.38 0.02
-0.45 0.27
-0.12 0.09
0.51 -0.35
0.37 -1.31
-0.09 0.55
0.43 0.64
0.34 -0.68
-0.31 -0.64
-0.95 1.63
-0.37 -0.84
-0.37 0.67
0.43 0.66
-0.46 0.60
0.13 -0.65
0.44 -1.64
0.41 -0.25
-0.15 0.76
1.09 -0.87
1.44 0.07
0.32 -2.09
0.14 -1.69
-0.97 0.44
1.93 -1.07
1.09 -0.50
2.92 -2.08
0.91 -0.57
0.09 -0.02
2.89 -1.99
-0.73 0.88
-1.11 1.43
2.24 -0.29
-0.54 0.27
0.18 -0.74
-0.30 -0.07
0.06 0.14
0.21 -1.54
0.77 0.05
-1.68 0.25
0.08 0.66
0.48 -0.35
-1.63 1.26
1.53 1.30
-0.95 0.92
2.21 -1.09
0.21 -0.45
-0.05 1.27
-0.82 -0.12
0.35 -0.04
0.14 -0.18
0.08 0.46
0.50 -1.71
0.46 -0.51
-0.15 0.13
-0.71 -0.33
-1.00 0.86
-0.14 0.40
-0.60 1.11
-2.05 0.04
0.54 0.04
-0.45 1.57
-0.87 -0.18
-1.12 1.07
0.67 -1.37
-0.07 0.30
-0.31 1.71
