0.44 -0.20
-0.27 -1.05
0.90 -0.11
-1.87 -0.16
0.33 -0.52
-0.82 0.43
0.43 -0.03
1.10 -1.81
0.33 1.24
0.66 1.03
-1.92 1.40
-0.10 -0.66
-1.28 1.01
1.20 -0.45
-0.61 -0.13
-1.03 -0.22
0.50 0.09
0.27 0.66
-0.70 -1.15
1.32 -0.01
0.26 -0.08
0.73 0.87
-1.35 1.51
0.52 0.32
-0.48 0.86
-0.44 0.42
0.17 2.03
1.17 0.57
-0.23 -1.54
-1.44 1.38
2.51 0.19
0.60 -1.48
0.03 0.41
0.07 -0.36
-2.33 0.56
0.38 -0.53
-0.25 1.55
-1.31 -0.51
0.08 -0.02
-1.47 0.91
-0.38 3.33
-0.83 -0.62
-1.32 2.75
-1.00 1.15
-1.15 1.73
-2.01 -0.35
-0.87 0.70
1.17 1.30
-0.11 0.47
1.16 -0.95
0.56 -0.12
1.43 -1.87
0.38 -0.82
-0.64 -0.05
-0.36 0.92
-1.74 -0.27
-2.13 2.39
-1.83 -0.12
-0.68 0.29
0.41 0.02
0.61 0.13
-0.48 1.10
0.96 -0.39
-0.76 1.90
0.42 0.10
0.55 -0.04
0.06 1.05
-0.18 -0.82
-0.95 -0.15
-0.77 -1.21
2.49 -0.81
0.60 0.45
0.85 1.75
1.32 -2.15
1.26 -0.04
0.70 -0.64
-0.81 -0.71
0.13 -0.27
-0.83 -0.09
-0.17 0.65
-1.33 -0.62
0.21 -0.91
1.30 -0.40
0.71 0.03
-0.22 -0.47
-0.23 1.53
-0.35 -0.15
1.30 0.19
0.26 0.75
-0.09 0.41
