1.07 -1.34
0.15 -0.65
-1.38 -0.98
-0.31 0.39
1.13 0.68
0.59 1.40
-0.29 0.40
0.16 0.38
0.94 -0.14
-1.01 1.21
-0.39 0.17
-1.36 1.14
0.66 0.10
0.57 0.74
0.47 -0.08
-1.65 0.50
-0.45 -0.03
-0.17 1.10
1.07 1.00
0.29 -1.18
-0.12 -0.44
-0.31 2.31
0.66 -1.05
2.04 -1.41
-1.04 0.50
-0.46 0.31
0.78 0.34
1.09 -1.00
-0.39 -1.70
-1.22 -0.98
-0.18 -0.21
0.09 -1.54
1.51 -0.96
-2.18 1.58
2.30 -1.62
-1.23 0.63
-0.23 0.16
-0.29 -0.67
-0.30 -0.40
-0.03 -1.22
1.14 -0.46
1.42 -0.90
2.69 -0.23
-0.74 -0.68
-0.49 0.92
-2.20 0.46
1.07 0.12
-0.35 0.40
0.07 -0.64
0.34 1.20
-0.75 0.20
0.16 0.35
0.38 0.29
-0.62 0.15
0.48 0.49
-0.97 0.08
0.38 -0.69
-0.64 0.51
0.01 0.01
-0.49 -1.17
0.75 -2.19
0.96 -1.35
0.53 0.50
-1.38 -1.29
-0.30 1.30
-1.09 0.45
0.28 -0.92
-0.42 1.24
-0.62 1.76
0.76 0.84
1.63 -2.09
-0.88 1.92
-0.65 0.23
-0.84 0.14
-0.63 -0.63
0.48 0.93
-0.59 -0.13
0.34 0.14
0.37 1.65
-0.21 0.34
1.49 -1.23
0.35 1.45
0.63 -0.05
1.96 -1.91
-0.05 -1.31
0.65 -1.05
0.62 -1.49
2.58 -0.88
-0.46 0.74
-1.03 0.65
-0.09 0.66
0.32 -0.12
-0.12 0.25
0.59 0.47
2.52 -2.59
0.60 0.02
2.51 0.27
-1.26 1.44
0.02 -0.20
-0.83 -1.52
