-0.84 0.53
1.36 0.75
-1.01 -0.48
-2.23 -1.14
-0.94 -0.45
0.84 0.32
0.73 0.63
0.39 0.71
0.94 1.35
0.73 -0.59
-0.44 -0.16
0.69 -0.39
0.38 0.72
-0.72 -0.57
-0.16 0.86
-0.40 1.86
1.37 1.49
0.30 1.02
-0.68 -1.06
0.57 1.13
-0.69 -0.92
-2.48 -1.43
0.97 0.00
0.32 1.14
0.40 -0.45
-0.56 0.50
2.26 0.14
-0.02 0.90
1.34 -0.67
1.48 0.75
1.29 0.51
-0.56 -1.12
-1.67 0.49
1.26 -0.60
0.80 -1.68
-0.52 -0.82
0.37 -0.81
-0.28 1.04
0.47 -1.84
0.90 1.49
1.21 2.04
-0.79 0.48
-0.22 0.42
0.01 0.11
-0.51 1.48
-2.04 -0.79
0.11 -0.98
1.05 1.02
0.54 1.30
-0.47 2.25
