0.35 -1.02
0.41 -0.31
-2.09 -1.89
0.59 0.83
-0.63 0.20
-2.01 1.41
-0.09 -0.59
1.71 1.18
0.06 -0.00
0.91 -0.05
-1.44 -0.01
-1.09 1.52
-1.65 1.00
-0.28 -0.73
0.99 1.28
-0.61 -0.68
-0.30 0.81
-0.11 -1.79
-1.16 1.28
-0.11 1.21
-1.16 1.58
-0.68 -0.40
0.31 -0.48
0.51 -0.51
1.02 -0.56
-0.35 -0.35
1.14 0.54
2.24 -0.45
-0.65 0.46
0.32 -0.20
-1.65 -0.71
-0.96 0.31
-1.29 0.49
-1.82 2.00
0.42 -0.96
-0.15 0.67
0.28 -2.13
-0.85 -0.00
1.52 0.34
-0.73 -0.68
-1.61 -0.30
1.27 1.27
-1.74 -0.22
0.09 2.09
0.13 0.18
-1.01 0.74
0.60 0.58
-0.31 -0.36
-1.65 0.16
-0.85 -0.15
-0.34 0.86
-0.04 -2.19
-0.20 -1.41
1.21 0.17
-1.70 0.76
-1.97 -1.80
0.39 -0.47
-1.50 1.55
0.39 1.08
-0.54 0.45
-1.26 -0.43
-1.30 0.39
-1.47 -2.18
0.06 0.99
-0.75 0.76
0.72 -0.01
-2.10 0.89
-0.15 -0.84
0.64 0.63
-0.18 -0.57
-1.97 0.76
-1.19 -0.46
-0.13 -1.22
-1.24 -1.25
-0.14 0.58
0.95 -0.97
0.59 -0.60
-1.03 -1.11
1.05 -0.28
-0.67 -0.57
-0.59 -1.23
-0.57 -1.84
0.36 -1.93
0.01 0.11
0.94 -0.49
-0.82 1.51
-0.64 -1.46
-1.50 -0.05
-0.33 0.71
1.52 2.46
-2.24 0.42
0.88 0.28
-0.30 -0.33
0.46 0.38
0.74 -0.81
0.15 1.31
1.32 -0.55
-1.74 -0.29
0.01 0.02
0.07 -0.78
