-0.37 1.86
0.25 0.09
-2.39 -0.00
-0.12 -0.51
1.15 -0.83
-0.96 1.91
-0.29 1.38
0.51 0.31
0.26 -0.69
-1.21 -0.14
-2.07 0.95
-1.07 1.57
0.42 -0.14
0.91 -0.94
-0.81 -0.23
-0.41 -1.19
1.63 -0.79
0.49 -0.39
1.79 -0.68
0.03 1.27
-0.39 0.90
-0.30 1.76
-0.83 0.10
0.55 -0.03
2.24 0.31
-0.06 1.03
0.97 -1.81
0.77 -0.52
1.00 -0.59
1.80 -0.90
0.50 -0.44
-0.11 0.26
0.14 -0.91
-1.14 0.47
1.42 -0.28
0.29 -0.78
1.38 -0.66
-0.44 -0.51
0.38 0.65
-1.35 -0.94
1.10 1.04
0.06 -2.95
0.31 2.48
-0.42 1.65
0.83 0.04
0.38 0.04
0.49 -0.10
1.26 -0.46
1.88 1.09
-1.00 -1.43
-1.54 0.39
-0.68 0.58
2.92 -0.85
1.13 0.60
2.07 -1.36
-0.03 -0.59
-0.24 -2.00
-0.04 1.34
0.88 -0.66
-1.05 -0.60
-0.53 -1.12
-0.68 0.60
0.40 0.15
-1.20 -0.04
0.95 0.30
-0.76 -0.28
0.78 -0.03
0.15 0.36
0.21 -0.68
-0.95 -0.08
0.86 1.87
-0.28 -0.57
0.09 0.11
0.23 -0.55
-0.46 0.05
1.25 -1.16
0.44 -1.58
-1.40 -1.48
0.36 0.47
-0.42 -0.82
-0.27 1.14
-1.16 1.13
2.01 -0.83
1.44 -0.75
-0.69 -0.80
-0.04 1.38
-0.82 -0.74
-1.13 0.60
0.49 -2.12
-0.26 -0.22
