-0.42 0.63
-0.96 0.21
0.03 0.23
-1.09 1.19
-1.07 1.13
0.60 -1.25
0.83 0.44
0.74 -0.17
0.18 1.37
0.06 1.33
-1.35 1.39
-0.06 -0.62
-0.23 -0.74
0.69 -0.77
0.14 -0.38
2.23 0.72
-0.99 1.51
-0.68 0.74
0.68 0.26
-2.45 1.54
-0.23 -2.38
-0.08 1.25
-0.47 1.64
0.22 -0.61
0.83 -0.04
-0.57 -0.36
1.96 0.23
0.45 0.03
0.51 -0.08
1.09 -1.41
0.38 -0.03
0.72 -0.09
-1.02 1.02
-0.38 -0.78
0.98 -1.12
0.91 -0.29
-0.53 0.95
0.24 1.17
-0.01 0.74
1.37 0.11
-1.70 -0.30
0.84 -1.69
-0.09 -0.14
0.84 -1.92
-0.28 1.57
2.41 -1.47
-1.79 0.36
-0.53 0.01
1.87 -0.12
-0.39 -1.60
