-0.16 0.36
-1.48 0.41
-0.03 -0.74
-0.84 -1.39
-0.97 0.61
-1.12 -0.83
1.37 1.38
-1.03 -0.48
-1.05 -0.45
-0.45 -2.07
1.09 1.77
-0.26 -0.93
1.70 0.95
1.34 -0.37
0.07 -0.44
-0.02 0.76
0.26 0.20
1.23 -0.16
1.65 1.98
-0.69 0.24
1.36 1.32
-2.23 -0.81
-0.97 -1.73
-1.83 -1.11
-1.25 -2.11
1.78 2.53
0.89 -0.43
-0.54 0.92
1.34 0.63
-0.22 -0.55
1.38 1.40
0.93 -0.82
-0.51 -0.10
0.83 -0.40
-1.36 -0.11
0.78 -0.08
0.02 -0.21
0.40 0.27
0.46 1.58
0.10 0.58
0.85 0.89
-0.88 -0.45
-0.67 -0.02
0.77 1.40
0.59 -0.66
0.75 0.31
2.05 0.63
2.49 -0.05
-1.03 -0.94
0.64 -0.94
-1.20 -0.70
0.35 1.24
0.93 0.98
-0.75 -0.79
-1.98 -0.80
-0.33 -0.25
-0.84 -0.77
-1.91 -1.86
-0.18 -0.99
-0.76 0.97
-1.47 -0.17
-0.67 1.08
0.83 0.06
1.44 0.94
0.35 -1.31
-0.16 0.19
0.65 -0.02
-0.19 -2.54
-0.70 0.03
0.03 -1.17
0.33 0.61
1.73 0.11
-0.03 -0.55
1.16 1.50
-0.71 -0.75
-0.38 -0.91
-0.02 1.80
-0.89 -0.45
-0.50 0.62
-0.68 -0.37
1.45 0.06
1.03 1.10
0.19 0.65
-1.79 -1.94
0.21 -0.21
-0.35 1.44
-1.00 0.16
0.71 0.87
0.50 1.40
0.92 -0.99
-0.07 1.70
-0.95 -1.94
-0.83 0.66
0.48 -0.02
-1.53 -0.46
-0.04 0.03
0.35 0.08
0.55 0.27
-0.51 -0.38
-0.28 0.10
