0.08 0.08
-0.16 -0.16
-1.50 -1.50
-1.98 -1.98
0.11 0.11
0.01 0.01
2.05 2.05
1.96 1.96
0.37 0.37
-0.02 -0.02
0.75 0.75
-0.56 -0.56
-1.59 -1.59
-0.80 -0.80
-0.67 -0.67
0.17 0.17
-1.41 -1.41
1.55 1.55
-0.65 -0.65
-1.13 -1.13
0.26 0.26
-1.46 -1.46
0.53 0.53
0.43 0.43
-1.06 -1.06
-0.07 -0.07
2.04 2.04
-2.33 -2.33
0.61 0.61
-0.02 -0.02
0.41 0.41
-0.91 -0.91
-1.87 -1.87
-0.70 -0.70
-0.47 -0.47
-0.49 -0.49
-0.52 -0.52
-1.25 -1.25
1.43 1.43
-2.02 -2.02
0.06 0.06
-0.28 -0.28
0.62 0.62
1.93 1.93
0.08 0.08
0.03 0.03
-0.14 -0.14
1.18 1.18
0.58 0.58
-0.45 -0.45
0.63 0.63
-0.49 -0.49
0.14 0.14
-0.65 -0.65
0.68 0.68
0.46 0.46
1.38 1.38
1.32 1.32
0.49 0.49
0.55 0.55
1.22 1.22
-1.02 -1.02
0.84 0.84
-0.26 -0.26
-0.28 -0.28
0.27 0.27
0.32 0.32
0.74 0.74
0.49 0.49
-0.21 -0.21
1.16 1.16
0.66 0.66
-0.73 -0.73
-1.91 -1.91
-0.77 -0.77
-0.03 -0.03
-1.75 -1.75
-0.24 -0.24
1.15 1.15
0.42 0.42
-1.52 -1.52
-0.20 -0.20
-0.38 -0.38
-0.92 -0.92
0.80 0.80
-0.01 -0.01
0.26 0.26
-0.50 -0.50
0.87 0.87
0.97 0.97
0.21 0.21
1.31 1.31
0.13 0.13
0.47 0.47
0.13 0.13
0.80 0.80
0.26 0.26
2.38 2.38
-1.03 -1.03
2.21 2.21
