-1.00 -0.76
0.73 0.81
-0.81 -0.09
-0.38 -1.26
1.13 1.39
-0.49 -0.47
0.84 0.50
0.43 0.59
0.29 -0.80
-1.33 -1.31
-0.15 -0.57
-2.21 -1.19
0.70 0.83
1.09 0.50
-0.26 -0.10
0.32 -0.16
-1.18 -2.00
-1.00 -1.64
-1.47 -1.03
0.34 0.53
0.36 0.45
-1.18 -1.98
0.31 -0.41
-0.34 -1.10
0.10 0.18
2.85 2.82
-0.32 -0.86
-0.32 -0.39
0.35 -0.34
-0.09 -0.91
1.48 1.15
0.17 0.60
-0.22 0.12
-1.37 -1.21
-0.73 -0.61
1.14 1.22
-0.81 -0.97
-1.37 -0.89
-1.76 -0.99
-0.79 -1.00
-0.88 -0.66
-0.35 -0.24
0.35 -0.08
-0.54 -0.47
0.09 -0.13
1.19 1.82
0.99 0.62
-2.08 -1.64
0.74 1.17
-0.82 -0.19
-0.43 -0.04
-1.36 -1.21
0.91 1.37
1.08 0.91
1.98 1.73
-0.38 -0.59
-1.08 -0.77
-0.96 -0.96
0.50 0.71
2.45 2.14
-1.29 -1.05
-0.54 -0.24
0.02 0.30
-0.22 -0.70
-0.45 -0.63
-0.28 0.02
0.74 0.47
2.24 1.78
-1.37 -2.34
-0.18 -0.63
-0.08 0.51
0.76 1.16
-0.19 -0.22
1.26 1.29
-0.78 -0.73
-1.08 -0.81
2.02 1.48
0.33 0.04
-0.98 -0.84
-0.16 0.14
0.83 1.90
0.84 0.18
-0.03 0.15
-1.50 -1.15
0.50 -0.23
-0.34 -0.17
0.02 -0.30
-0.97 -0.96
-0.42 -0.55
-0.69 -0.84
