0.47 0.61
-0.40 -0.25
0.95 0.48
-1.57 -1.50
-0.34 -0.30
-0.49 -0.84
-0.22 -0.08
1.92 1.65
1.66 2.14
-0.16 -0.58
0.52 -0.21
-0.08 0.13
1.43 1.34
0.27 0.32
-1.72 -1.27
-0.33 -0.14
1.39 1.29
0.76 0.55
1.39 0.91
0.07 -0.24
0.20 0.19
0.91 0.22
-0.45 -0.65
0.90 0.81
-2.34 -2.49
-0.01 0.27
-1.33 -1.28
-0.87 -0.39
-1.55 -1.52
1.40 1.68
-0.24 0.53
-0.26 -0.10
0.52 -0.53
1.78 2.21
0.14 0.02
0.05 0.55
0.82 0.81
0.52 0.37
-0.14 -0.24
0.37 0.79
0.81 1.39
-0.18 -0.28
0.26 0.23
-0.18 -0.44
-1.22 -0.87
0.35 0.51
-0.75 -0.46
1.49 1.00
1.52 1.29
-0.07 -0.46
0.89 0.32
1.50 0.80
0.46 0.55
-1.46 -1.50
0.89 0.81
1.59 1.46
-0.15 -0.43
0.30 0.84
-2.09 -1.06
-0.87 -0.39
-0.28 -0.14
-1.15 -0.35
-0.64 0.31
-1.60 -1.00
-0.53 -0.42
-1.07 -1.56
-0.51 -1.53
-0.07 0.09
-0.70 -0.03
1.58 1.66
1.10 1.29
-1.25 -1.61
-1.38 -0.31
0.70 0.40
0.63 1.02
1.44 1.23
1.20 0.58
-1.87 -1.04
0.21 0.21
0.74 1.47
0.33 0.40
0.73 1.14
-0.40 -0.40
-0.43 -0.53
-0.87 -1.43
0.19 1.13
1.72 1.79
0.28 0.33
0.67 0.21
0.58 0.79
1.23 1.41
-0.41 -0.78
2.14 2.73
-0.01 -0.40
-0.40 -1.56
-1.85 -1.37
0.34 0.74
-0.68 -0.54
0.75 1.15
-1.00 -1.41
