-1.03 -0.66
1.49 -0.79
-1.11 -0.11
-0.59 -0.24
-1.31 1.96
0.42 -0.14
-0.54 -0.83
-1.76 0.69
0.59 -0.53
0.60 -0.00
-1.02 1.17
0.64 0.81
-0.19 0.08
-1.37 1.10
0.59 -0.98
-1.50 1.22
0.57 -0.84
0.37 -0.27
0.75 -0.92
-1.99 1.81
1.05 -0.92
-1.21 -0.21
1.74 -0.90
0.71 -0.86
1.96 -1.41
0.18 1.44
2.25 -2.02
0.88 -0.41
0.36 -0.77
-0.15 0.50
-0.57 0.74
0.07 0.45
0.76 -0.29
0.08 0.15
1.00 -0.71
1.36 -2.41
-0.45 0.66
0.82 -1.71
0.48 -0.14
1.36 -1.14
-0.74 -0.53
-0.74 0.54
0.97 1.04
0.45 -1.27
-0.52 1.04
-0.71 0.79
1.45 -1.69
0.14 1.16
0.03 -0.81
1.26 -1.04
