0.28 -0.25
0.63 -0.95
-0.85 0.71
-1.61 0.59
0.98 -1.19
1.54 -0.70
-0.25 0.02
-0.12 0.55
-2.14 1.92
-0.46 0.98
0.19 0.45
2.04 -1.35
0.44 0.49
-0.34 1.16
0.43 -0.30
-0.31 0.75
0.48 -0.20
-1.44 0.71
-0.81 -0.23
0.61 -0.20
2.05 -1.45
0.44 1.21
-0.82 0.18
0.43 0.76
0.76 -1.39
0.83 -0.73
-0.12 0.05
0.06 -0.34
-0.20 0.14
-0.12 0.65
-0.15 0.24
0.40 -1.49
-0.51 1.18
2.00 -1.61
0.20 -0.06
-0.17 -0.10
0.39 -0.77
-0.25 0.75
1.08 -2.12
-0.05 0.86
-2.17 2.59
-0.51 0.59
1.17 -0.90
-0.65 -0.33
1.05 -0.32
0.04 -0.12
-0.09 0.07
-0.67 -0.13
-1.47 1.00
-0.97 2.09
-0.52 1.25
-0.72 1.26
1.23 -1.12
0.55 0.11
1.17 -0.80
0.21 -0.39
-0.66 -0.61
1.95 -2.80
0.54 -1.71
-1.59 1.38
0.90 -0.14
-0.63 -0.46
-0.45 0.17
1.52 -1.19
-0.82 -0.02
2.23 -1.75
0.04 -0.44
-0.81 1.09
0.15 -0.41
-1.90 0.59
0.34 -0.45
-0.65 0.22
-0.94 1.43
-0.34 0.64
0.13 -0.40
1.24 -1.37
0.64 -0.33
-0.87 0.65
-0.02 -0.47
2.17 -1.41
1.08 -1.20
-0.21 0.26
-0.54 -0.72
0.19 -0.39
0.00 0.27
-0.60 0.74
-0.87 0.62
0.49 -0.19
-0.86 1.68
0.33 -0.15
-1.69 1.23
-0.23 -0.00
0.48 -1.14
-0.05 1.55
2.22 -1.85
-2.32 2.16
0.07 -0.53
-2.22 0.92
-0.23 0.46
-0.35 0.28
