-0.44 1.14
2.73 2.38
-0.04 0.07
-0.03 0.27
-0.45 -1.55
-0.19 -0.79
0.29 0.05
0.91 0.55
-0.30 1.02
-0.68 0.09
0.66 0.61
-0.27 -0.89
0.73 1.69
-0.09 -0.79
-0.16 -1.05
-0.93 -0.52
0.17 2.00
-1.19 0.88
-0.78 -0.51
-1.08 -0.69
0.30 1.13
0.06 0.83
-1.09 -0.27
-0.10 -1.26
0.67 0.64
1.71 0.52
-0.69 -0.55
-1.59 0.04
1.58 1.36
0.40 0.06
0.69 0.80
1.45 -0.62
1.43 -0.96
-0.18 0.02
-1.40 -0.89
1.66 1.60
-1.07 -0.70
-0.23 0.52
1.19 1.72
0.31 -0.04
1.95 1.65
-0.20 -1.54
-0.42 0.95
0.83 -0.18
0.74 0.15
-1.33 -1.41
0.53 1.61
0.58 0.93
1.01 0.36
-1.39 -1.57
-1.38 -1.20
0.22 -1.35
2.08 1.54
-1.28 -0.49
-0.07 -0.37
1.92 0.72
0.28 0.88
-0.24 -0.41
1.46 1.86
-1.98 -2.07
-0.78 -1.54
-0.09 -0.14
1.27 0.27
-0.42 1.43
-0.47 0.75
1.76 -0.54
-0.65 -1.84
0.52 -0.82
0.28 0.09
-0.33 0.23
1.34 1.73
0.37 -0.11
0.59 0.47
1.31 0.29
-1.65 -2.12
-0.46 -0.91
-0.15 -0.12
0.14 0.93
-2.01 -0.77
-0.75 -1.22
-0.98 -0.60
-0.88 0.61
-1.99 -1.46
-0.26 -0.14
0.10 0.52
-0.49 -0.32
-1.13 -0.66
-0.84 -0.81
0.47 0.02
-1.63 -0.80
-0.36 0.53
-0.94 -0.74
0.21 -1.20
0.28 0.26
-0.54 -0.66
1.61 0.22
0.29 1.74
0.46 0.25
-1.00 -0.59
0.56 -0.18
