0.56 0.10
1.27 -0.82
0.16 -1.00
0.94 -2.15
1.10 -0.03
-0.66 -0.47
0.52 0.65
-0.52 0.47
1.52 1.16
0.96 0.67
1.43 0.49
-0.69 2.58
-0.39 -0.90
1.30 -1.13
-1.01 -1.51
0.84 -0.98
0.17 0.03
0.33 1.53
-0.85 0.97
-1.95 -0.21
0.84 -1.34
1.76 -1.96
1.75 0.64
-2.23 0.95
-0.54 0.25
-0.70 0.93
-1.86 -1.93
-1.31 0.57
-0.65 -0.73
-0.42 -0.35
-0.77 1.25
0.42 -0.71
-0.43 0.55
0.74 -0.61
-0.86 -0.99
0.23 0.18
-0.90 0.21
0.53 -0.43
-0.89 1.01
0.31 2.05
-0.41 0.23
-0.78 -0.11
0.42 0.62
-0.97 0.40
1.03 -1.02
1.73 -1.09
1.12 -0.90
-0.40 -0.16
0.90 0.36
0.52 -0.18
