-0.86 -0.12
-0.24 1.95
-0.93 2.59
0.33 0.21
0.74 -0.50
0.55 -0.80
-0.20 -0.18
1.61 -2.51
1.17 -1.97
-1.17 0.75
0.21 -0.21
0.58 -0.01
-0.79 0.19
-0.97 -0.21
0.42 0.01
0.01 -0.59
-2.65 2.01
-0.09 0.13
-1.38 1.65
1.93 -0.61
-0.23 0.71
1.65 -0.94
-1.13 0.58
2.21 -2.39
-1.48 0.62
1.09 0.00
0.16 -0.83
0.75 -1.21
-1.14 1.51
0.04 -0.22
-1.14 1.41
-0.23 0.75
0.76 -0.55
0.12 0.13
1.36 -1.14
-1.21 0.07
0.00 0.94
-1.25 0.86
0.41 -1.09
-1.51 2.14
0.07 -0.14
0.23 -0.31
-0.75 0.16
0.79 -0.97
-0.64 0.87
0.92 -0.67
0.52 -0.48
-1.80 1.16
0.70 0.07
0.83 -0.91
0.16 0.21
-0.36 0.63
1.02 -0.63
0.62 -0.65
-1.05 0.76
0.44 0.22
2.08 -0.89
0.35 -0.02
-0.06 0.65
-1.43 1.39
-0.91 0.85
-1.14 1.04
-0.29 0.13
-0.84 1.00
1.24 -1.43
0.16 -0.11
0.84 -1.80
-1.44 1.27
-2.66 1.87
0.19 -0.87
-0.37 1.13
1.80 -0.61
0.86 -0.36
0.57 -0.37
-0.97 0.67
-1.23 1.31
-0.37 -0.74
-0.64 0.60
-0.20 1.48
-0.08 0.67
-0.44 1.06
-1.70 1.80
0.49 -0.52
0.77 -0.46
-0.51 -0.46
0.48 0.11
-0.14 0.78
0.22 -0.62
-1.09 0.39
0.42 -0.34
