0.95 -2.20
-1.07 0.99
0.55 -0.32
0.14 -0.09
0.88 0.69
0.07 -1.39
-0.75 1.57
0.07 0.38
-0.37 0.51
-0.02 -0.09
-0.30 -1.17
1.34 -3.01
1.99 -1.69
1.02 -0.50
2.61 -1.39
-0.13 0.86
1.15 -0.96
-0.10 1.28
0.45 0.12
0.05 0.41
1.32 -0.91
-0.20 -1.42
-0.84 0.13
0.24 0.76
0.35 -0.30
-1.45 -0.47
-1.71 1.32
0.61 0.04
0.29 -0.02
1.13 -1.60
0.50 -0.39
0.22 -1.09
-0.22 0.45
-2.06 1.77
0.22 0.21
1.03 0.05
2.01 -0.79
-0.84 1.57
-0.18 -0.83
-0.63 0.65
1.16 0.30
0.94 -1.10
1.69 -0.84
0.84 1.96
1.10 -0.97
-0.13 0.52
0.23 -0.16
0.24 0.68
-1.79 0.40
-0.95 1.97
0.70 -0.34
-0.15 -0.11
0.67 -0.64
0.13 -0.91
-0.78 -0.46
-0.21 -0.51
-1.07 -0.07
-0.12 0.77
-0.03 -0.54
-0.95 -0.23
0.26 0.25
0.20 0.26
-0.31 -0.56
-0.41 0.11
1.29 -0.35
0.84 0.08
1.99 -2.85
2.36 -1.81
0.18 0.83
0.14 0.68
1.47 -1.50
-1.83 -0.26
-1.30 1.45
1.44 -0.65
1.80 -0.91
-0.45 -0.11
-1.28 -0.02
-0.67 0.03
-0.85 1.90
1.51 -1.40
0.05 0.90
0.55 0.49
1.11 -0.86
1.03 -1.41
-0.28 0.10
-0.75 0.73
-1.08 -0.39
-0.09 -0.37
0.44 0.14
2.27 -1.24
