0.56 1.18
-0.60 0.45
-0.26 -0.54
-1.01 -0.37
-0.66 -0.20
-0.15 -0.20
0.05 -0.42
1.32 0.62
0.24 -0.44
-2.07 -1.08
-1.04 0.11
-0.22 0.10
-1.20 -1.31
-0.98 0.21
-0.76 1.01
-0.81 -1.20
-0.13 -0.26
-0.11 0.27
1.64 1.10
1.10 1.34
0.15 1.41
-0.48 -0.68
0.25 0.42
0.18 -0.15
1.11 1.24
2.37 2.16
0.36 0.93
0.53 0.35
1.32 1.17
3.87 2.71
-0.39 2.40
-0.86 -1.52
0.38 0.32
1.52 0.65
-0.43 0.26
-1.10 -1.49
-1.18 -0.25
-0.49 -0.12
0.48 0.58
-0.39 -0.01
-1.59 -1.11
0.32 0.97
1.29 1.81
-0.47 1.04
1.23 0.36
0.29 1.17
-0.49 0.73
-1.19 -0.39
-0.01 0.04
1.04 -0.14
-0.25 0.59
0.37 -0.88
0.56 0.39
0.01 -0.66
-0.21 0.77
-1.28 0.01
-0.20 0.34
-0.12 -0.26
-0.76 -0.91
-1.54 -0.44
0.02 -0.09
-0.41 0.49
-1.21 0.21
0.95 2.23
0.07 0.90
-0.74 -0.09
2.02 0.68
0.52 -0.32
0.63 -0.66
0.45 0.41
-0.10 -2.00
-0.24 0.05
0.68 2.23
-1.13 -0.59
-0.51 0.25
0.52 -0.72
0.27 -0.96
1.75 -0.48
-0.86 -0.51
-0.96 -0.76
0.78 -0.29
-0.65 -0.68
0.93 1.75
-1.92 -2.70
1.62 1.07
-0.31 -0.40
-1.41 -0.30
0.88 0.04
-0.66 -0.06
1.00 0.51
0.79 0.28
1.29 1.46
-0.20 -0.16
0.48 1.48
-2.17 -1.55
-0.00 -1.59
0.13 2.33
0.45 -0.83
1.69 1.35
0.38 -0.08
