0.54 -1.47
-1.40 -0.45
1.85 0.25
0.21 0.28
0.90 0.74
0.50 -0.39
1.30 -0.03
0.72 -0.47
0.06 -0.72
-0.36 0.86
0.02 1.04
1.00 0.10
-0.05 -0.73
-0.59 -1.22
-0.12 -1.17
-0.90 0.15
-0.16 -0.98
-0.52 -1.80
0.86 1.23
-0.25 0.88
0.16 0.85
0.66 -0.46
-0.61 -0.33
-0.54 -0.46
1.35 1.19
1.53 2.27
1.02 -0.55
-0.78 0.22
-1.79 -0.59
1.76 0.65
0.82 0.07
0.09 -0.97
-0.87 0.64
0.69 0.20
-0.66 0.73
-1.40 -0.61
-0.10 -0.76
0.14 1.26
-1.04 -0.08
-0.28 -0.50
1.23 2.17
-0.43 0.72
0.23 0.68
-0.24 -0.98
0.95 1.18
-1.03 -1.89
0.88 1.41
1.84 1.32
-0.21 -0.33
0.45 -0.60
-0.68 -1.21
0.02 -0.61
-0.33 0.10
0.34 0.43
-0.69 1.35
0.18 0.32
-0.17 -0.41
-2.73 -1.74
-0.32 -0.58
-0.89 -1.33
0.17 0.19
1.06 0.15
0.31 1.63
0.37 0.25
1.38 1.29
-1.49 0.25
-0.37 -0.41
0.35 -0.38
0.29 -0.20
0.31 0.29
0.88 -0.64
-0.11 -1.05
-3.07 -2.32
-0.14 0.66
-0.79 -0.41
-0.71 -0.06
0.98 1.14
-0.60 -1.50
0.95 -0.49
1.66 2.37
1.58 0.09
-0.22 -0.00
-0.07 -1.08
1.15 0.62
-0.43 -0.42
0.32 -0.21
1.01 -0.28
0.50 -0.34
-1.21 -1.21
-3.46 -3.29
