-0.09 0.45
-0.52 0.04
0.64 -1.42
-1.68 2.42
-0.99 0.62
-0.04 0.01
-0.16 -0.33
-0.49 0.65
1.86 -1.89
-0.22 0.56
-0.42 0.02
0.24 -0.35
-0.53 0.69
0.23 -0.09
-0.48 0.93
0.84 -0.99
-1.31 0.71
1.93 -1.33
1.03 -0.45
-0.94 0.68
-0.12 0.44
-1.57 1.09
-0.23 0.43
0.08 0.35
-0.46 0.98
-1.51 2.07
-1.77 1.87
-0.83 0.35
-0.59 1.32
-1.43 1.68
-0.14 0.13
-0.44 0.94
0.79 -0.23
0.77 -0.56
-2.02 1.86
-0.99 0.53
0.39 -0.04
-0.15 0.10
-0.58 0.96
2.36 -2.61
1.08 -0.72
0.02 0.17
-0.53 -0.09
0.29 0.57
0.17 0.01
0.34 -0.67
1.77 -2.13
1.37 -1.58
-0.43 0.91
-0.28 0.08
1.71 -1.67
-0.28 0.27
-0.64 0.15
0.99 -0.16
-1.79 0.39
-0.73 -0.34
-1.04 0.34
-1.89 1.45
0.53 -0.48
0.16 -0.25
-1.92 2.35
-0.23 0.19
-0.05 0.20
1.77 -1.87
-0.57 0.74
-0.29 0.62
1.39 -0.43
-0.65 1.08
-1.94 1.37
0.01 0.73
1.32 -0.93
-0.63 0.29
1.29 -1.66
0.33 0.08
-0.75 1.26
-0.97 1.19
0.93 -0.90
0.25 -0.82
0.20 -0.18
-0.87 0.86
-0.12 0.42
0.29 0.29
0.09 -0.11
1.21 -1.25
0.03 -0.24
1.36 -0.96
0.06 -0.36
0.29 -0.31
-0.50 -0.04
2.25 -1.97
