1.34 -0.71
-0.57 1.76
-0.90 -0.92
0.32 -0.89
0.56 0.82
-0.97 0.67
1.45 0.07
-0.23 0.76
-0.30 0.81
-0.46 -0.04
0.93 -0.39
0.82 -1.92
-1.46 0.71
-1.65 1.81
-0.71 -0.25
-0.05 -1.36
0.42 1.37
0.48 -1.05
-2.83 0.11
-0.60 0.55
0.55 0.73
-1.06 0.72
0.21 0.39
0.42 -1.52
-1.99 0.57
0.16 0.39
-1.06 2.81
2.06 -2.21
0.97 -1.16
2.08 0.57
-0.90 -0.18
0.32 0.38
-0.90 -0.59
0.36 -2.14
-0.31 -0.57
-0.21 -0.51
0.38 -0.95
-0.13 0.72
-0.01 0.91
0.04 1.49
-1.39 1.00
-0.64 -1.00
0.12 0.23
-0.21 -1.54
-0.25 0.30
-1.48 1.68
-0.18 -1.31
2.39 -1.24
-0.17 0.15
-1.42 1.71
0.61 -0.12
-1.22 1.61
-1.02 -0.04
1.22 -1.08
-0.61 0.04
-0.88 1.04
-1.15 0.65
2.63 -0.99
-0.56 1.13
0.74 1.04
0.80 0.16
0.08 0.28
0.45 -1.62
0.12 0.55
-0.71 -0.99
-0.07 -0.56
0.98 -0.31
-0.26 1.17
0.92 0.06
0.66 -0.14
-0.32 0.69
-0.30 -0.07
-0.07 0.64
-0.66 0.58
0.82 0.35
-0.46 -0.03
-0.08 1.66
0.43 -0.77
0.81 0.45
0.95 -0.61
0.56 -0.34
0.85 1.37
0.31 1.26
-2.01 -0.57
1.06 0.96
-0.73 0.59
2.52 -1.43
-1.42 0.69
0.05 0.08
0.04 1.11
