0.58 0.72
1.46 0.88
-0.81 0.01
-0.76 -0.34
0.29 0.43
-0.08 0.21
-0.31 0.04
0.64 0.21
-0.01 -0.31
-0.51 -0.45
-0.24 -0.73
1.75 2.09
0.09 0.38
1.06 0.74
-1.86 -1.99
1.92 1.75
0.17 0.44
-1.24 -1.67
-1.65 -1.17
0.16 -0.51
0.71 0.73
0.13 0.11
2.76 2.50
-1.23 -1.28
-0.14 0.26
1.27 1.27
0.46 0.53
0.59 0.90
0.04 0.03
0.41 0.34
-0.47 -0.22
-0.58 -1.28
-0.12 -0.16
-0.02 -0.30
-2.07 -2.03
0.79 0.82
-0.15 -0.40
-1.67 -2.36
-1.51 -1.37
1.08 0.49
0.04 -0.27
-0.73 -0.45
1.95 2.00
-1.64 -1.19
-0.25 0.14
-0.53 -0.40
0.08 0.23
0.00 -0.86
0.41 1.67
-0.18 -0.15
-0.76 -0.45
0.45 0.10
0.25 1.11
1.06 1.11
1.94 1.58
1.59 0.51
-0.77 -1.01
-0.63 0.24
0.25 0.25
-0.63 -0.62
-1.10 -0.67
1.74 1.40
-2.78 -2.53
1.20 0.94
-0.15 -1.10
0.45 0.46
0.34 0.43
-0.21 -0.75
-0.53 -0.30
-1.68 -1.65
-2.37 -1.81
0.28 -0.08
-0.68 -1.51
1.01 0.55
-0.86 -1.68
-0.23 -0.33
0.35 0.46
-0.05 -0.52
0.01 -0.39
1.56 1.08
-0.48 -0.65
-1.65 -1.18
-0.50 -1.02
-0.04 0.17
-0.50 -0.04
0.02 -0.08
-0.62 -0.40
0.92 0.32
-0.23 -0.69
0.04 -0.51
-2.05 -2.18
0.28 0.20
-1.12 -0.95
-0.72 -0.73
-0.44 -0.48
0.24 1.48
-0.04 0.15
0.30 0.87
-0.59 0.41
-0.79 -1.09
