-0.91 0.68
-0.64 0.48
-0.76 1.06
-0.35 -1.15
2.05 -0.90
0.09 0.76
0.67 -0.13
-0.67 0.39
-0.48 0.05
0.08 -0.45
-1.17 0.30
-1.50 0.35
-0.70 0.26
-1.04 0.30
0.43 -1.41
0.52 0.21
0.93 -1.23
-0.07 -0.24
0.80 0.34
1.20 -2.16
0.23 0.88
0.70 -0.97
0.05 0.02
0.47 0.97
-0.76 0.37
-1.18 0.76
-2.28 2.30
-0.00 0.97
-0.10 1.43
0.75 -0.56
0.75 0.91
-0.07 -0.30
-0.35 0.20
-0.89 -0.45
0.60 -0.61
-0.29 0.43
-0.63 0.42
-0.89 0.88
0.36 -0.12
2.29 -2.07
2.36 -1.48
0.80 -0.02
-0.08 -0.91
-0.51 1.33
-1.22 1.84
0.33 0.09
0.77 -2.25
-1.39 0.70
-1.63 0.57
0.11 -0.33
0.74 -2.57
2.05 -0.53
-0.67 -0.52
-2.35 1.34
-0.80 0.59
0.29 -0.31
-0.37 -0.30
1.12 -2.05
0.55 -1.28
0.31 -0.27
-0.21 0.11
-0.52 1.17
0.43 -0.22
-1.17 0.04
0.31 0.23
-0.91 -0.32
-0.66 1.12
-0.13 -1.27
-1.33 0.85
-0.71 0.17
0.70 -1.13
1.49 -0.24
0.17 1.09
-0.17 0.52
0.81 -1.01
2.05 -1.75
0.40 -0.58
0.08 0.33
1.70 -1.38
-0.90 -0.48
-0.38 -0.17
1.28 -1.50
-1.09 0.30
-1.29 1.44
-0.15 0.24
0.41 -0.62
1.00 -1.85
-0.45 0.51
0.70 -0.34
2.67 -2.40
