1.11 1.11
0.22 0.22
0.85 0.85
1.54 1.54
-1.56 -1.56
-0.65 -0.65
-1.37 -1.37
0.10 0.10
1.60 1.60
-0.39 -0.39
-1.65 -1.65
-1.62 -1.62
1.49 1.49
0.51 0.51
1.39 1.39
-0.49 -0.49
-0.33 -0.33
0.32 0.32
0.05 0.05
-1.36 -1.36
-0.13 -0.13
0.35 0.35
0.18 0.18
0.30 0.30
1.10 1.10
0.76 0.76
-1.00 -1.00
-2.10 -2.10
-1.33 -1.33
-0.29 -0.29
0.05 0.05
1.41 1.41
0.02 0.02
0.31 0.31
0.95 0.95
-0.30 -0.30
0.02 0.02
0.78 0.78
-0.27 -0.27
2.10 2.10
-0.88 -0.88
-1.41 -1.41
-0.21 -0.21
0.32 0.32
1.94 1.94
-0.07 -0.07
1.16 1.16
0.00 0.00
-3.60 -3.60
0.19 0.19
-0.78 -0.78
-0.17 -0.17
0.39 0.39
0.37 0.37
0.60 0.60
0.32 0.32
-0.98 -0.98
-0.58 -0.58
0.57 0.57
0.19 0.19
-0.69 -0.69
0.38 0.38
1.38 1.38
0.16 0.16
-0.38 -0.38
-1.86 -1.86
0.63 0.63
-0.94 -0.94
-1.19 -1.19
-0.55 -0.55
-1.67 -1.67
0.34 0.34
-0.50 -0.50
0.91 0.91
-1.84 -1.84
-0.50 -0.50
0.87 0.87
-1.64 -1.64
1.08 1.08
-0.81 -0.81
1.38 1.38
0.63 0.63
-0.22 -0.22
-0.20 -0.20
-0.61 -0.61
-1.16 -1.16
-0.46 -0.46
0.27 0.27
-0.16 -0.16
-0.86 -0.86
1.87 1.87
1.07 1.07
0.15 0.15
-0.02 -0.02
0.36 0.36
0.60 0.60
0.93 0.93
-0.45 -0.45
-0.60 -0.60
-1.01 -1.01
