-1.71 0.64
-0.09 -0.04
1.32 -1.09
-0.69 1.09
0.71 0.75
-0.02 -0.46
0.31 0.58
-0.59 1.03
-1.83 1.02
-0.27 0.28
-0.82 -0.59
-0.11 -1.49
-1.66 1.71
0.33 1.31
-0.52 0.22
-0.99 -0.59
-0.43 -0.15
0.18 0.53
0.35 -0.31
1.01 -0.65
-1.43 1.31
1.06 -0.86
-1.82 1.23
-0.12 0.35
-1.61 0.48
-1.19 1.02
-0.95 0.20
0.51 -0.05
-0.64 -0.43
-0.41 0.50
1.24 -1.75
-0.21 -0.45
-0.48 -0.55
0.55 -1.33
-0.03 0.73
0.89 -0.54
-0.23 -0.02
-1.64 2.12
-0.70 0.53
0.94 -0.46
-0.27 -0.58
1.15 -1.79
1.12 -2.49
0.12 -1.68
-0.39 -0.01
-1.49 1.35
2.64 -1.13
0.12 -0.62
1.94 -1.60
-0.67 -0.09
