-0.02 -0.53
0.77 0.52
-0.58 0.03
-0.37 -0.64
0.67 0.60
-0.21 1.38
0.22 0.99
0.18 0.70
0.20 0.90
-0.23 0.12
-1.45 -1.30
0.60 -0.69
-0.83 -0.65
-1.56 -2.07
-2.22 -0.34
1.18 -0.15
-0.93 -1.42
-0.78 -0.87
1.24 1.19
-1.52 -0.82
0.94 0.87
1.99 0.58
-0.01 0.07
-0.40 0.54
-1.81 -1.04
-0.51 -1.74
0.53 1.47
-0.45 -1.07
-0.22 -0.77
-0.00 1.17
1.60 1.59
-1.44 -0.46
1.07 0.23
-0.32 0.02
0.46 0.49
-1.21 -1.72
-0.21 -0.02
-0.17 -0.09
-0.37 -0.32
0.28 0.07
0.08 -1.36
1.28 0.51
1.18 0.03
1.50 0.58
-0.73 0.44
0.44 -1.10
-0.78 -1.54
-0.03 0.10
0.11 -0.18
0.53 0.62
2.07 1.94
-1.01 -1.35
1.94 2.36
-0.44 0.06
0.73 0.39
0.43 0.42
0.51 0.66
2.32 0.45
-1.74 0.19
0.76 0.65
-1.21 1.39
0.28 -0.16
1.97 1.13
1.37 0.34
0.08 -0.17
0.38 1.07
-1.16 -0.69
0.51 -0.78
-1.21 1.07
-0.29 -0.81
1.49 1.92
0.31 0.09
-2.79 -0.23
0.65 0.08
1.11 1.92
-0.41 -0.95
-1.78 -2.29
-0.83 -1.46
-0.23 0.19
-0.60 -0.38
0.33 0.61
-0.75 -0.49
1.02 0.90
-0.69 -0.31
-0.57 -0.52
-0.31 -0.18
-0.32 -0.94
-1.00 -1.70
-0.06 -0.28
0.27 -0.29
-1.08 0.03
-0.17 -0.97
-0.13 -0.60
-0.51 -0.02
2.00 2.05
0.32 2.71
0.91 -0.12
0.63 0.65
-0.10 -1.98
-0.70 -0.50
