-0.09 0.13
-0.07 -0.30
-0.02 -0.01
-0.01 -0.24
0.29 0.29
1.92 1.77
0.12 -0.93
-0.22 -0.78
-0.34 1.38
1.48 1.32
0.16 -0.93
1.13 0.70
0.69 -0.06
0.17 0.28
-1.37 -0.25
0.54 1.38
0.86 -0.54
-2.31 -2.74
-1.08 0.68
0.65 0.17
0.29 1.47
0.73 -0.32
-0.05 0.51
-0.19 -0.46
0.13 0.02
-0.43 -0.77
2.01 0.78
0.13 0.25
0.71 0.88
-1.36 -1.76
-0.80 1.11
-1.12 0.80
0.77 0.10
1.51 0.18
0.24 -0.29
0.98 1.79
-1.17 -0.40
-1.03 -0.63
-0.81 -0.65
-0.37 -1.97
0.75 1.55
0.86 -0.44
-0.35 -0.59
-1.79 -0.53
-0.72 -0.10
2.06 1.01
0.69 -1.07
0.01 2.47
-1.58 -0.31
1.99 0.87
