0.37 -0.33
-0.34 -0.63
-0.73 -0.89
1.48 0.61
-0.88 -1.43
-0.31 0.72
-1.90 0.02
-0.96 -1.27
-0.05 -1.87
-2.07 -1.23
-0.92 -1.15
0.64 1.41
-0.12 0.22
0.83 1.03
1.05 0.97
2.38 1.72
-0.76 0.26
0.31 1.54
0.36 0.10
-1.72 -1.23
0.05 -0.58
0.22 0.33
1.49 1.54
-0.36 -0.32
1.34 2.26
-0.47 0.60
-0.56 -0.07
0.30 -0.24
1.13 -0.34
0.00 0.80
-0.19 -0.48
-1.88 -0.36
0.88 -1.11
0.98 -0.39
-0.17 0.04
1.12 0.60
0.84 1.83
0.86 -1.17
0.26 1.87
-1.84 -0.73
-0.20 0.32
1.18 0.54
0.77 0.28
-0.74 -0.89
-0.95 -0.44
1.58 -1.09
-1.03 -0.01
-0.68 -1.06
1.37 1.24
-0.41 -0.71
1.82 1.04
0.76 0.45
1.18 2.85
0.70 0.78
0.89 0.45
-0.02 0.53
1.83 -0.99
-0.40 -0.41
0.81 0.90
-0.34 0.08
-0.10 0.80
0.76 1.35
-0.82 1.40
-1.27 -0.37
-0.23 0.18
0.13 1.17
0.48 -0.12
-0.66 -0.31
0.48 0.85
-0.70 -1.09
-0.22 -0.96
0.26 -0.14
-0.28 -0.90
-1.81 -0.13
-1.02 -1.74
-2.34 0.47
0.36 0.58
0.11 -0.11
0.94 0.65
-0.52 -0.98
-0.01 -1.54
-0.60 -2.16
-0.09 0.78
3.26 2.34
-0.08 -0.53
-0.51 0.53
-0.21 0.73
0.08 0.29
-0.10 0.40
0.50 0.30
