1.33 -0.42
-0.03 -0.38
-0.45 0.89
-2.46 1.67
0.24 0.63
-0.99 1.27
0.22 -0.07
1.59 -1.68
-0.96 -0.44
-0.64 0.83
0.82 0.54
-0.15 0.37
-0.44 -1.06
-0.25 0.58
0.44 0.39
0.12 -1.35
-0.89 -1.63
0.38 0.65
-0.73 0.75
0.62 0.35
-0.45 -2.29
1.74 -0.15
0.54 -1.71
-1.53 0.35
-0.90 0.85
0.34 -1.27
-2.61 -0.19
0.30 -0.76
1.20 -1.60
-0.54 -2.36
0.48 1.25
-0.29 0.25
-0.50 -0.59
0.27 -0.15
0.22 -1.48
1.68 0.71
-2.46 -0.13
-0.12 0.26
-1.41 -1.43
1.04 0.81
-0.94 -0.16
-1.06 1.41
1.21 1.21
-1.31 0.95
-0.11 0.94
-1.50 -2.44
1.00 -0.90
0.23 0.37
-0.00 0.36
2.24 0.43
0.21 0.07
-1.13 -1.03
1.17 -0.06
-1.09 -0.60
0.09 0.98
1.56 2.22
-0.59 -0.04
-0.34 -0.70
0.20 -2.15
0.96 -1.30
0.80 1.15
-2.26 0.25
1.12 -0.43
-0.89 -1.40
0.47 0.13
0.58 -0.85
-0.40 -1.15
-0.33 0.97
-0.35 0.16
-0.05 0.38
0.30 -2.63
-0.32 -0.53
2.60 -0.49
1.54 0.02
-0.70 -0.46
-0.25 -0.16
0.97 -0.59
1.78 -0.55
-0.87 -0.48
-0.69 -2.05
0.49 -0.22
-0.41 -0.33
0.32 0.85
0.91 0.44
0.72 1.48
-0.12 -0.57
-0.58 0.09
-1.04 0.95
1.20 0.56
0.57 -0.74
0.27 -0.54
-0.62 0.12
0.59 0.08
1.38 -1.58
0.49 0.31
0.47 -1.02
0.41 1.32
0.51 0.52
-0.78 0.23
1.33 -0.99
