-0.53 -0.50
-0.89 2.62
0.90 -0.92
1.03 0.38
-1.81 0.25
0.57 0.33
-0.91 0.99
0.11 0.77
-0.38 -0.47
1.38 -0.04
-0.59 0.07
0.92 0.81
0.60 0.44
0.79 -0.29
1.30 -0.04
1.05 -0.57
-1.24 -0.21
-0.77 0.76
-0.74 1.63
0.42 -0.19
0.72 -0.17
0.95 0.03
0.70 -0.07
0.16 -0.09
1.12 -0.38
-1.35 0.07
-0.39 0.62
1.71 -2.73
-0.34 0.95
0.73 -2.46
1.27 0.77
0.45 0.71
-0.71 -0.75
1.95 -0.29
0.13 -0.16
0.02 1.65
0.86 -1.76
1.58 1.14
-0.14 -0.35
-1.54 -1.98
-0.11 -0.94
-0.88 -0.23
1.57 -0.08
0.05 0.38
0.26 -1.77
-1.66 0.34
-1.95 1.12
-0.49 -1.06
-0.54 -0.95
-1.47 0.07
