-1.30 -0.49
-2.92 0.14
0.40 -1.22
-0.91 -0.18
-0.13 -2.91
-1.00 0.66
0.64 0.33
0.31 -0.69
0.06 0.46
0.58 1.85
-0.15 1.81
-1.16 -0.57
-0.96 -0.62
-1.14 -0.69
-1.75 1.59
-0.19 0.57
0.57 -0.40
0.95 -0.04
0.29 -0.48
-0.54 -0.35
2.09 -1.42
-0.58 -0.78
1.35 0.39
-0.69 1.46
-2.44 -0.02
0.66 -0.55
0.27 0.18
-0.32 -0.81
-0.13 -0.72
-0.13 0.46
0.80 0.47
0.54 0.87
-0.64 -0.46
0.60 -1.78
-0.10 0.07
-0.67 1.30
0.69 0.19
-0.62 -0.23
-2.52 1.11
0.03 2.09
0.29 -1.40
-0.33 -0.36
-1.17 -0.31
-1.01 1.76
-1.27 0.64
-1.49 -0.27
-0.06 0.14
-1.43 -0.73
0.55 0.25
1.14 -1.62
