0.36 -0.16
-0.40 0.66
0.24 -0.04
-0.82 1.59
0.25 -0.49
1.62 -1.63
-0.63 1.08
0.95 -1.19
0.29 -0.05
0.98 -0.37
2.28 -1.76
1.79 -1.83
0.58 0.06
0.98 -0.07
-0.63 0.96
-0.22 -0.77
0.43 -0.79
1.02 -1.07
-0.43 -1.20
-0.42 0.64
1.36 -2.10
0.22 -0.83
1.77 -1.46
-0.13 0.73
-0.17 -0.00
1.18 0.29
0.40 -0.72
-0.39 1.24
-1.25 0.77
0.88 0.03
-0.19 0.15
0.03 0.07
1.91 -1.23
0.26 -0.73
-1.15 1.09
-0.04 -0.23
-0.09 0.51
-0.85 0.35
-1.44 0.89
0.22 -0.58
-0.83 1.22
-1.87 1.21
-0.44 -0.20
0.50 -0.28
-0.56 0.68
1.16 -0.72
-0.23 0.15
-0.61 0.48
-0.45 -0.15
-0.35 -1.10
0.06 -0.13
1.05 -1.14
-1.35 1.47
0.32 -0.33
-0.38 1.88
-0.58 0.59
0.58 0.29
-2.55 3.31
0.01 -0.69
0.15 -0.04
0.85 -0.84
-0.29 0.28
-1.50 2.35
-0.03 -0.90
1.20 -0.16
0.03 0.10
0.25 0.45
1.30 -0.89
-0.72 0.95
1.10 -0.57
0.07 0.32
1.65 -1.64
-0.65 0.57
1.15 -1.65
-1.56 0.66
-1.92 1.25
-1.13 0.91
0.33 -0.48
0.20 1.04
0.36 -1.15
-1.61 2.18
-0.60 0.34
2.13 -1.35
0.21 -0.06
-1.00 1.47
-2.05 1.41
0.78 0.37
-1.35 0.77
-1.81 0.28
-0.20 0.03
-1.51 1.42
-1.10 -0.04
1.42 -1.38
0.72 -1.10
-0.60 -0.32
-0.70 1.26
-0.79 0.32
-0.29 -0.55
0.84 0.39
-0.98 0.74
