-0.30 0.30
0.05 -0.05
-0.50 0.50
-0.93 0.93
-0.45 0.45
2.22 -2.22
0.88 -0.88
-0.56 0.56
0.00 -0.00
1.00 -1.00
0.70 -0.70
1.29 -1.29
-0.14 0.14
-0.81 0.81
0.56 -0.56
-1.31 1.31
1.85 -1.85
-2.09 2.09
1.20 -1.20
-0.04 0.04
1.00 -1.00
-0.02 0.02
-0.50 0.50
1.46 -1.46
-1.11 1.11
-0.20 0.20
0.43 -0.43
-1.36 1.36
0.05 -0.05
-0.43 0.43
0.76 -0.76
-0.68 0.68
0.49 -0.49
-0.05 0.05
0.11 -0.11
-0.21 0.21
-0.14 0.14
-0.28 0.28
-0.93 0.93
0.51 -0.51
-1.68 1.68
-2.34 2.34
0.65 -0.65
0.62 -0.62
-2.28 2.28
0.74 -0.74
0.68 -0.68
1.21 -1.21
-0.68 0.68
0.90 -0.90
