-0.84 0.84
0.70 -0.70
-0.73 0.73
-0.97 0.97
-1.30 1.30
0.18 -0.18
-0.22 0.22
0.45 -0.45
1.04 -1.04
0.10 -0.10
-0.35 0.35
2.04 -2.04
-2.40 2.40
-0.84 0.84
0.18 -0.18
0.24 -0.24
1.19 -1.19
-0.03 0.03
1.99 -1.99
-1.46 1.46
-0.45 0.45
0.24 -0.24
0.41 -0.41
2.29 -2.29
1.41 -1.41
0.97 -0.97
0.41 -0.41
0.08 -0.08
-0.28 0.28
0.37 -0.37
0.73 -0.73
0.44 -0.44
0.58 -0.58
0.14 -0.14
0.93 -0.93
0.12 -0.12
-0.81 0.81
-1.66 1.66
-1.53 1.53
-0.98 0.98
-0.41 0.41
-0.32 0.32
0.16 -0.16
0.29 -0.29
1.22 -1.22
0.37 -0.37
1.10 -1.10
-0.20 0.20
-1.18 1.18
1.73 -1.73
-0.27 0.27
-0.01 0.01
-0.88 0.88
1.70 -1.70
1.20 -1.20
0.07 -0.07
-1.07 1.07
0.81 -0.81
1.22 -1.22
1.04 -1.04
0.90 -0.90
0.31 -0.31
1.07 -1.07
1.74 -1.74
-1.21 1.21
0.59 -0.59
-0.58 0.58
-0.19 0.19
-1.18 1.18
0.18 -0.18
-0.83 0.83
1.29 -1.29
1.22 -1.22
0.77 -0.77
-2.50 2.50
0.36 -0.36
-1.88 1.88
-0.02 0.02
-1.14 1.14
0.49 -0.49
1.49 -1.49
-0.08 0.08
-0.71 0.71
0.40 -0.40
-0.43 0.43
1.32 -1.32
0.56 -0.56
1.48 -1.48
1.07 -1.07
-0.02 0.02
