-1.02 1.02
1.53 -1.53
-0.18 0.18
0.04 -0.04
-0.55 0.55
0.34 -0.34
2.02 -2.02
-0.03 0.03
-0.25 0.25
0.01 -0.01
1.58 -1.58
-0.80 0.80
0.73 -0.73
-0.92 0.92
-0.96 0.96
-1.04 1.04
1.20 -1.20
0.08 -0.08
-0.17 0.17
0.44 -0.44
0.81 -0.81
1.39 -1.39
-1.38 1.38
-1.36 1.36
-2.04 2.04
-0.95 0.95
0.23 -0.23
0.52 -0.52
-1.31 1.31
-0.28 0.28
-0.57 0.57
-1.33 1.33
-0.97 0.97
0.82 -0.82
1.43 -1.43
-0.23 0.23
-0.08 0.08
0.30 -0.30
0.90 -0.90
-0.34 0.34
0.92 -0.92
-0.82 0.82
-1.70 1.70
0.15 -0.15
-0.47 0.47
-0.48 0.48
0.02 -0.02
0.56 -0.56
0.68 -0.68
0.06 -0.06
0.04 -0.04
1.17 -1.17
-1.01 1.01
-0.74 0.74
0.65 -0.65
1.62 -1.62
-1.40 1.40
0.69 -0.69
-0.92 0.92
-0.14 0.14
1.05 -1.05
-0.41 0.41
0.49 -0.49
-0.67 0.67
-0.38 0.38
-1.23 1.23
0.66 -0.66
1.75 -1.75
-0.98 0.98
-2.85 2.85
-0.04 0.04
-0.30 0.30
-2.44 2.44
-0.12 0.12
0.09 -0.09
1.18 -1.18
-0.60 0.60
1.29 -1.29
-0.57 0.57
-1.16 1.16
0.48 -0.48
-0.86 0.86
-0.31 0.31
-1.52 1.52
1.68 -1.68
1.32 -1.32
-0.48 0.48
-0.08 0.08
0.61 -0.61
0.03 -0.03
-1.69 1.69
2.10 -2.10
-0.58 0.58
-1.60 1.60
-0.44 0.44
-1.68 1.68
0.80 -0.80
0.09 -0.09
-0.15 0.15
-0.07 0.07
