-2.18 1.22
-0.17 -0.56
-2.79 0.45
-1.03 -0.82
0.11 -1.36
-0.90 0.09
-0.94 1.60
-0.50 0.06
-1.81 -0.10
-0.36 0.02
1.82 -0.04
-1.38 -2.41
0.81 0.45
-1.33 0.77
-1.14 0.05
0.08 -0.79
-0.61 -0.85
-1.30 0.73
-1.41 1.74
-0.38 0.06
0.99 0.42
1.69 -1.89
0.25 -0.70
-0.48 0.82
-0.53 0.85
0.39 -0.51
0.35 -0.38
-1.12 0.77
-0.39 -0.49
0.90 -1.29
-0.37 -0.55
-1.62 -0.08
2.12 0.65
-0.58 -0.96
-1.57 2.39
0.33 -1.21
-0.51 1.03
-0.31 -0.23
0.10 -1.43
-1.05 -0.33
-0.10 -0.32
0.37 0.01
-0.43 -0.27
-1.31 0.25
1.21 -0.55
0.89 0.62
1.68 -0.19
0.65 -0.96
-1.14 -1.69
-0.15 -1.43
-0.55 0.49
-0.29 0.62
-1.68 0.89
0.54 1.68
0.70 1.49
-1.02 -0.27
-0.69 -1.08
0.33 -0.44
-0.40 1.00
-0.25 -0.15
-0.40 -1.13
-0.22 0.62
-0.15 -0.21
1.23 -0.33
-0.05 -0.88
0.08 -0.53
-0.61 0.86
-0.09 -0.10
1.32 -1.72
-0.81 0.73
0.10 1.62
-0.99 2.27
0.19 0.34
-0.29 -0.72
1.07 -1.57
-1.84 -1.40
-0.17 1.52
3.21 0.84
-0.85 0.56
-1.91 1.09
1.60 -0.37
-0.42 -1.31
1.11 0.95
-0.54 0.74
-0.12 -0.55
-0.29 0.36
-0.71 2.41
-0.24 -1.70
-0.44 0.20
-0.65 0.53
-1.10 -0.50
-0.44 -0.49
-0.09 -1.35
-0.60 0.33
0.24 -1.49
0.82 -1.61
-0.33 0.03
2.04 0.15
-1.35 0.79
0.11 -0.30
