0.88 0.47
0.10 0.94
-0.86 -0.80
-1.23 0.56
1.70 -0.49
0.26 -0.53
0.07 0.53
-1.46 0.33
-1.05 0.37
0.39 -0.28
-0.95 0.50
0.31 0.24
0.33 -0.36
-0.39 -0.16
-0.87 0.98
-0.56 0.29
-0.33 0.48
0.65 -0.51
0.88 -0.52
0.23 0.23
-0.91 0.92
0.38 -0.19
-0.90 0.22
-0.34 0.55
-1.26 1.11
1.01 -1.53
-2.18 1.80
-1.38 0.37
-1.39 0.86
1.03 -0.76
0.58 -0.99
-2.38 2.56
-0.94 -0.67
-0.81 1.61
0.10 0.17
0.31 -0.85
-0.11 0.14
0.96 0.49
0.76 -2.09
-1.41 2.10
0.91 -1.21
0.00 -0.26
-0.70 0.86
-1.23 0.66
-0.95 0.83
-0.85 -0.34
2.97 -1.59
-0.41 0.42
-0.17 0.34
-0.52 1.43
1.15 0.03
1.01 -0.67
1.87 -0.56
2.83 -2.91
-0.86 0.23
-0.30 1.02
-0.36 -0.04
0.47 -0.60
0.00 0.37
0.07 0.34
-0.13 0.68
1.04 -0.48
0.88 0.13
0.46 0.76
-1.30 1.26
0.40 -0.98
-0.66 0.69
1.13 0.65
0.28 -0.64
-0.71 1.57
-0.27 0.41
-1.62 1.84
-0.07 1.40
2.45 -2.02
-1.15 -0.59
-0.28 -0.90
-0.34 -0.23
-0.11 -0.50
0.50 1.09
-1.51 1.48
-0.34 -0.35
-0.23 1.34
-1.03 1.91
1.10 -0.50
-0.43 0.51
1.28 -1.18
-0.23 -0.85
0.20 -1.29
0.06 -1.18
-0.54 1.26
1.89 -1.08
-0.34 1.60
0.43 -1.04
-0.55 0.10
1.02 -1.05
-0.33 1.53
-1.12 0.16
0.88 -0.95
0.16 -0.20
-1.50 1.65
