1.18 1.12
0.59 -2.39
0.02 0.45
0.14 1.61
1.09 -1.18
0.63 0.06
-0.06 -1.26
-0.93 2.28
0.49 -1.20
-0.03 -1.52
-1.78 1.67
-0.39 0.06
1.14 -0.81
0.00 -1.76
0.21 -0.63
-1.05 -0.42
-1.15 -0.95
-1.07 2.17
-1.40 0.64
-1.05 -0.09
0.95 -0.58
-1.12 0.54
-1.39 0.58
-0.67 0.46
0.81 -0.79
-1.61 0.20
1.62 0.37
-0.58 0.48
0.53 0.19
-1.38 0.07
-1.10 -0.31
-0.97 -0.33
1.22 1.78
1.29 1.45
-0.81 -0.10
1.31 0.20
0.64 0.07
-0.06 0.71
0.71 0.80
-0.79 0.99
0.16 -0.82
1.13 -1.59
2.68 -2.28
-0.83 0.91
0.10 1.51
0.30 -1.28
0.80 -1.21
0.18 -1.11
-0.19 0.53
0.44 -1.79
0.22 -1.26
-1.39 -0.56
-0.26 1.68
0.36 -0.69
0.96 -0.61
1.69 0.25
0.36 1.19
-2.17 1.17
1.79 -0.88
0.11 -0.83
0.28 1.17
0.21 -1.16
-2.34 1.65
-0.15 0.06
-0.47 0.32
-2.47 0.95
-0.17 0.72
2.21 -0.93
-0.92 0.07
-1.35 0.69
-0.06 -0.87
-0.86 0.39
-0.32 0.09
1.22 0.04
1.85 0.73
0.81 0.96
-0.94 -0.12
-0.89 -0.70
-0.08 -0.51
1.02 1.21
0.09 0.96
0.44 -0.29
-0.97 -0.90
-0.17 -0.71
0.22 0.93
2.10 -0.43
-0.29 -0.60
0.15 0.95
-0.53 0.73
-0.08 -0.90
0.67 0.64
-0.07 0.35
0.19 -0.89
-0.42 0.94
-1.14 0.47
1.03 -0.81
0.15 0.58
0.35 -1.79
0.25 -0.24
-0.22 -0.72
