-0.38 -0.52
0.57 0.61
-0.02 1.02
-1.04 0.39
-0.97 -0.02
0.08 0.39
0.78 0.99
-0.84 -1.62
-0.03 -0.14
-0.27 -1.14
0.56 0.20
-0.85 2.06
0.02 -1.11
0.91 0.23
-1.41 -1.79
0.31 1.26
0.40 -0.50
0.58 0.09
-0.04 -0.66
1.51 0.85
-0.21 1.27
0.50 0.29
-0.49 -0.12
-0.25 0.32
-0.02 0.25
0.04 -0.50
-0.25 -0.10
1.23 -0.03
-0.62 0.60
0.65 0.72
-1.23 -1.34
0.66 0.40
1.15 1.14
-0.48 -1.14
0.25 0.63
-2.10 0.49
2.39 0.78
0.81 0.18
-2.52 0.70
0.12 0.32
0.48 0.69
0.39 -2.23
-1.51 -0.45
-3.01 -2.56
-0.64 1.32
0.53 -0.55
-0.55 -0.37
2.13 -0.68
-0.51 -0.24
0.12 1.56
-0.73 0.13
1.34 0.06
0.01 0.58
0.56 0.61
-0.13 0.25
-1.25 -0.54
1.31 -0.07
0.64 0.14
0.71 -1.35
-0.68 0.35
1.11 -0.70
-0.76 -1.95
0.39 0.77
1.54 -1.95
-2.34 -1.09
-0.43 0.76
-0.37 -0.12
0.40 2.78
0.27 -0.25
-1.83 -1.52
-0.23 1.01
0.14 -0.30
0.23 0.14
-0.73 -0.25
-1.84 1.11
-0.56 -0.92
-0.98 0.55
-0.68 -1.74
1.35 -1.85
0.42 0.62
0.38 1.94
1.01 0.09
-0.14 -1.89
1.13 0.48
-1.82 -0.38
0.50 0.94
1.35 -0.85
0.36 1.66
0.06 -1.16
-0.38 1.09
-2.20 -1.23
1.09 -0.01
0.58 0.03
0.38 -0.93
0.72 -0.30
0.52 0.15
0.29 1.19
1.63 -0.00
-0.37 0.88
1.10 1.06
