0.62 0.95
-0.54 -1.69
0.73 -0.01
-0.29 -0.15
0.17 0.27
-0.06 -1.14
0.48 -0.29
-1.58 -1.68
-0.17 -0.48
2.28 2.00
1.71 1.78
-0.48 -0.67
0.54 0.85
0.33 1.09
-0.90 0.67
0.32 0.68
-0.38 0.65
-1.21 -0.73
-0.13 0.75
-0.26 -0.31
-0.65 -1.27
-1.09 -0.93
0.90 1.69
-1.46 -0.02
-1.02 -1.65
-1.65 0.18
-0.60 0.47
0.86 0.67
-0.49 -0.56
-1.76 -2.00
0.78 0.17
-1.07 -1.03
-0.44 -0.61
0.90 -0.10
-0.28 -0.17
0.15 -0.39
0.54 -0.31
-0.03 -0.45
0.27 0.39
-1.54 -2.44
-0.19 -1.09
-1.13 -0.79
0.92 0.04
-0.85 -0.63
-1.15 0.93
-0.03 1.73
0.77 0.79
-0.73 -0.25
-0.89 -1.07
-1.26 -1.39
-0.23 -0.72
0.79 1.67
-0.52 0.73
-1.16 -1.85
-1.44 -0.92
-0.16 0.67
0.64 0.92
-0.46 -1.36
-0.61 0.14
0.27 0.27
-2.13 -0.40
-0.05 0.62
-0.21 -0.65
-0.09 -0.94
1.81 -0.33
0.86 0.32
2.79 1.69
-0.89 -1.48
-0.05 0.76
1.63 0.87
-0.01 -0.10
0.56 0.63
-1.68 -1.26
0.58 1.00
2.20 2.00
-0.32 -0.60
1.68 1.53
1.10 -0.09
0.20 0.30
1.20 0.44
0.98 0.24
-1.41 -0.43
-0.42 -0.37
-0.16 0.52
1.60 1.05
1.83 2.47
-0.11 0.56
0.55 0.21
0.09 0.57
-0.21 -0.60
