-1.19 0.48
2.81 -2.48
-0.33 -0.05
0.53 0.81
-1.55 1.00
-0.89 0.43
-0.47 0.27
-0.52 1.02
0.30 -1.20
-0.25 0.53
1.38 -0.68
-0.50 -0.43
0.72 -0.66
0.06 -0.66
-0.78 1.39
-0.04 -0.95
0.86 -1.02
1.04 -1.11
1.24 -0.70
-0.07 -0.89
1.55 -1.57
-0.18 0.65
1.28 -1.38
0.71 -0.43
1.40 -0.26
-0.91 0.34
0.28 -0.53
1.63 -1.29
-0.76 1.06
-0.24 1.00
-0.47 -0.51
-1.11 1.02
-0.79 -0.22
1.39 -0.89
1.22 -0.61
0.30 -0.25
0.25 -0.04
0.01 0.44
-0.33 1.10
2.17 -1.37
-0.22 0.24
0.42 -0.87
0.41 0.50
1.39 -1.42
0.35 -0.96
0.93 -0.91
-1.99 1.81
1.40 -1.01
-0.26 1.26
-0.66 0.48
0.27 -0.09
0.57 -1.05
0.99 -0.30
1.04 -1.53
0.91 -0.81
-0.43 0.95
1.19 -1.31
0.01 1.48
-0.94 0.07
0.01 -0.61
-0.76 0.49
0.46 0.08
0.03 -0.85
-1.02 1.37
-1.29 2.39
0.53 -0.47
-1.01 1.09
0.98 -0.01
2.02 -1.39
1.21 -1.71
1.25 -1.78
1.17 -1.07
0.01 0.50
-0.99 0.35
1.72 -0.53
1.66 -1.55
-0.39 -0.33
-0.99 0.81
1.48 -0.71
-0.98 0.47
-1.14 1.19
-0.40 1.09
1.27 -0.19
-0.57 0.15
1.89 -1.96
-0.30 -0.94
-0.86 1.02
-2.28 2.08
-0.23 0.62
-0.92 1.08
-0.96 2.04
-0.55 0.04
0.33 -0.79
1.53 -0.91
0.33 0.07
0.10 0.43
-0.49 -0.89
-0.71 1.23
-1.26 0.37
-0.20 -0.67
