-0.63 -0.41
0.52 -0.09
-0.51 -0.68
-0.22 0.70
-0.14 -0.35
0.92 1.56
1.08 0.96
1.67 1.19
0.04 -0.35
-0.62 -0.30
1.30 0.95
1.65 1.06
1.78 1.41
0.27 0.00
-0.35 -0.52
0.16 -0.90
-0.73 -1.03
-0.37 -0.31
-0.47 -0.23
1.11 0.82
0.03 0.00
-0.75 -1.34
-0.09 -0.21
1.62 1.46
-1.33 -2.48
0.59 -0.06
-2.10 -1.70
-0.77 -0.27
-0.97 -0.37
0.23 0.25
-0.80 -0.17
0.44 0.05
-0.52 0.34
1.14 0.34
0.70 2.10
0.69 0.06
-0.95 -1.19
-0.75 -0.37
3.34 2.17
0.92 0.72
-0.21 0.27
-1.24 -1.56
0.33 1.17
-1.65 -0.27
0.04 -1.08
-0.25 -0.90
-0.18 -0.11
-0.61 -1.45
-1.02 -1.39
0.13 1.45
