0.37 0.24
-0.13 -0.67
0.25 0.87
-0.44 -0.87
0.43 1.09
0.28 0.27
0.93 0.93
-1.73 -1.23
0.23 -1.01
-0.13 0.36
1.02 0.41
0.05 -0.80
-1.51 -0.73
0.25 0.38
-0.24 -1.71
2.70 2.71
0.57 0.29
-0.28 0.21
1.58 1.30
-0.42 -1.19
0.22 -0.51
-0.97 -0.70
0.60 0.75
-0.01 0.28
-0.08 0.45
0.18 0.37
0.12 0.36
0.46 0.55
0.55 0.49
0.43 -0.39
-0.86 -0.10
1.46 1.93
0.13 1.44
0.61 -0.75
-0.17 -0.44
0.49 0.79
-2.09 -2.35
0.88 -0.05
0.12 -1.05
-1.52 -0.44
-0.32 -0.96
2.62 2.58
-0.60 -0.17
-2.37 -2.64
-0.08 -0.79
-0.61 -0.84
-0.29 -1.05
-0.71 -1.00
-0.39 -0.12
-0.66 0.10
-0.70 -0.01
-0.30 0.32
0.71 1.74
-0.32 0.24
0.89 1.50
1.05 0.24
-0.95 -0.78
0.26 1.04
0.07 0.23
0.97 0.48
-0.91 -1.03
-1.04 -1.36
1.74 1.72
1.46 0.81
1.90 2.16
-1.43 -0.25
0.70 -0.29
1.51 0.66
-0.46 -0.56
0.49 0.66
1.02 0.26
0.94 1.33
0.22 0.21
0.44 -0.66
0.05 -0.48
0.03 0.57
0.29 0.59
-0.84 -0.17
-0.86 -1.17
0.02 0.64
-0.19 -0.35
1.47 1.09
-0.48 -0.19
2.72 1.87
-1.03 -0.11
-0.50 -0.72
1.36 1.40
0.36 0.91
-0.16 0.15
1.52 1.04
-0.71 -0.97
-0.03 -0.98
1.58 1.73
-0.30 0.15
2.19 1.85
0.86 0.73
-1.74 -0.43
-1.09 -0.44
-1.11 0.27
-1.06 -1.08
