-0.64 -0.21
2.08 -0.06
0.09 0.86
-0.11 -0.82
0.92 -0.17
-0.25 -1.63
2.02 -0.35
0.33 0.26
0.48 0.11
0.64 0.46
-0.26 0.54
0.25 2.35
0.81 -1.96
0.80 0.62
-0.10 -0.58
-1.25 -0.28
2.28 1.56
0.73 2.86
0.99 1.51
0.06 0.08
-1.15 0.92
1.51 1.12
-0.47 -0.59
-1.19 -1.51
1.24 -0.32
0.28 0.04
0.33 0.64
-0.15 -1.08
1.65 0.08
0.88 -0.06
-1.13 -0.73
0.81 -0.60
-1.15 -0.43
0.70 0.43
1.53 -0.26
-0.01 1.37
0.54 0.07
-0.18 1.48
1.37 1.49
-0.74 -1.18
-0.99 -1.95
-1.43 0.48
0.08 -0.81
-1.98 -0.58
1.86 1.64
0.31 0.27
-1.65 0.44
0.73 0.00
0.17 -1.51
-0.34 0.64
-1.30 0.06
1.11 0.78
-0.39 -0.56
-0.74 0.15
1.85 -0.99
-0.88 -1.41
0.47 0.01
1.15 -1.21
-0.05 -0.07
0.63 -1.14
0.13 1.09
0.26 0.80
0.75 -0.15
1.10 1.04
-0.33 0.85
0.87 0.07
-0.11 -0.88
1.55 -0.78
-0.54 -1.00
-2.01 -0.58
-0.57 -1.65
-0.36 1.53
-1.00 1.79
0.12 -0.39
0.27 0.57
-0.64 -1.15
-0.13 0.54
-0.43 0.61
-0.73 -0.54
-0.72 -0.03
-2.55 -0.20
-0.97 -0.19
0.68 2.01
-0.29 -2.16
-0.35 0.42
-1.09 1.04
1.29 0.71
1.96 -0.78
-0.10 -0.52
-0.40 -0.71
