-1.14 0.52
0.16 0.27
0.68 1.10
-0.56 0.76
-1.33 0.90
-0.39 1.25
-0.05 -0.19
-0.78 -0.18
1.01 -0.47
0.41 -1.08
-1.85 1.81
-0.42 0.29
-0.80 -0.87
0.27 0.32
-0.18 -0.79
1.69 -0.29
-0.49 -0.54
0.49 0.10
1.43 2.38
1.54 -1.44
0.41 -0.66
-0.14 0.94
0.36 -1.03
-1.82 0.28
-1.83 0.91
-0.61 0.78
-1.72 1.26
-0.09 -0.17
-0.19 0.59
0.79 -0.29
1.51 -1.46
0.78 -0.18
1.44 -0.85
-1.45 -0.15
1.82 -1.74
0.15 0.34
0.44 -1.11
0.28 -0.67
-0.93 1.52
-1.98 1.69
1.84 0.80
0.43 -0.23
-0.95 -0.36
-2.58 2.72
-0.97 0.28
0.29 -0.06
-0.92 0.12
0.22 0.57
0.95 -1.32
-1.15 -1.46
1.28 -1.10
0.98 0.37
1.73 -1.85
1.20 -1.13
0.86 -1.23
-0.82 0.36
-1.32 1.29
0.08 -1.00
0.08 -0.21
1.69 -0.47
-1.35 0.60
-0.18 1.53
-1.11 -1.40
-1.26 0.65
0.06 -0.75
0.04 0.48
-0.20 -0.94
1.34 -1.03
-1.05 0.56
1.22 -1.27
-0.73 0.58
-1.06 -0.65
0.66 0.49
0.92 -0.54
0.88 -0.64
0.34 -1.44
0.22 -0.61
0.16 -0.57
-0.37 -0.72
0.98 -0.32
-0.64 -1.35
-1.36 2.12
-0.55 0.60
-0.97 1.14
1.56 0.70
-0.40 0.51
-0.54 0.64
0.37 -0.74
-0.76 2.15
0.41 -1.23
0.56 0.82
-1.17 1.84
0.05 -0.85
0.48 -0.42
1.15 -1.04
-0.57 0.38
0.96 -0.25
0.33 1.10
0.12 0.99
-1.20 -0.08
