-0.84 -0.08
-0.57 0.93
0.43 1.10
-0.42 -0.83
-0.12 0.07
-0.15 0.54
-2.02 -1.81
-0.82 -0.07
0.22 0.91
2.93 -0.22
0.67 -0.37
-1.07 -1.30
-0.52 0.20
0.58 -0.56
1.10 0.13
0.72 0.06
-0.17 0.33
-1.88 0.74
0.41 -0.49
0.40 -0.31
1.11 -0.88
-1.72 1.24
0.20 -0.45
0.91 1.38
-0.58 -0.92
-0.88 0.07
0.48 -1.63
0.12 -0.38
1.91 0.88
0.52 -1.65
-0.50 0.07
-1.30 -0.45
-0.58 1.39
-0.42 -1.38
0.69 0.12
1.74 -0.83
-0.22 -0.97
1.47 0.61
1.05 1.99
1.23 2.03
-0.22 0.05
1.84 0.20
0.97 -0.08
1.04 1.84
-0.17 -0.08
-1.05 -2.54
-1.68 1.00
-0.25 2.33
-1.35 -1.15
1.36 -0.51
-1.54 -1.42
-0.31 1.60
1.19 0.69
0.76 1.47
-1.43 2.13
0.95 -0.14
-1.01 0.68
0.77 0.82
1.13 -0.44
-0.24 0.21
-0.86 1.51
-0.29 0.34
-0.49 -0.17
0.16 -0.17
0.31 0.12
-0.16 -1.20
-1.47 -0.89
-0.17 -1.48
-0.94 -0.48
0.75 1.60
0.47 0.69
0.43 1.05
-0.80 0.40
-0.63 1.03
1.18 0.68
0.30 0.21
-0.45 0.16
-1.06 -1.53
1.47 0.27
0.01 -1.50
-0.63 -1.69
-0.09 -0.88
-0.11 -0.66
-0.21 -0.38
-0.63 -0.86
2.01 0.11
1.04 0.07
0.50 -1.24
-0.14 0.92
-1.60 -0.04
-2.08 -0.03
-0.08 -0.86
-1.09 -1.43
-0.03 1.30
0.04 0.11
1.55 -0.17
-0.50 -1.13
-1.85 -0.88
0.90 1.13
0.41 0.07
