-0.39 0.14
0.97 -1.39
0.14 -0.75
0.22 -0.70
-0.55 0.68
-0.54 0.54
-0.78 0.06
-0.06 0.17
-1.17 1.22
0.28 -0.15
2.00 -1.70
0.44 -1.37
-0.23 0.81
0.23 0.42
1.83 -1.72
-0.99 0.30
-0.16 0.09
0.83 -1.16
-1.34 1.24
-2.43 1.45
0.91 -0.29
2.05 -1.86
-0.56 0.89
0.75 -0.45
-0.42 -0.33
-1.90 0.73
0.54 -0.64
0.92 -0.54
0.06 0.52
-1.07 0.83
0.87 -1.09
-0.46 -0.42
-0.16 -0.14
0.22 1.01
2.14 -0.48
1.06 -2.08
-0.71 2.16
0.29 -0.27
0.93 -0.62
1.03 -0.60
-1.29 1.13
0.28 0.18
-0.11 1.44
0.31 -0.60
-1.43 2.19
-0.82 1.33
1.47 -0.80
-0.49 -0.14
0.95 0.37
-0.04 -0.65
-0.57 0.66
0.69 -1.23
0.34 0.18
-2.15 1.38
-0.21 0.81
0.74 -1.32
-1.35 0.66
1.25 -1.17
0.15 -0.94
0.16 -0.05
-0.18 0.86
-0.75 1.69
-1.11 0.44
-1.15 1.17
0.18 -0.17
-1.26 0.99
1.10 -0.46
-0.72 0.63
2.87 -3.01
-0.98 0.92
0.56 -0.43
0.23 0.19
-0.17 -0.63
-0.57 -0.64
-0.39 0.52
0.58 -0.87
1.28 -1.98
1.09 -0.00
-0.24 -0.23
-1.29 0.59
-1.03 -0.17
-0.35 1.39
-0.97 0.60
-0.72 0.78
1.36 -1.22
-1.00 1.11
1.04 -0.60
0.14 -0.20
0.70 -0.02
-1.38 1.50
