0.47 -0.30
-0.20 -0.65
0.15 -0.80
-0.23 0.22
2.10 1.77
-0.35 0.29
0.22 -0.61
-0.56 -0.41
-0.59 0.11
-0.75 -0.44
1.01 0.95
-0.80 -1.04
-0.62 1.15
0.89 1.41
0.38 0.56
1.13 1.12
0.20 0.61
0.63 0.37
-1.22 -1.09
1.38 1.98
-0.24 -0.11
-0.66 -0.48
-0.58 -0.45
0.49 0.89
-0.25 -0.50
-0.97 -1.62
-0.78 -0.28
-0.90 -1.55
0.53 1.46
-0.94 -1.50
-0.78 -1.35
-0.50 -1.05
-1.12 -1.02
0.04 -0.73
-1.99 -0.31
-0.27 -0.54
-0.46 0.21
0.36 0.36
-0.77 0.09
-0.09 0.61
-1.83 -1.50
-0.68 -0.39
0.65 0.64
0.63 1.19
-1.77 -2.68
1.57 2.18
-0.18 -0.99
-1.29 -1.08
2.09 1.47
0.65 -0.13
2.72 2.00
-1.34 -0.05
-1.88 -1.77
-0.09 0.57
0.79 1.18
-0.10 0.25
-0.88 -1.60
0.93 0.49
-0.13 -0.71
-0.41 -0.34
0.08 -0.53
0.88 0.68
-0.15 0.32
-0.10 0.18
-1.06 -1.25
0.54 0.05
2.30 2.00
-1.10 0.48
-1.95 -0.77
0.08 0.37
1.14 0.65
-0.09 -0.94
0.67 1.74
1.00 -0.12
2.06 1.68
0.61 0.08
1.36 1.29
-0.32 -0.18
-0.76 -0.27
-0.47 0.21
0.05 0.40
0.81 -0.22
1.95 0.71
-1.76 -1.70
0.56 0.28
-0.79 -0.04
0.60 0.35
0.08 0.71
-0.70 -0.51
-0.78 -0.19
0.34 0.81
0.08 0.08
-0.20 0.95
-0.68 -0.39
-2.73 -3.03
0.49 -0.42
-0.89 -0.93
-0.62 -0.11
0.61 0.40
-0.14 0.06
