-0.60 -0.67
0.81 -1.63
-1.14 1.41
-1.34 0.98
-0.50 0.38
0.92 -1.56
-0.75 0.45
1.38 -0.94
-0.91 1.20
0.53 0.78
1.41 -0.65
-0.51 -0.05
1.81 -0.25
-0.55 0.79
1.13 -0.69
-1.76 2.06
0.63 0.11
0.36 0.44
0.20 1.02
-1.14 0.41
0.77 -1.23
0.00 -0.50
1.49 -0.38
0.28 -0.25
-0.66 0.37
-0.58 0.28
-0.55 -1.06
-0.36 -0.40
0.01 -0.27
-0.06 -0.91
-1.28 0.37
1.83 -1.44
-0.59 1.36
0.46 -0.26
-0.83 0.90
-0.46 -0.57
-0.74 0.38
-1.33 0.37
-1.26 0.27
1.36 -1.85
0.40 -0.73
-0.86 0.18
-0.26 0.04
1.90 -0.61
-0.07 -0.05
0.62 -0.18
0.67 0.17
0.30 -1.03
0.56 0.10
-0.41 -0.88
-1.55 0.66
-0.79 0.36
0.49 0.88
2.11 -2.70
-0.59 0.75
0.61 -0.59
-1.27 0.78
0.54 -0.87
0.14 0.41
-1.31 2.19
-0.47 -0.03
0.76 0.28
-0.80 0.24
2.02 -2.17
0.73 -0.27
-1.31 0.44
-0.38 1.32
0.19 -0.86
2.38 -4.19
1.27 -0.30
0.19 -0.49
0.28 0.31
-1.05 0.67
-1.64 1.55
2.22 -2.13
-1.34 1.73
1.58 -0.82
0.25 0.15
-1.28 0.53
-0.07 0.34
-0.41 -0.09
-1.04 0.38
0.56 0.53
-0.81 -0.39
0.20 -0.04
1.44 0.76
0.02 -0.37
0.21 0.58
-0.54 -0.61
-0.29 -0.33
