1.53 0.14
-0.56 2.88
-0.74 1.45
-0.48 0.36
0.08 -0.19
-1.11 0.03
-0.19 -1.72
1.74 -0.24
-0.50 1.76
-2.47 0.31
-0.70 -0.71
0.51 1.37
-1.30 -0.11
1.38 1.24
-0.91 1.13
0.02 -0.93
-1.34 -0.45
0.70 0.58
1.56 -1.34
0.19 -0.06
0.96 -0.09
-0.55 0.13
0.39 0.84
-0.72 -2.12
-0.62 -1.05
1.44 -0.78
0.32 -0.06
0.12 1.12
0.25 1.08
-0.47 0.05
0.04 -0.68
0.16 0.61
-0.79 -0.01
0.25 1.14
1.20 -0.25
-1.94 1.44
1.53 -0.62
1.25 1.80
1.12 0.79
0.64 0.02
1.01 -0.32
-0.48 0.12
-2.09 1.97
-0.77 -1.14
-0.90 1.11
-0.74 0.11
0.71 0.54
0.54 0.81
-1.01 -1.24
-0.68 0.68
