-1.46 0.18
0.76 0.41
-0.39 -0.66
-1.19 0.16
1.78 1.18
0.09 1.10
-0.23 0.78
0.40 -0.34
-0.11 1.09
1.33 1.54
1.87 -0.68
-0.71 -0.37
-0.57 0.13
0.62 -1.78
-0.92 -0.12
-0.64 0.13
1.42 1.60
0.05 0.33
0.58 0.58
0.28 1.06
-0.37 0.79
1.10 0.34
1.45 0.53
-0.86 0.73
-0.80 1.46
-0.21 1.51
1.47 -1.54
0.60 1.11
0.53 -0.08
0.74 -0.71
0.01 1.30
0.13 0.26
0.14 -0.25
-0.70 -0.85
-0.64 0.41
-1.01 0.29
2.12 0.51
-1.63 1.40
0.60 1.07
0.71 -1.40
1.71 1.11
-0.19 0.73
-0.34 -0.08
-0.22 -0.04
-0.16 -0.83
-1.60 -0.21
-0.12 -0.42
-0.01 3.38
-0.33 -1.38
-1.72 -0.89
-0.90 -0.95
-0.43 1.18
-1.24 0.03
1.65 -1.30
-0.07 -0.70
-1.22 1.56
1.53 -1.40
-1.21 -0.59
-0.96 0.67
-0.48 -0.58
0.88 -0.88
-0.39 -0.40
0.28 -0.45
-0.91 1.83
1.52 -2.59
2.07 0.02
0.19 -0.36
-1.04 -0.69
0.75 -1.34
1.61 0.43
-1.73 -0.60
0.77 -0.20
-0.41 -0.53
-1.54 0.09
0.72 -0.94
1.37 0.01
-0.03 -0.45
-1.24 -0.59
-0.19 0.45
-0.25 -0.54
0.96 -0.25
-1.68 0.57
0.12 0.49
1.25 0.84
0.98 0.41
-0.07 -1.84
1.16 0.07
-1.19 -1.08
0.69 -1.14
1.19 -1.33
-0.98 1.27
1.24 1.85
1.23 1.38
-0.59 -0.73
0.05 0.23
-1.22 -0.32
2.06 1.75
-0.27 -1.56
-0.30 0.89
0.05 -0.73
