0.75 -1.08
-0.07 0.92
-0.72 -0.73
-1.34 0.91
-0.54 0.01
-1.04 1.39
0.55 -0.71
-0.33 0.16
-1.60 0.48
-0.81 0.96
1.60 -0.94
-1.21 1.42
0.11 0.16
-1.18 0.00
-0.16 0.00
0.22 -0.63
-0.75 1.66
1.36 -0.96
0.15 -0.34
-0.56 0.80
-0.14 0.19
-0.50 0.38
-0.12 -1.15
-0.26 -0.15
-0.65 0.18
-0.83 -0.26
0.66 -1.10
0.29 0.29
0.60 -0.49
-0.62 0.77
2.09 -1.11
-1.47 -0.09
-0.43 0.38
-3.08 1.89
0.87 0.07
0.71 0.92
0.50 -0.04
0.60 1.54
1.18 -0.84
-0.75 0.64
-1.20 1.50
-0.54 -0.42
0.71 -0.26
2.49 -1.32
0.86 -0.94
0.35 0.02
0.68 -1.32
1.13 -0.52
-0.62 0.97
-0.69 1.70
-0.49 0.42
0.80 -2.70
0.81 0.42
0.10 -0.48
-1.09 0.58
-1.32 0.95
1.03 1.00
0.57 -0.12
0.13 0.12
-0.49 0.59
-0.02 -0.03
-0.59 0.79
0.91 0.01
0.09 0.24
0.48 -1.34
-1.67 1.20
-0.76 0.87
1.47 -1.78
0.27 -0.42
-0.53 1.35
-1.52 -0.53
0.46 -0.27
0.27 -0.98
-1.20 2.13
1.14 -0.63
1.39 -0.99
-0.12 0.39
1.96 -2.55
-0.11 0.69
1.28 -1.74
-0.88 1.15
0.37 -0.01
1.41 -1.76
2.92 -2.34
-0.31 1.56
-0.20 -0.48
-0.17 0.43
1.03 -0.15
-0.65 0.18
0.08 0.88
