2.77 1.14
-1.15 0.13
-0.51 0.88
-0.22 -1.18
-1.20 -0.33
1.03 0.86
-1.14 -1.67
1.44 1.23
0.88 0.54
0.90 -1.32
0.87 0.36
-0.36 -1.58
-0.44 1.07
0.99 0.87
0.06 -1.12
-0.66 -0.43
0.70 -0.37
1.21 1.16
-0.05 1.17
-0.69 2.05
0.34 -0.90
0.28 -2.17
0.67 0.53
-0.93 -1.16
0.60 0.25
-0.95 1.66
-1.45 0.24
1.01 0.44
0.02 -0.57
0.45 -0.07
1.65 0.80
0.13 -0.60
-0.11 -0.18
0.50 0.64
0.69 -0.93
0.28 -0.36
-0.30 0.27
-2.52 -0.86
0.03 0.62
-0.55 0.09
0.49 -0.95
1.16 0.56
0.19 -0.95
0.47 1.11
-0.92 -0.01
0.24 -0.21
-2.55 -0.16
-0.23 0.29
-0.98 -0.03
1.38 2.98
