-0.20 0.07
-1.08 0.35
-0.46 -1.38
-1.18 -2.09
2.10 1.45
1.83 1.39
-0.02 0.30
-0.93 -0.75
0.79 0.52
0.84 -0.36
-0.75 0.76
-0.60 -0.71
-0.68 -0.18
-0.45 -0.14
0.67 1.13
-0.04 0.78
1.50 0.51
-0.67 1.43
1.92 -0.14
0.29 1.24
1.23 -0.36
-0.46 1.48
1.40 0.84
1.45 0.61
1.28 -0.85
-0.15 -0.36
-1.47 -2.01
0.31 -0.79
0.33 -0.41
-0.43 -0.55
1.32 1.39
0.22 1.60
1.15 -0.14
0.35 1.46
-0.02 0.14
0.69 -1.03
0.38 0.25
0.44 -0.18
0.32 -1.01
0.07 0.28
1.34 0.79
-1.19 -0.43
-0.73 -0.22
2.70 2.29
-0.80 -0.25
1.47 1.67
0.91 0.56
-1.91 -0.18
1.97 1.11
0.65 2.30
-1.08 -0.50
-0.53 -0.98
-1.02 -0.18
0.47 -0.47
-0.13 1.21
0.44 -0.21
-0.44 -0.58
1.25 -0.71
-0.94 1.83
-0.97 1.08
1.53 1.77
-1.46 -1.66
0.25 0.97
-0.23 -0.11
0.97 1.15
0.65 0.55
-1.43 -1.57
0.23 -1.42
1.21 1.34
0.33 0.34
-0.83 -1.42
-0.98 -0.78
0.10 -0.03
0.32 -0.30
1.46 0.15
-1.51 -0.43
-0.07 -1.61
0.73 1.27
1.26 1.40
-1.02 -0.90
0.20 0.95
0.44 -0.57
0.09 -1.13
-1.05 0.55
0.62 0.38
-0.04 -0.45
-0.05 -0.67
1.86 1.54
-0.09 -0.66
1.92 0.12
1.32 0.20
-0.89 -1.01
-0.36 -0.29
-0.33 0.99
2.15 1.77
2.04 1.00
-0.07 0.58
0.03 1.89
-0.36 0.07
-0.63 -0.61
