-1.35 -1.48
0.74 -0.04
-0.61 -0.18
-1.36 -0.75
0.56 2.03
1.07 0.62
-0.67 0.15
0.31 0.28
-0.95 -0.02
-0.65 0.32
2.18 1.19
-0.70 -1.34
1.71 1.49
-0.80 0.01
-0.33 -0.74
-1.41 0.02
-0.70 -1.97
-1.78 -1.15
0.64 -1.35
0.00 0.95
0.10 1.25
1.44 1.07
-0.85 -0.16
-0.83 -0.90
1.00 -0.87
0.37 0.24
-0.29 -0.24
-0.36 -0.22
-1.88 1.44
0.15 2.63
0.96 0.28
0.49 -0.70
1.02 0.73
1.63 0.87
0.84 -0.50
0.96 -0.74
-0.55 -0.61
0.35 -0.65
0.52 -0.17
-0.53 -0.64
-0.11 -0.51
0.14 -0.76
0.55 -0.12
0.25 0.22
0.46 -0.89
-0.31 -1.39
1.31 1.18
-0.73 -0.38
0.05 0.15
-0.78 -2.32
-0.78 0.15
0.74 1.04
1.28 1.64
-0.48 0.10
2.72 -0.26
1.50 -0.19
0.46 0.49
1.07 0.70
-0.13 -0.00
1.47 0.66
-0.43 1.47
2.29 0.87
1.58 1.74
0.11 -1.76
2.28 0.10
1.52 1.00
1.80 0.41
0.54 1.04
-1.08 1.63
-0.44 -0.71
0.58 0.91
0.69 -0.15
-0.96 0.82
-0.21 -2.16
1.08 -0.25
0.34 0.90
-0.45 -1.00
-1.16 -0.02
1.20 2.13
-0.14 -0.20
1.33 0.79
-0.26 -0.12
-0.19 0.70
-0.07 0.30
-0.11 0.00
0.65 0.62
2.39 2.12
-0.79 -0.52
-0.17 1.25
-0.92 -1.33
