-0.91 -0.09
1.48 -0.87
-0.50 0.97
1.45 -0.92
-0.18 0.57
1.70 -1.37
0.47 -1.36
-1.18 0.86
-0.22 0.49
2.76 -2.00
0.61 -0.04
-1.04 1.32
-1.76 1.07
0.51 0.50
1.45 -1.19
0.11 -0.31
1.59 -0.91
0.55 -0.26
-0.92 -0.20
1.52 -0.70
1.61 -0.59
0.99 -1.08
-1.85 0.24
0.72 -1.38
-0.36 0.18
0.53 0.12
0.77 -0.38
0.64 -0.12
0.51 -2.01
1.73 -1.43
-0.02 -0.05
1.15 -0.20
-0.88 0.61
-0.55 -0.11
0.24 -0.97
-1.50 2.08
0.59 -0.95
0.42 0.17
0.20 -0.83
0.10 -0.12
0.83 -0.33
0.53 -0.14
0.08 -0.48
0.38 0.33
1.78 -2.21
-0.40 0.62
0.01 -0.81
-1.05 -0.20
-0.05 0.02
-0.01 0.26
-0.84 0.25
-0.91 0.07
-0.67 1.57
0.11 -0.70
0.92 -0.53
1.54 -1.23
-0.09 -0.11
-0.92 -0.31
-0.37 0.65
-0.68 1.35
0.42 -1.51
-1.25 0.69
1.19 -0.26
1.48 -1.57
0.59 -0.48
0.16 -0.20
-0.32 -0.13
-2.26 1.51
-0.47 0.45
-0.34 0.69
-0.19 -0.31
2.22 -2.55
2.08 -1.97
0.60 0.19
-0.07 0.91
0.57 -0.93
-1.43 0.90
0.82 -1.42
0.04 -0.99
-0.24 0.05
0.24 -0.78
0.12 0.74
0.11 -0.31
0.11 -0.08
-0.05 -0.20
0.57 -0.04
-0.96 1.27
0.28 -0.79
2.10 -2.20
-0.79 -0.48
-0.74 1.99
1.00 -1.19
0.40 -0.19
-1.91 2.15
0.40 -0.60
-0.92 1.29
0.95 -0.66
0.18 0.50
-1.88 2.78
1.16 -1.07
