-0.28 -0.05
-0.72 -0.82
-0.73 1.26
0.04 -0.02
0.63 -0.27
-2.43 -1.27
-0.98 -0.52
-0.15 -0.36
-0.95 0.68
-0.45 0.30
0.74 0.16
-0.69 -0.98
0.15 -0.39
0.33 -1.71
-1.22 -0.55
-1.27 -0.84
-0.66 -1.30
-1.14 -0.12
-0.08 0.66
-1.09 -0.29
-1.41 -1.70
-0.32 0.44
-1.30 -1.02
0.51 1.09
1.03 0.09
-0.17 0.83
-2.70 -2.22
1.28 2.03
-0.23 -0.14
1.69 -0.74
-0.45 -0.18
-0.92 -1.84
-0.22 -0.91
0.94 -0.77
0.80 1.61
0.12 0.19
-0.23 0.18
1.46 1.40
0.75 1.38
0.99 0.18
1.35 0.62
1.91 1.83
0.04 -0.71
0.45 1.03
-1.54 -1.44
-0.30 1.22
0.95 1.33
1.10 -0.19
-0.62 0.40
-0.00 0.17
