2.13 -0.56
-0.61 0.72
-0.05 0.64
0.81 -1.77
-0.96 -0.39
0.59 0.60
-0.15 -0.47
-1.48 0.79
-0.06 0.33
0.33 -0.42
0.26 -0.77
0.67 0.15
-0.61 0.60
0.98 -0.47
2.42 -0.54
-2.19 2.18
0.80 -0.41
0.10 -0.60
-0.88 -0.59
-0.11 -1.12
-0.67 -0.07
-1.17 1.17
-1.36 1.45
-1.27 0.87
0.76 -0.71
-1.59 1.62
0.13 0.96
0.22 1.05
-0.24 1.44
-1.52 -0.45
0.30 -0.56
1.45 -0.05
-0.32 -1.04
0.42 0.45
0.64 0.01
-0.53 0.47
1.02 -1.37
-0.57 0.62
0.61 0.36
1.71 -1.91
0.37 0.93
0.91 -1.39
-1.18 1.80
-0.75 0.03
0.44 -0.02
0.28 -0.23
0.38 -0.38
-0.94 1.02
-0.24 1.24
-1.53 1.75
-0.09 -0.42
-1.48 1.20
-1.54 0.66
1.05 -0.58
-0.54 -0.53
-0.29 -0.75
0.24 -0.54
-0.60 0.72
-0.75 0.71
0.43 0.24
-2.19 2.65
1.28 -2.78
-1.10 -0.63
0.70 0.38
0.32 -0.42
0.02 -0.47
2.81 -1.65
-0.16 -0.21
0.17 0.04
1.56 -1.82
-0.62 -0.84
-0.32 0.92
-2.01 0.54
-0.65 0.53
1.19 -1.01
-0.65 -0.09
0.62 1.83
0.25 -0.91
-0.80 0.65
0.42 -0.33
-0.14 -0.35
-0.22 -0.40
0.14 1.81
0.68 -1.00
-1.45 -0.17
0.24 -1.03
-0.13 -0.08
0.71 1.07
0.67 -1.28
2.02 -1.26
