-0.55 -2.13
-0.23 1.25
-0.90 0.33
-0.34 -0.33
0.11 -0.32
-0.63 0.64
0.86 0.23
-0.17 -0.99
1.69 0.54
-0.66 -1.36
-0.30 -0.40
0.41 -0.23
-0.90 0.45
0.21 1.83
2.26 -0.64
-1.04 0.60
-1.04 -1.25
1.18 -0.38
-0.01 0.55
1.35 0.86
0.66 -0.63
-0.41 -1.19
-0.39 -2.06
-0.13 -0.21
-1.00 0.72
-0.57 -1.50
-0.19 -0.33
-0.54 -0.69
-1.30 -0.42
-0.11 1.03
0.86 0.76
-0.95 -1.58
1.88 0.44
1.02 -0.96
-0.18 -0.09
1.34 0.68
-1.37 1.56
0.18 -0.70
2.61 -0.02
1.23 0.97
-0.45 -1.77
-0.42 1.42
0.87 1.54
-1.51 -1.74
-0.91 0.03
-1.49 -0.46
-1.75 1.04
-0.68 -0.55
-0.16 -0.83
-0.67 -1.35
