-0.31 -0.54
0.37 0.06
-1.87 -1.70
0.27 1.38
0.26 1.02
0.73 0.15
0.07 0.03
-2.07 -2.23
0.23 -0.63
0.41 -0.11
-0.88 -2.04
1.50 -0.22
1.11 -0.28
1.97 0.44
-1.15 0.61
1.37 0.63
0.63 0.98
-0.14 -0.62
1.00 0.46
0.06 -0.64
-0.00 1.89
-1.58 0.16
-0.78 -0.53
0.79 -0.90
1.62 0.96
-2.06 -1.80
0.36 -0.20
0.65 0.57
0.66 -0.48
-0.34 0.24
-0.49 -0.93
-0.20 0.28
-0.18 -0.83
1.18 0.52
0.39 -0.30
-0.26 -0.24
0.75 0.28
0.99 0.55
-0.69 -0.33
-0.01 1.46
1.91 2.63
-0.11 -0.47
-0.86 -0.23
2.38 0.72
0.58 1.53
0.36 0.38
0.91 1.46
1.05 1.00
-0.39 -1.88
-1.30 -0.49
