0.38 -0.66
2.08 0.82
0.80 -1.08
0.24 0.65
1.41 1.02
-1.67 -1.56
-0.05 -0.12
-0.15 -0.14
-0.14 -0.78
0.14 -0.75
2.45 1.58
-1.22 -0.55
0.54 -0.30
-1.18 1.50
0.81 1.22
0.34 0.53
1.75 0.47
0.53 -0.21
0.90 1.06
0.08 -0.94
-0.54 0.12
-0.62 -0.42
-1.03 0.01
-0.92 1.40
0.91 -0.84
-0.70 0.43
0.73 0.23
0.04 -0.85
-1.93 -1.14
0.42 -0.30
0.25 -0.22
-0.25 0.02
-0.22 0.22
-0.22 1.51
0.07 1.22
-0.15 0.49
1.39 1.61
0.62 0.55
0.37 -1.60
-2.41 -1.80
-1.45 -1.87
-0.08 -0.36
-0.31 0.77
0.73 0.63
-1.00 -0.75
0.56 1.28
-0.59 1.24
-0.97 -1.02
-0.14 1.26
-0.45 0.55
1.32 0.21
-1.23 -0.38
-0.87 -0.73
0.84 1.24
0.56 0.66
-0.04 0.44
0.43 -2.32
0.03 0.59
-0.77 -1.45
-1.35 -0.15
1.57 0.79
-1.20 -0.54
-1.10 -0.86
-1.34 -1.70
-0.90 1.57
0.88 -1.46
1.64 1.22
1.00 0.93
-1.46 -1.80
0.72 0.73
-0.47 -1.10
-0.51 -1.10
1.39 -0.77
-0.96 0.54
0.57 -0.31
-0.46 0.57
-0.97 -0.47
-1.89 1.83
2.19 1.59
0.36 0.59
-0.28 -2.03
0.27 0.16
-0.66 -0.19
0.02 0.92
-0.10 0.35
-0.18 -0.56
-0.40 0.14
-0.39 0.04
-2.63 -1.46
-0.56 0.57
