0.97 0.49
-0.08 -2.09
-0.91 0.26
-1.27 -0.27
1.53 -0.63
-0.40 -1.15
-0.22 0.15
-0.89 1.10
0.63 -0.37
1.49 -1.09
0.72 2.54
0.32 1.92
0.81 0.50
-1.96 0.51
-0.31 0.07
1.42 0.50
-1.29 -1.00
-1.88 1.75
-2.29 -1.47
0.69 0.68
0.77 0.68
1.21 0.88
1.55 0.72
-0.91 0.83
-1.88 -0.26
-0.40 0.19
-0.01 0.16
-0.01 -0.93
-2.18 0.26
0.72 1.51
0.48 1.11
-1.56 -0.88
-0.60 0.77
-0.38 0.30
-1.20 -0.94
-1.08 0.63
-0.45 -1.11
0.02 -1.21
-0.01 -0.41
0.51 1.47
0.39 -2.14
0.87 -0.30
0.16 0.30
0.44 0.45
0.46 1.99
0.58 -1.21
0.01 0.56
-0.20 0.51
-0.92 -1.15
-0.30 -0.80
1.18 0.27
-0.09 -1.28
-1.12 -0.47
1.69 0.02
-0.74 0.57
0.27 -0.13
-1.68 0.90
-0.15 1.23
0.02 0.99
-0.28 -0.68
-0.82 0.32
1.12 -1.25
-0.50 -0.50
1.01 -0.82
-0.12 1.39
-1.87 0.70
-1.25 -0.21
0.10 -0.26
-0.17 0.72
1.39 0.28
-0.26 0.97
0.98 -0.29
-0.72 -1.37
-1.59 -1.04
0.46 1.38
1.77 0.31
-0.09 0.48
-0.31 0.45
1.79 -0.30
0.44 -1.39
0.75 -1.52
0.41 1.23
0.09 1.16
-1.66 -0.69
0.57 0.09
-0.71 -0.13
-1.49 1.94
0.26 1.71
0.44 -0.08
-0.74 1.03
-0.60 0.94
1.75 -1.82
-0.18 0.22
-1.05 2.63
0.44 1.42
1.55 0.08
-1.72 0.09
0.38 0.04
1.43 1.08
0.04 0.30
