-0.56 -1.28
-1.45 -0.04
1.51 -1.44
-0.41 0.92
-0.31 -0.36
-2.40 -1.35
1.65 2.10
0.73 -0.61
0.55 0.00
0.32 -0.27
1.15 -0.34
-0.68 -0.18
-0.63 -0.32
-1.37 -1.18
-1.43 -0.04
-0.66 -0.19
-0.18 -0.84
0.06 0.85
-1.20 -0.62
-1.10 -1.25
0.07 -0.77
0.85 0.82
0.47 0.31
-1.31 -1.22
0.96 -0.54
-0.24 1.08
-0.52 -0.40
0.38 1.13
0.58 0.11
0.77 -0.46
-1.76 -0.92
-1.53 0.48
0.34 0.56
0.73 -0.87
-1.12 0.01
0.59 -1.10
0.11 -0.10
-0.18 -0.34
-1.39 -1.97
-0.20 1.42
-0.30 -0.52
-0.69 1.04
-0.53 -0.66
0.64 1.30
0.23 0.47
0.16 -0.28
-0.37 0.82
0.71 -1.70
0.38 0.13
0.11 1.82
-1.09 0.60
-1.34 -0.95
-1.29 -2.62
-2.02 -2.12
0.09 -0.76
1.10 0.20
0.23 1.39
1.03 -1.27
-0.75 -1.29
-0.70 -0.21
0.92 2.41
-1.10 0.32
0.28 0.57
0.29 0.17
-1.25 -1.96
-1.77 0.13
-1.13 -0.42
1.39 1.05
1.49 1.39
1.15 0.04
0.09 0.63
1.29 0.96
1.70 -0.21
-0.62 1.05
1.52 1.38
1.52 1.65
0.82 -0.11
0.57 0.77
0.97 0.25
-0.30 -0.57
-0.37 1.56
0.85 0.76
-1.54 0.49
0.84 0.17
0.08 0.53
0.35 -0.98
-0.67 -0.85
0.72 1.60
-0.38 -0.09
-0.83 -1.60
-1.03 -0.95
0.15 -0.08
1.43 1.64
1.82 0.09
-0.79 0.85
0.80 -0.26
1.88 -0.27
1.99 1.04
0.77 -0.50
-0.68 1.19
