1.12 0.62
-1.44 -0.18
-0.31 0.08
1.35 1.12
-1.04 -0.93
-0.52 -0.11
0.14 -0.46
0.55 0.56
-0.50 -0.57
-1.31 -0.59
-0.08 -0.00
-0.26 0.15
-0.21 -0.37
-0.33 0.64
-1.59 -1.84
0.03 -0.41
-0.49 -1.40
0.34 -0.04
-0.93 -1.73
1.58 0.59
-0.83 -1.00
-0.86 -0.84
0.35 0.60
-0.31 0.12
-1.15 -1.02
-0.29 -0.88
1.67 1.86
1.04 1.20
-1.22 -1.07
0.77 1.32
-1.49 -0.94
-1.49 -1.93
-0.02 1.39
-0.29 0.56
0.93 1.25
-1.47 -1.18
2.14 0.67
0.35 0.86
0.54 0.97
0.85 0.91
-1.11 -1.26
0.67 0.50
0.27 0.59
1.13 0.72
0.67 0.10
0.24 1.05
0.26 0.18
1.52 1.36
0.77 -0.44
-1.01 -1.43
1.11 1.00
1.24 1.91
-0.73 0.73
1.42 1.38
0.45 0.61
-0.77 -0.83
-0.60 -0.63
-0.97 -1.97
-0.48 -0.51
0.75 1.30
-1.21 -0.35
-0.16 0.72
0.69 0.34
2.02 1.16
0.66 0.45
-0.84 -0.91
0.23 -0.57
-2.27 -1.75
1.26 0.83
-0.47 -0.66
0.97 0.54
0.05 0.43
-0.56 0.21
0.11 0.20
1.98 2.75
-0.12 0.34
0.51 -0.51
-0.42 0.43
-0.27 -2.21
0.98 0.70
-2.11 -1.80
0.85 0.54
-0.03 0.65
-0.03 0.70
2.20 0.73
-1.53 -1.08
0.41 0.83
0.53 0.18
0.82 1.18
-0.25 0.78
0.55 0.01
0.98 0.27
0.68 0.61
1.28 2.21
-1.24 -0.88
1.59 1.60
-0.89 -0.29
0.62 0.66
-0.97 0.03
1.85 1.39
