-0.39 0.39
-0.80 0.80
1.71 -1.71
1.14 -1.14
1.12 -1.12
-0.30 0.30
-1.55 1.55
-1.13 1.13
-0.10 0.10
0.96 -0.96
-1.40 1.40
-0.74 0.74
0.37 -0.37
-0.78 0.78
-0.29 0.29
0.14 -0.14
-0.07 0.07
-1.08 1.08
1.21 -1.21
-0.75 0.75
0.36 -0.36
-0.79 0.79
-1.41 1.41
-0.69 0.69
1.46 -1.46
-0.44 0.44
0.40 -0.40
-0.37 0.37
-0.31 0.31
1.36 -1.36
2.00 -2.00
0.97 -0.97
1.72 -1.72
1.42 -1.42
-1.36 1.36
0.10 -0.10
0.22 -0.22
0.03 -0.03
-0.53 0.53
1.66 -1.66
-1.20 1.20
1.47 -1.47
0.77 -0.77
-0.58 0.58
0.21 -0.21
0.62 -0.62
1.18 -1.18
-1.78 1.78
-0.44 0.44
0.71 -0.71
