0.35 0.61
-0.67 0.81
-0.73 0.30
-1.61 -0.54
1.04 2.80
-0.46 -1.28
-0.39 0.15
-0.32 -0.47
-0.45 -0.12
-0.32 1.01
-0.34 0.06
0.38 0.72
1.47 0.07
-0.06 -0.26
0.70 0.54
-1.16 0.57
-2.32 -0.96
0.36 0.69
-0.16 -0.87
2.03 0.97
0.40 0.57
0.21 -1.46
-1.13 -2.11
1.57 0.97
-0.60 -0.41
0.24 0.17
1.29 -0.20
-1.38 0.32
-0.13 -2.14
2.19 0.22
0.32 -0.79
-1.13 -0.36
-1.60 -0.33
-0.58 -1.55
-1.94 -1.46
0.37 0.59
-0.30 -0.74
0.74 -0.24
0.57 -2.31
-1.10 -0.74
0.64 -0.60
-0.53 -0.13
-0.15 -1.09
0.59 -0.78
-0.38 0.28
-0.22 0.44
-1.63 -2.38
0.27 0.32
1.26 0.41
0.46 1.37
0.29 0.84
0.39 3.16
0.23 -2.33
-3.11 -0.90
1.12 1.34
0.62 0.45
0.30 -0.97
1.36 0.70
0.63 0.75
-0.32 -0.05
-0.33 0.69
-0.17 0.38
0.93 0.80
1.14 0.81
-0.49 0.87
0.26 -0.18
0.81 0.08
0.81 1.16
1.90 -0.35
-2.04 0.59
-0.42 -1.21
1.61 0.57
0.91 1.10
-0.12 1.17
0.05 -1.10
-1.46 -0.79
-0.10 0.26
0.29 -0.30
0.73 0.37
0.10 0.08
0.21 0.26
0.25 -1.06
0.62 1.17
-0.84 0.10
1.09 0.11
-0.70 -1.06
1.41 0.91
0.13 -0.28
-0.24 0.79
-2.18 -1.08
