-2.50 -2.50
-0.35 -0.35
0.11 0.11
-1.41 -1.41
0.95 0.95
-0.08 -0.08
-0.53 -0.53
0.88 0.88
0.24 0.24
1.01 1.01
2.74 2.74
-0.33 -0.33
0.59 0.59
-0.61 -0.61
-1.10 -1.10
-0.42 -0.42
0.84 0.84
1.83 1.83
1.39 1.39
0.06 0.06
-0.05 -0.05
-0.67 -0.67
-0.25 -0.25
0.23 0.23
0.65 0.65
1.65 1.65
0.01 0.01
1.80 1.80
1.65 1.65
0.43 0.43
1.27 1.27
-1.13 -1.13
-0.14 -0.14
-1.31 -1.31
-0.72 -0.72
-1.34 -1.34
0.50 0.50
-0.74 -0.74
-0.06 -0.06
0.44 0.44
-0.83 -0.83
1.07 1.07
-0.77 -0.77
1.41 1.41
-0.32 -0.32
0.89 0.89
0.40 0.40
-1.21 -1.21
0.50 0.50
-0.88 -0.88
0.29 0.29
0.80 0.80
-0.72 -0.72
0.11 0.11
0.50 0.50
0.10 0.10
2.03 2.03
-0.46 -0.46
1.33 1.33
-0.12 -0.12
-1.62 -1.62
0.44 0.44
0.09 0.09
-1.24 -1.24
0.09 0.09
0.59 0.59
1.83 1.83
1.41 1.41
-0.13 -0.13
0.49 0.49
-0.97 -0.97
-0.68 -0.68
-1.27 -1.27
-0.65 -0.65
0.24 0.24
-0.21 -0.21
1.54 1.54
-0.98 -0.98
-0.11 -0.11
0.33 0.33
-1.78 -1.78
0.89 0.89
-0.30 -0.30
-0.24 -0.24
1.43 1.43
-0.62 -0.62
0.13 0.13
1.53 1.53
0.48 0.48
-1.76 -1.76
-0.27 -0.27
-0.13 -0.13
0.23 0.23
-0.88 -0.88
1.62 1.62
-1.50 -1.50
0.18 0.18
-2.03 -2.03
0.60 0.60
0.06 0.06
