-0.03 0.97
0.06 1.88
1.69 0.04
2.47 0.82
0.34 -0.15
0.92 0.81
0.34 -0.17
0.58 -0.08
-1.66 -1.48
-1.25 -0.02
-0.70 0.69
0.89 -2.02
0.19 0.71
0.47 -0.23
-0.20 0.19
-0.26 0.82
0.04 1.61
-0.27 0.70
0.58 0.00
-0.90 -0.32
0.05 -0.92
-0.53 -0.59
-0.36 0.67
1.20 0.67
1.63 -0.11
-1.03 -1.03
0.40 0.13
1.58 -0.46
-0.77 1.13
-0.28 -0.47
1.03 -0.04
1.68 1.00
-0.00 1.22
-0.55 0.70
-0.61 0.24
0.40 -0.29
0.13 2.60
-1.49 -0.32
-1.29 -1.82
1.23 -0.45
0.32 -2.45
-0.68 -1.47
-0.36 -0.62
1.27 1.29
2.60 -0.34
-0.27 -0.75
-1.24 -1.81
-1.67 0.10
-0.19 0.66
-0.60 0.09
