1.05 0.18
-0.40 -0.38
-0.68 -0.70
0.28 -0.14
-0.86 -1.03
1.99 1.91
0.53 0.60
-0.69 -0.89
-0.67 -1.61
-0.38 1.16
-0.93 -0.41
0.23 0.45
0.39 0.19
-1.06 -1.45
-1.60 -0.73
-0.50 -0.12
-0.56 -0.73
-0.48 0.25
0.89 0.86
0.52 0.58
-0.37 -0.31
-1.38 -0.51
-0.88 -0.11
-0.69 -1.66
-1.35 -1.47
0.72 0.16
1.78 0.75
-1.60 -1.16
0.54 -0.11
1.05 2.47
-0.34 -0.15
-1.48 -1.91
2.09 1.71
1.93 1.67
-0.00 -0.17
1.58 0.89
-0.95 -1.51
-0.25 -0.58
-0.60 -0.19
-0.75 -0.62
-0.54 0.17
0.67 -0.22
-1.17 -0.44
0.22 0.23
0.06 -0.52
-0.02 0.04
0.68 0.43
1.78 1.29
0.39 -0.56
-0.64 -0.06
0.07 -0.64
-0.37 0.41
1.80 1.03
1.00 0.29
-1.48 -1.49
0.32 0.15
1.42 1.85
0.66 0.91
1.97 2.08
-0.51 -0.36
-1.57 -0.93
-0.59 -1.94
-0.03 0.92
0.88 0.75
-0.30 0.65
-1.77 -1.85
0.81 -0.20
0.77 1.23
0.73 1.29
0.03 0.81
-0.28 -0.18
-1.63 -1.20
0.87 1.60
-1.25 -0.86
-0.41 1.13
0.17 -0.26
0.05 -0.20
-0.37 0.33
-1.37 -0.94
0.74 1.80
-0.52 -1.08
-2.33 -2.47
-0.37 -1.14
-0.96 -1.35
0.87 0.87
1.27 0.67
-0.59 -1.04
0.96 0.83
0.58 0.65
1.00 1.09
1.17 -0.03
-0.33 0.35
1.66 0.66
0.53 1.21
0.15 -0.66
-0.61 -0.71
1.77 0.79
-1.35 -0.17
-0.23 0.13
-0.57 -0.30
