-0.21 0.19
-0.12 0.62
0.74 0.12
-0.35 -0.99
0.43 0.40
0.66 0.48
-1.95 -2.38
-1.48 -1.46
0.66 -0.08
-0.31 0.35
1.44 2.04
-1.62 -1.81
0.06 -0.14
-1.34 -0.53
0.43 0.13
0.16 0.15
0.37 0.41
-0.76 -1.33
0.11 0.51
-0.75 -0.36
-0.37 -0.30
1.31 0.97
-0.86 -0.56
1.10 0.84
0.90 0.70
-0.52 0.68
-0.10 0.48
0.71 0.03
0.24 0.46
1.47 1.48
-1.04 -0.43
1.59 1.50
0.30 0.32
-1.11 -0.56
1.24 1.49
1.42 0.68
-0.44 -0.35
0.89 0.77
-1.23 -0.98
0.54 0.64
-0.37 -0.21
0.44 0.41
1.62 1.72
-0.27 -0.19
1.09 0.62
-0.23 -0.04
-0.90 -1.98
-1.09 -0.02
-1.16 -1.53
-0.19 -0.22
1.01 0.63
-0.60 -0.31
0.71 0.44
-0.01 -0.13
-0.20 -0.48
0.29 0.38
0.29 0.62
-1.82 -1.01
-0.56 -0.87
-1.72 -1.99
-1.15 -1.46
-2.01 -1.57
0.13 -1.01
0.67 0.72
0.41 0.72
-0.66 -0.87
0.50 0.93
-2.11 -1.29
0.77 0.22
-0.18 -0.03
0.60 0.38
0.88 1.33
-1.15 -0.96
-0.00 -0.06
-0.14 0.04
0.48 0.31
-2.77 -2.96
0.26 -0.53
0.48 0.88
-0.56 -0.41
0.19 -0.39
-1.04 -1.76
0.53 0.33
0.39 0.28
0.68 0.35
0.37 0.00
-0.23 0.06
3.10 2.90
0.81 0.97
-1.96 -2.04
