-0.87 -0.16
0.61 0.47
3.11 0.45
-1.29 -0.21
-0.41 0.50
-0.15 0.29
-0.88 -0.16
-0.43 -0.64
0.90 1.14
0.70 1.99
-2.21 -0.69
0.83 -0.37
0.44 1.60
0.58 0.85
1.56 -0.48
-0.21 0.74
1.16 0.83
0.49 -1.46
-0.18 -0.75
1.10 -2.26
0.55 -0.45
0.16 -0.48
0.00 1.22
0.26 -0.98
-1.46 -2.44
-0.43 -0.17
-0.35 -0.21
0.42 -1.03
-1.58 -0.52
0.77 1.00
0.66 -0.41
-0.45 -0.50
1.10 0.63
1.45 -0.93
0.49 -0.69
-0.32 -0.66
-0.27 0.19
-2.33 0.97
-0.13 -1.47
0.90 1.83
-1.10 -0.21
0.30 1.63
1.20 0.38
-0.20 -0.15
0.88 0.11
-0.50 -0.03
0.12 0.60
-1.47 0.92
0.05 0.64
0.52 0.07
0.78 0.36
0.33 -1.10
-1.07 -0.12
0.31 0.42
-0.44 0.50
-1.19 0.06
-0.67 -3.12
0.01 -2.25
0.27 -0.40
-0.77 -0.36
1.08 1.94
0.54 -0.67
-1.29 0.78
0.71 -0.81
1.45 -0.36
0.60 -1.54
-0.77 -0.27
1.13 -0.66
-0.48 -0.01
-1.12 -1.90
1.53 1.01
-0.38 -0.62
-0.97 0.56
1.90 -1.56
0.17 0.52
1.65 0.61
-0.90 1.41
1.48 0.97
-0.69 1.17
0.16 -0.21
-0.49 0.22
1.48 0.24
0.25 -0.59
-0.36 1.16
-1.93 0.28
-1.47 -0.60
0.51 0.50
-0.40 0.23
0.78 2.14
-1.98 0.57
