-0.42 -0.56
-0.09 -0.37
-0.29 2.28
0.08 -0.83
-0.53 0.17
0.29 0.08
0.26 0.68
0.04 0.15
0.76 0.37
0.30 -0.28
-0.41 0.07
-0.54 -1.67
-1.04 -1.85
2.01 0.87
0.22 0.23
-0.90 -0.90
-0.09 0.21
-0.72 -0.05
1.56 1.56
-1.82 -1.91
0.87 0.21
-1.26 0.44
2.41 1.59
1.51 0.77
-0.11 1.18
1.96 1.58
-0.71 -2.37
0.10 0.84
-1.29 0.24
-0.30 0.97
-0.59 -0.86
0.40 -0.07
-0.72 -1.47
-1.98 0.43
0.76 2.85
-0.81 -0.05
-1.55 -0.78
1.50 0.36
-0.34 0.21
0.40 0.21
-0.61 -0.94
0.99 -0.12
0.44 -0.19
0.35 0.70
-0.71 -0.43
2.36 -0.18
0.07 0.96
-0.11 -0.36
0.29 -0.05
0.71 0.02
