1.35 -1.30
0.11 -0.16
-1.12 1.31
-0.28 0.22
1.90 -0.91
-1.20 0.89
1.23 -0.81
2.06 -1.73
1.31 -1.18
-0.48 0.59
-0.83 1.28
1.01 -0.83
0.44 -0.72
-0.53 0.10
1.62 -2.36
0.35 -1.45
0.70 -0.88
0.09 -0.54
-0.70 0.82
-1.73 1.93
-0.84 0.43
-0.88 0.58
0.95 -0.29
0.90 -0.60
0.50 -0.22
-0.65 0.26
-0.39 0.43
0.75 -0.66
-0.60 0.96
1.11 -1.04
-0.56 0.78
-0.08 0.53
-1.66 1.03
1.72 -1.15
0.22 -0.19
0.59 -0.53
0.10 -0.72
2.30 -2.05
0.70 0.19
-0.04 -0.19
-1.08 0.59
-1.72 2.13
0.17 -0.36
-0.62 0.30
-0.64 0.34
-1.20 0.43
1.93 -1.92
0.51 -0.74
0.12 -0.81
-0.49 0.84
0.44 0.49
-0.57 0.67
-0.60 0.89
-0.07 0.27
-0.01 0.16
-0.15 0.32
-0.92 0.63
-1.88 1.34
0.79 -1.40
0.62 -0.53
-0.36 0.64
-0.85 0.86
-0.93 0.29
0.52 -1.09
-0.64 0.80
-0.08 0.14
-1.12 1.90
-0.87 -0.09
1.69 -1.40
1.16 -1.28
0.70 -0.73
0.74 -1.90
-1.42 0.92
-1.41 1.72
-1.67 1.29
-0.60 0.81
0.78 -0.96
0.13 0.23
2.59 -2.21
-0.87 0.51
-0.66 -0.07
-1.36 1.44
0.40 -0.81
-0.05 0.01
-0.09 0.70
1.01 -1.60
0.18 -0.20
0.04 0.48
-0.45 0.95
-1.11 0.88
