-0.39 -0.58
-0.01 -2.10
0.07 0.71
0.15 1.27
2.65 1.89
-0.09 -0.92
0.99 0.19
-1.15 -2.03
-2.24 -0.81
-1.07 -1.08
-0.50 -0.25
-0.21 0.54
0.82 -0.43
0.52 0.96
-0.72 -1.58
0.49 -0.67
-0.71 0.34
-0.17 -0.35
1.40 -0.61
-0.51 0.21
0.44 1.25
-1.24 -0.27
-0.96 -0.44
-0.68 -0.53
-1.27 -1.25
-0.18 0.80
-2.23 -0.96
-1.86 -1.23
0.48 0.99
1.14 0.46
1.24 -0.42
0.80 -0.62
0.20 -0.16
-0.62 -0.43
-0.65 -1.24
-0.35 -2.00
-0.88 0.42
0.99 1.73
0.12 0.30
-0.39 -0.25
0.68 0.36
-0.50 -1.16
-0.72 -0.59
-0.01 0.57
-1.80 -1.27
-1.47 -0.31
-0.22 -1.88
-1.22 0.65
-1.09 0.48
-0.56 -1.44
-1.66 0.12
0.18 -0.15
-0.95 0.64
1.28 1.20
-1.39 -1.75
0.91 1.01
-1.04 0.16
-1.01 -1.75
0.17 1.07
0.09 0.22
0.70 0.82
-0.16 -0.86
0.76 -0.68
0.02 -1.23
-0.25 1.57
0.61 1.29
0.18 -0.70
-0.88 -0.05
-0.89 0.23
-1.27 -1.95
-3.77 -1.72
-0.79 -1.18
-0.86 0.58
-0.28 -1.64
1.42 0.38
-0.49 0.65
-0.57 -0.47
-0.82 -0.47
-0.40 -1.03
0.06 -0.44
0.03 -0.92
-0.81 -0.37
0.06 0.86
0.09 -0.96
3.03 1.41
1.04 1.22
-0.43 -1.71
-0.22 0.25
0.26 1.39
-0.14 -1.32
