0.19 -0.43
2.24 1.49
1.11 1.29
0.52 0.50
0.55 0.88
0.92 0.62
0.66 1.18
1.46 2.00
-0.61 -0.07
-0.91 -0.73
0.79 0.62
1.67 0.96
-0.35 0.23
-0.46 -0.00
-0.59 -0.38
0.15 0.32
-0.58 -0.56
0.91 1.01
-0.35 -0.24
-0.28 -0.07
1.09 1.17
0.33 -0.07
-0.51 -1.38
-0.87 -0.94
-0.78 -0.67
0.52 0.28
-0.61 -0.42
0.32 0.46
0.64 0.53
0.89 0.89
-0.19 -1.06
-1.02 -1.07
1.07 1.20
1.07 1.62
0.11 0.26
-1.52 -1.28
-1.45 -1.81
0.16 -0.19
-0.07 0.65
0.32 0.45
-0.50 -0.73
2.92 2.53
-0.81 -1.61
-0.51 -0.97
-0.93 -0.81
0.53 -0.41
0.37 0.44
-1.50 -0.78
-1.38 -1.21
-0.91 -0.31
1.44 0.93
-0.19 -0.20
0.19 -0.58
-1.47 -1.98
-0.74 -0.60
0.36 0.98
0.21 0.81
-0.60 -0.45
0.74 1.15
0.79 1.57
-0.00 -0.49
0.05 -0.65
0.74 1.33
2.97 2.06
1.39 1.30
0.38 0.20
1.06 1.36
1.13 0.75
-0.60 -1.25
0.69 0.39
-0.76 -1.20
0.07 0.79
0.11 -0.16
1.40 1.36
-1.01 -1.27
0.51 0.36
-0.10 0.43
-0.36 -0.16
-0.79 -0.74
-1.62 -1.04
3.22 2.73
-0.73 -0.44
0.03 -0.18
-1.05 -0.90
0.42 -0.55
1.13 0.96
-2.02 -2.63
-0.11 -0.38
1.54 1.13
-0.28 -0.27
-0.26 -0.67
-0.25 0.40
0.47 0.02
0.01 0.38
-1.35 -0.87
1.73 1.70
-0.51 -0.32
0.39 -0.41
-0.20 0.08
1.39 0.76
