-0.43 0.14
-1.00 -0.56
-0.97 0.43
1.37 -1.11
-1.00 -1.92
-0.75 -0.53
0.78 0.13
-0.51 -0.71
0.07 -0.59
2.03 0.20
0.19 -1.07
-0.84 1.00
1.06 -0.04
-0.48 0.32
-0.36 1.82
0.51 0.77
0.19 0.31
2.22 0.58
-1.40 -3.70
-0.50 0.07
-0.87 -0.19
1.67 1.22
0.25 0.55
0.75 1.22
-0.21 0.99
-1.69 -1.36
-1.01 0.16
-0.89 -0.54
0.18 0.51
0.67 -0.68
1.62 0.18
-0.35 -1.37
-0.04 0.84
1.05 -1.32
-0.60 0.30
-1.46 -0.07
0.26 0.68
-0.36 0.81
-0.03 0.70
-0.46 0.76
-1.15 0.23
-0.41 -1.32
-0.34 1.26
-0.14 -0.35
-1.46 -0.28
0.23 1.29
2.21 0.51
1.83 1.17
-1.12 -0.92
-0.64 1.27
