-0.45 0.34
0.76 -0.31
-0.82 0.96
-2.13 -1.58
0.15 0.50
1.12 0.90
-2.18 -2.12
0.88 -1.16
-1.21 0.42
-0.72 -2.37
-0.80 -0.82
-0.18 0.34
0.61 -0.22
-0.55 -0.42
-0.38 -0.58
-1.63 -1.87
0.00 0.24
-1.58 -1.29
-1.10 -0.29
0.37 1.30
0.40 0.97
-0.05 0.56
0.40 -0.15
0.48 -1.07
1.52 -0.50
0.32 -0.10
-0.78 1.11
-0.22 -0.97
0.21 -0.33
1.29 1.16
-1.24 -1.50
-1.30 0.65
1.00 -0.18
0.26 -1.40
0.75 1.75
1.50 1.09
0.84 -0.20
-0.13 0.88
0.45 -0.27
0.49 1.32
1.53 0.57
0.77 1.50
2.08 1.48
1.04 -0.10
-0.95 -0.01
-2.07 -0.74
-0.22 -0.77
-0.10 -0.73
-0.28 -0.28
-0.01 1.06
