-0.70 0.74
-0.67 0.87
0.69 0.28
-1.40 1.26
0.87 -0.14
-0.31 0.51
-0.67 0.43
-0.15 0.70
-0.13 -0.23
0.58 -0.77
1.21 -1.16
-0.33 0.68
-1.04 0.30
-2.41 2.03
-0.30 0.21
0.22 0.83
0.60 0.28
-0.32 0.40
0.59 -0.60
0.68 -0.00
0.07 -0.54
0.07 0.51
-0.45 0.60
0.72 -0.66
-0.85 1.17
0.34 -1.21
0.87 -0.82
-0.44 0.61
0.01 0.52
-1.25 1.39
-0.91 1.02
0.59 -0.68
-1.05 1.29
-0.35 -0.55
0.38 -1.06
-1.42 1.70
-1.16 0.76
1.92 -1.35
0.79 -0.37
-0.66 0.49
0.58 -0.66
0.56 -0.73
-1.51 1.07
-0.20 -1.16
0.61 0.15
0.08 -0.41
-0.48 0.30
2.00 -1.56
1.61 -1.82
0.15 -0.52
-2.94 2.25
0.85 -0.69
-1.38 1.24
0.10 0.71
0.28 -0.17
-2.38 2.72
1.22 -1.31
-1.32 0.70
0.69 -0.48
-0.01 -0.04
0.71 -1.43
0.14 -0.34
-0.06 0.00
-0.52 0.44
-2.03 1.49
-0.14 0.22
0.37 -0.25
0.77 -1.03
1.69 -1.69
-2.58 2.46
-0.77 -0.09
-0.58 1.38
-1.10 1.07
0.74 -0.79
-0.83 1.51
1.50 -0.76
0.02 0.04
0.19 -0.24
-0.13 0.45
0.40 -0.79
0.17 -0.70
-0.19 0.03
0.14 -0.13
0.71 -0.28
1.75 -1.68
1.47 -1.07
-0.04 0.36
0.63 -1.33
-0.04 -0.41
0.32 0.08
1.25 -1.09
1.78 -1.69
0.35 -0.29
-0.41 0.26
-1.17 0.85
1.99 -2.48
-0.37 0.61
0.65 -0.70
0.96 -1.52
-0.49 0.47
