0.13 -0.40
1.03 0.17
3.44 -2.20
0.57 0.78
-0.03 0.65
-0.48 2.21
-1.40 0.53
-0.70 1.74
-1.53 -0.07
1.20 0.03
-1.11 0.82
-1.43 2.10
-1.79 1.23
0.62 0.24
-2.15 0.87
0.53 -0.98
0.07 -0.33
0.91 -0.64
0.44 0.11
0.11 -0.23
0.31 -1.30
-1.73 0.02
-0.57 -0.23
0.48 -0.42
0.66 0.29
0.02 0.57
0.46 -0.77
0.63 0.38
-0.94 0.05
0.63 -1.11
1.84 -0.90
-1.14 1.36
0.52 -0.32
1.20 -1.57
-0.58 1.45
-1.11 1.82
0.95 0.80
-0.87 0.40
-1.12 -0.90
0.31 -0.51
0.77 -1.86
0.04 0.67
-0.28 0.81
-0.93 -0.78
1.16 -0.58
-0.34 -0.80
1.19 0.41
1.58 -0.64
0.69 -0.17
-0.33 1.22
0.66 -1.43
0.79 -1.42
-1.55 1.05
-0.38 -0.48
-0.73 0.10
1.05 -1.40
1.01 -2.03
0.17 0.52
1.37 1.33
-1.04 1.53
-1.01 1.01
0.13 0.81
-0.63 -0.94
0.07 -1.10
-1.40 0.72
-1.93 0.60
0.09 0.46
-0.34 0.12
0.12 0.62
-0.14 0.30
0.06 -1.32
-0.20 0.88
-0.54 1.63
-0.09 1.92
0.13 -0.12
0.55 -1.90
-0.71 1.05
-0.41 1.17
0.82 -0.73
-2.25 0.66
0.51 0.56
0.32 0.73
0.63 -0.43
-1.69 0.01
-1.22 0.32
0.62 -1.35
-2.69 1.49
0.18 -1.34
-0.77 1.06
1.20 -1.36
-0.01 -1.15
0.31 -0.45
-0.27 -0.50
-1.50 -0.86
1.02 -0.23
-0.75 -1.21
-0.18 -0.60
-0.43 0.20
1.02 -0.29
-0.06 0.35
