0.01 -1.22
-1.41 -0.34
-0.25 -0.56
-1.38 0.18
-0.46 -0.78
-0.83 -1.26
0.20 -0.19
-0.51 0.34
1.46 0.09
-1.21 1.39
0.31 -0.73
-2.35 0.72
0.83 -1.06
-0.51 0.90
1.49 0.71
-0.29 1.21
0.13 -0.83
0.28 1.16
-0.48 -0.72
0.89 -1.42
1.35 -2.15
-0.10 -0.60
1.53 -0.17
-0.35 -0.91
-0.14 -0.09
-1.60 1.23
-1.11 0.73
0.18 0.18
-0.89 -0.91
0.59 -1.04
0.40 1.50
1.02 0.04
-0.31 -1.42
1.77 -1.06
0.68 0.09
-0.59 -1.18
-0.42 1.11
1.88 -3.17
-0.32 -0.44
-0.68 0.03
0.88 1.84
-0.28 0.33
1.02 -0.94
-1.09 0.41
-0.82 -0.61
-0.27 0.35
0.48 1.30
-0.82 0.72
-1.59 0.34
-0.87 0.38
-1.26 1.34
0.13 0.21
-0.07 0.14
0.36 -0.18
0.60 -0.67
-0.81 -1.24
1.61 0.26
1.61 -0.80
3.15 0.28
-0.40 -0.01
0.50 0.43
0.15 -0.31
-0.84 0.46
0.35 0.34
-0.62 1.49
-0.35 -0.68
0.53 1.57
1.69 0.72
1.60 -0.66
0.75 -1.97
-0.04 -0.52
0.27 1.55
-0.50 0.07
0.34 0.65
-0.25 0.63
-0.52 1.33
-0.72 -0.56
2.17 -2.43
1.11 1.30
-0.92 -0.72
-1.09 -1.18
-1.56 -0.59
-0.43 -1.71
0.69 1.91
-0.88 0.90
-0.98 -0.30
0.33 0.08
0.45 -0.00
1.91 -0.41
-0.73 0.75
