-1.82 0.50
-0.60 -0.95
0.39 -0.63
0.74 -0.61
0.06 -0.53
-1.10 -0.89
-0.22 -0.09
-2.69 -1.51
-1.03 0.35
-1.13 -0.65
-0.38 -0.70
-0.89 0.15
0.02 0.51
0.77 -0.66
0.07 -0.09
1.73 -0.19
-1.03 -0.45
-1.48 -1.52
2.19 2.50
-0.56 0.50
-1.36 0.08
2.43 1.38
-0.24 0.75
0.54 -0.56
-1.19 -1.88
-0.13 -0.18
0.35 0.55
-0.86 -1.13
0.85 3.07
-1.14 -0.15
-0.63 0.52
1.30 -0.85
-0.48 1.04
-0.50 0.45
-0.70 -0.45
1.75 1.07
-0.50 -0.33
-0.16 0.16
0.73 -0.48
-0.25 -0.25
1.13 -0.46
1.42 -0.04
0.54 -0.72
0.26 0.45
-0.33 0.15
0.01 -0.83
-0.55 1.55
0.35 0.95
1.38 -0.82
1.19 0.47
1.02 -0.50
-1.12 -0.49
-0.90 -1.09
0.15 1.61
-1.39 -1.30
0.16 -1.90
1.52 -0.64
-2.04 -0.02
-0.01 -0.99
-1.67 -0.97
1.01 -1.11
0.18 -0.68
2.32 0.30
0.17 1.52
0.30 -1.34
0.15 -0.32
0.80 0.02
-0.10 0.58
0.85 -0.68
0.31 0.58
-0.00 1.95
0.95 1.31
-0.34 -1.54
-1.48 -0.87
0.90 0.35
0.20 0.45
-0.67 -0.83
-0.44 1.22
-0.27 -0.19
-0.60 0.44
0.95 -0.19
-1.09 -0.32
-0.40 -1.47
0.23 -2.01
1.27 1.34
1.53 0.73
-0.35 -0.43
-0.25 2.73
0.50 0.37
-0.89 -0.42
