1.38 0.36
0.42 0.39
-0.10 -1.85
1.51 0.83
1.98 0.82
0.81 1.15
0.25 0.40
-1.31 -2.14
0.82 -0.02
1.45 -0.26
1.15 1.28
-0.93 -1.12
0.66 -0.77
-0.16 -1.89
0.11 0.56
-0.62 -0.93
-1.43 0.91
0.89 -0.07
0.31 1.64
0.63 0.43
0.25 0.71
-0.93 -0.32
-0.89 -1.61
-0.64 -1.02
0.16 -0.77
-1.38 -0.60
0.62 1.85
-1.38 -1.03
-0.27 -0.68
1.73 0.51
-1.03 -1.51
0.52 0.53
2.14 0.27
-1.51 -0.69
0.57 1.65
-0.42 1.00
-1.77 -0.33
0.65 1.50
0.44 -0.49
-0.02 0.25
-1.20 -0.25
-0.38 0.93
0.30 -0.62
0.34 0.78
-0.36 0.58
-0.63 0.39
0.10 -0.48
1.60 -1.90
-1.68 -0.91
-0.81 -0.16
