-0.70 0.02
0.14 0.06
-1.26 -0.47
0.43 0.99
-1.59 0.91
0.07 -0.09
-0.51 1.65
1.16 1.56
-0.20 -0.03
-0.91 -0.30
-1.07 0.65
-0.29 1.03
-0.71 0.76
0.18 -0.95
0.43 -0.37
0.39 0.38
-2.51 1.79
0.23 -0.36
0.39 -1.36
-1.45 0.76
-1.18 1.12
-2.12 1.18
-0.42 -1.01
1.08 0.53
1.01 0.11
0.26 -0.41
-0.47 -1.18
0.77 0.68
-0.23 0.43
0.56 -0.02
0.01 -0.08
-2.16 0.78
0.24 0.26
1.08 -0.51
0.52 -1.52
-1.47 1.69
-1.08 -0.41
-0.64 1.00
-0.67 0.80
0.47 -0.43
0.62 -1.17
1.16 -0.14
0.68 -0.86
-0.11 0.37
-2.08 1.65
-1.42 0.61
0.37 1.05
1.47 0.26
0.46 -1.75
1.75 -1.59
0.83 -0.89
1.14 -1.18
-0.92 0.35
-0.05 1.94
0.06 -0.39
-0.65 -0.70
-1.83 1.84
1.56 -1.32
0.96 0.55
0.46 -0.44
0.80 -1.16
-0.12 0.20
-0.44 -0.21
-0.73 0.69
0.98 -0.06
0.20 -0.55
0.23 1.14
-0.43 0.24
0.75 2.38
-0.42 0.49
2.20 -0.90
0.25 0.48
0.10 -2.27
-0.76 2.19
-0.58 -1.60
0.90 -1.20
-1.68 2.27
-0.51 -0.38
1.56 -0.86
0.64 -0.06
-1.71 1.23
1.15 -1.07
0.10 0.20
0.28 0.44
-2.02 1.32
1.33 -0.67
0.17 0.58
0.39 0.23
-0.16 0.41
1.25 0.68
