0.74 -0.44
-0.58 0.09
-0.12 0.30
0.07 0.02
-0.16 -0.79
0.80 0.30
-0.51 -0.54
1.08 2.18
1.04 1.90
2.52 1.62
-1.14 -2.01
-0.89 0.32
-0.24 -0.57
-0.54 0.30
-0.18 0.03
-0.29 -0.20
-0.53 0.92
-1.14 -1.03
-1.06 -0.92
-1.94 -1.41
-0.18 -0.72
0.14 -0.31
-0.55 0.45
1.32 1.95
-1.09 1.46
0.18 0.09
-0.66 1.00
-1.03 -0.95
-0.45 0.40
-0.29 -1.80
-0.30 -0.01
-1.99 -0.12
1.38 0.26
-2.04 -0.76
1.88 1.39
-0.06 0.81
-2.44 0.18
-0.09 1.65
0.73 0.86
0.72 1.24
0.39 -0.07
-0.51 1.69
0.55 -0.47
0.12 -1.23
-0.23 0.27
0.59 0.87
-0.52 -0.87
-0.35 -0.74
1.27 -0.18
-1.73 -1.33
