-1.28 0.90
1.99 -0.72
1.48 -1.30
0.23 0.08
-0.55 -0.50
-0.42 1.08
-0.17 0.41
0.44 0.22
0.80 -0.30
-0.37 0.62
-0.92 0.42
1.68 -0.76
0.64 -0.88
2.00 -1.07
-1.18 -0.99
-0.67 -0.11
0.38 0.20
1.52 1.07
0.77 0.12
-0.18 0.12
-0.15 -0.74
-1.21 -0.60
-0.07 0.90
-0.82 1.89
-0.79 0.37
0.78 -1.05
-0.69 1.26
0.01 0.79
-2.15 0.63
-0.69 0.88
1.30 -2.69
0.44 -0.51
0.43 -1.87
1.24 -0.67
0.74 -0.25
-0.47 1.16
-0.90 0.62
0.50 -0.97
0.12 -0.00
-0.82 1.32
-0.74 -0.32
-0.44 1.06
-0.69 1.21
-0.93 -0.22
2.06 0.67
-1.14 1.04
0.14 -1.38
0.94 -1.49
1.92 1.03
-0.66 1.60
-0.51 -0.87
1.59 -1.36
-0.33 -0.34
0.70 -0.50
0.87 -0.51
1.57 -0.61
-2.96 1.68
-0.41 -1.08
-1.16 1.54
-1.33 -0.73
-0.55 1.40
0.38 2.23
0.83 -1.21
-0.12 1.04
0.18 -0.69
-0.60 -1.16
0.72 -0.75
0.73 0.88
1.85 -0.59
-0.49 -0.11
-1.78 1.39
-0.60 -0.27
1.27 0.74
-0.05 -1.14
-0.29 -0.63
0.22 0.13
1.12 -0.82
1.00 0.85
-1.64 0.41
-0.90 1.54
-1.53 -0.22
-0.21 1.03
-0.20 0.04
1.73 -0.84
-1.18 0.65
0.35 -0.55
0.03 0.72
0.32 1.78
-0.86 -1.18
-1.35 -0.43
0.59 -0.95
1.11 -0.69
0.46 0.39
0.39 -0.49
-0.52 1.33
0.43 -1.84
-0.19 -0.29
1.29 -2.11
0.48 -1.12
0.41 0.18
