1.29 -1.29
0.41 -0.41
-1.80 1.80
-0.91 0.91
0.65 -0.65
-1.52 1.52
0.43 -0.43
1.35 -1.35
-1.19 1.19
-0.61 0.61
0.53 -0.53
0.22 -0.22
-0.85 0.85
-1.49 1.49
-2.06 2.06
-1.00 1.00
-0.36 0.36
0.40 -0.40
-2.04 2.04
-0.17 0.17
1.54 -1.54
0.19 -0.19
-0.00 0.00
2.61 -2.61
0.44 -0.44
2.41 -2.41
1.25 -1.25
-0.90 0.90
-0.40 0.40
0.31 -0.31
-0.16 0.16
2.00 -2.00
-0.19 0.19
0.49 -0.49
-0.56 0.56
-1.64 1.64
0.79 -0.79
-0.55 0.55
-0.63 0.63
0.36 -0.36
-1.54 1.54
1.89 -1.89
0.33 -0.33
-0.15 0.15
0.04 -0.04
0.43 -0.43
-0.27 0.27
-1.93 1.93
-0.61 0.61
0.46 -0.46
0.55 -0.55
-0.83 0.83
0.80 -0.80
-1.84 1.84
0.18 -0.18
1.09 -1.09
-0.26 0.26
1.45 -1.45
0.27 -0.27
-0.23 0.23
-1.19 1.19
0.99 -0.99
0.05 -0.05
-1.11 1.11
-1.12 1.12
-0.66 0.66
0.14 -0.14
-0.93 0.93
0.62 -0.62
-0.48 0.48
-0.98 0.98
-0.61 0.61
-1.13 1.13
0.76 -0.76
-0.98 0.98
-0.67 0.67
-0.70 0.70
0.42 -0.42
-1.23 1.23
-0.90 0.90
-0.21 0.21
-0.87 0.87
-0.75 0.75
0.72 -0.72
-0.66 0.66
-0.70 0.70
-0.05 0.05
-0.60 0.60
-0.23 0.23
-2.08 2.08
