1.94 -1.33
-0.69 0.32
1.16 0.45
1.31 -1.05
0.46 -0.35
-0.43 -0.62
-1.30 -0.74
-0.30 0.80
-1.43 0.29
0.37 -0.21
-0.10 -0.43
-0.34 -0.11
-1.37 1.63
0.33 1.75
-0.02 -0.86
0.08 0.74
0.79 -0.17
1.69 -2.29
-1.73 0.74
-1.58 -0.30
-0.41 0.22
0.23 -0.19
0.54 -2.29
-0.38 0.81
1.83 -0.65
0.32 -0.99
0.28 -1.10
-0.79 0.26
-0.20 0.94
-1.86 0.53
1.53 -2.39
-0.22 0.13
-0.22 -1.05
-0.28 0.60
0.15 0.72
-0.46 -0.92
-0.50 -0.22
1.71 -1.24
-1.57 -0.72
-1.49 1.38
-1.47 0.61
0.46 -0.30
1.01 -1.14
0.59 -0.21
-1.30 -0.88
-0.99 0.85
-1.07 0.80
-0.46 -0.55
1.23 -0.67
-0.23 0.35
0.06 -0.61
0.33 0.23
1.30 -1.94
-1.38 1.45
0.25 0.59
1.43 -1.16
-0.22 -0.47
-0.45 0.97
-0.93 0.32
-0.27 0.92
-1.05 1.41
-1.27 1.53
-0.05 0.66
1.75 -0.61
1.28 0.37
0.26 -1.33
0.22 -0.54
-0.29 1.80
-1.18 0.50
-1.47 1.92
0.07 -1.02
0.09 0.76
-1.46 0.93
0.29 -1.99
0.43 -0.77
-0.78 0.53
1.30 -1.14
-0.04 0.03
-1.22 1.71
-0.78 -0.08
-1.20 0.09
-0.74 0.04
-1.82 0.88
-0.58 0.20
-2.88 1.92
-1.33 -0.58
0.05 0.38
-0.39 1.51
-1.26 1.08
0.67 -0.36
