0.03 0.03
-0.77 -0.77
1.06 1.06
0.80 0.80
0.47 0.47
0.84 0.84
-0.25 -0.25
-0.31 -0.31
0.63 0.63
1.11 1.11
-1.10 -1.10
-1.06 -1.06
0.55 0.55
0.40 0.40
-1.76 -1.76
1.19 1.19
0.06 0.06
0.30 0.30
-0.03 -0.03
-0.54 -0.54
1.52 1.52
-0.11 -0.11
-0.52 -0.52
1.18 1.18
-0.29 -0.29
0.14 0.14
-1.44 -1.44
-0.68 -0.68
-1.22 -1.22
1.94 1.94
-0.26 -0.26
-0.48 -0.48
-2.04 -2.04
0.86 0.86
2.07 2.07
-1.08 -1.08
0.78 0.78
0.11 0.11
-0.83 -0.83
-1.86 -1.86
-1.17 -1.17
0.18 0.18
0.41 0.41
1.50 1.50
-0.64 -0.64
1.06 1.06
-0.62 -0.62
1.01 1.01
0.86 0.86
-0.04 -0.04
0.06 0.06
1.04 1.04
-1.78 -1.78
0.93 0.93
0.73 0.73
0.83 0.83
-0.71 -0.71
-0.31 -0.31
2.60 2.60
0.04 0.04
0.05 0.05
-1.44 -1.44
-0.97 -0.97
-0.63 -0.63
0.16 0.16
-0.33 -0.33
-0.63 -0.63
0.26 0.26
1.41 1.41
0.54 0.54
-0.30 -0.30
1.54 1.54
-0.72 -0.72
0.71 0.71
-0.04 -0.04
-1.45 -1.45
-1.70 -1.70
0.24 0.24
1.80 1.80
-0.24 -0.24
0.03 0.03
-0.77 -0.77
0.77 0.77
-1.04 -1.04
-1.18 -1.18
-0.50 -0.50
1.18 1.18
-1.20 -1.20
0.47 0.47
-1.19 -1.19
1.30 1.30
-0.40 -0.40
1.18 1.18
0.53 0.53
-0.95 -0.95
-1.89 -1.89
0.93 0.93
0.09 0.09
-1.70 -1.70
0.72 0.72
