1.15 -2.12
0.67 -1.06
0.22 0.86
0.15 -0.09
-0.46 -2.06
1.05 -0.61
-0.10 0.17
-1.05 0.26
0.52 -0.60
0.55 -0.05
-1.72 0.19
0.08 0.11
-0.02 -0.29
-0.46 0.54
-0.85 0.64
0.48 -0.74
0.42 -0.99
-1.20 0.63
-0.11 -0.19
-1.12 0.32
0.95 0.71
-0.41 -0.24
-0.79 0.29
1.83 -0.94
0.63 1.95
-1.33 0.54
-0.11 -0.60
1.34 -0.20
1.77 -1.40
-0.46 -0.56
1.78 -1.05
-2.45 0.71
-0.21 0.19
0.64 -0.76
0.11 1.65
-1.51 1.13
0.23 -0.78
0.87 -0.67
-0.26 0.51
1.59 -1.49
0.09 -0.14
-1.12 -0.74
-2.28 -0.33
0.50 -0.37
-1.27 -0.29
-0.22 1.72
0.29 2.16
0.42 -0.78
-0.21 -0.71
-0.79 0.48
1.49 -0.96
0.67 -0.20
1.51 -1.89
-1.27 -0.35
-0.67 -0.12
0.98 0.98
-1.99 -0.55
-0.54 0.70
-0.65 -0.76
-0.73 -0.71
0.48 -0.61
-1.65 -0.03
-0.22 -2.31
-2.81 -0.70
-0.09 0.80
-0.04 1.60
1.23 1.02
-0.62 -0.06
0.97 0.26
0.23 0.94
-1.32 0.43
0.42 0.37
-0.00 0.73
-0.72 1.44
1.22 -0.36
0.21 2.17
0.22 -1.07
-0.27 -0.20
-0.25 -0.83
-0.09 0.39
-0.89 -0.29
1.45 0.32
-0.41 -0.01
-1.65 -0.70
0.63 -1.32
-0.52 -0.56
0.49 -1.69
-1.87 -0.79
-0.68 0.82
-0.91 -1.03
0.07 0.92
1.73 0.19
-0.26 -0.90
-1.55 1.89
-0.70 -0.86
-1.59 -1.56
-0.99 -2.52
0.24 -0.05
0.48 2.72
-0.84 -0.29
