0.66 0.99
-0.83 -1.14
1.18 -0.08
-0.68 0.59
-0.98 0.91
1.25 2.41
0.58 -1.47
0.30 0.91
1.19 1.59
0.42 0.54
0.68 -0.41
-3.52 -1.88
-1.12 -1.03
-0.63 -0.02
0.82 -0.59
-1.90 -2.40
-0.46 0.08
-0.66 0.70
-0.48 0.03
-1.10 0.77
1.43 -0.05
-1.25 -0.00
-0.33 1.28
-1.08 -0.92
-0.73 1.41
0.28 -0.85
-1.79 0.17
-1.23 -0.05
0.64 -0.59
0.22 -0.62
-1.15 0.16
-0.77 -1.50
1.09 1.05
0.82 -0.60
-0.61 -0.30
0.38 1.32
0.22 0.01
0.17 0.23
1.70 1.04
1.47 -0.99
0.53 -0.22
-0.08 1.59
-0.36 -0.68
-0.20 -0.10
-0.14 -1.87
1.95 0.59
0.39 -1.08
0.30 0.61
0.27 -2.85
2.34 0.12
-0.01 0.48
0.14 0.64
-1.27 -0.71
-1.36 1.91
0.84 -0.49
-0.51 0.25
-0.93 1.24
-0.27 -0.32
-0.54 -0.25
0.21 0.60
1.21 -0.46
1.12 0.25
0.37 1.11
0.51 0.10
1.18 -0.62
-0.45 -0.19
-1.81 -1.63
-1.79 -0.03
-0.29 -0.32
1.13 0.24
-1.14 -1.13
0.53 -0.45
-1.01 -0.13
1.26 0.27
-1.32 -0.35
0.32 -1.09
0.07 1.38
0.21 0.42
0.93 0.31
0.28 0.64
0.96 0.79
1.28 1.99
-1.04 0.01
-0.68 0.56
-0.01 0.01
0.46 -1.37
1.06 1.11
1.83 0.18
-0.44 -1.96
1.45 2.40
0.04 -1.83
0.69 0.51
-0.71 -0.63
-1.06 -0.78
-1.10 -0.88
0.29 -0.27
-0.92 0.48
0.67 -0.07
-0.12 -0.11
0.52 1.40
