1.54 0.10
-0.01 -2.16
-1.13 0.50
-0.82 0.21
-1.68 0.66
-0.76 0.55
2.08 -1.07
-1.01 0.28
1.43 -2.99
0.55 0.04
-0.58 0.33
0.08 1.29
0.34 -0.20
-0.28 -0.03
1.21 -1.51
0.37 -0.75
0.32 -0.94
-0.71 1.97
-0.25 -0.91
-0.62 -0.08
0.74 -1.81
1.63 -1.79
0.33 -0.33
-0.22 -0.25
-0.05 0.03
0.07 -0.39
0.22 -1.07
0.38 -0.22
-0.57 -1.00
0.81 -0.20
2.17 -0.02
0.05 -0.35
-0.30 0.92
-0.87 -0.58
1.05 0.88
-1.45 -0.83
-0.31 0.83
1.74 -2.93
2.21 -2.03
0.07 0.12
0.95 1.68
0.45 -0.93
0.09 0.20
-0.35 0.09
-1.25 0.44
-1.67 -0.40
-0.39 -0.06
1.04 -1.27
-0.30 -1.46
-0.07 0.39
-0.29 -1.33
1.00 -0.29
-0.07 0.17
-1.29 -0.45
1.22 -1.13
-2.32 0.40
0.16 -0.61
-0.01 0.54
0.55 0.55
1.04 0.60
-0.22 0.33
0.88 -0.09
-0.02 -0.62
0.81 -0.69
1.45 -1.24
0.67 -0.01
1.68 -2.42
0.91 0.72
-1.59 -0.08
0.11 0.34
-1.95 0.49
0.05 -0.82
-1.65 1.24
-0.62 -0.93
-2.33 3.12
-0.42 0.07
0.77 -1.43
0.67 -0.76
0.28 -0.16
0.31 -0.57
-0.34 0.22
-1.81 -0.06
-0.31 -1.20
0.37 -0.91
0.32 -1.26
-0.51 -0.24
-1.40 0.50
0.07 0.50
1.53 -2.06
0.12 -0.24
