-0.03 0.16
0.38 0.12
-0.63 -0.96
-0.21 -1.02
0.48 -1.35
-1.36 0.19
0.38 -0.79
-1.23 -0.07
0.37 1.75
-0.09 -0.34
0.89 0.04
-0.43 -0.51
1.25 1.38
0.98 0.57
-1.17 2.13
1.69 0.33
1.23 -0.16
-1.81 0.03
1.87 0.36
-0.11 0.45
2.43 0.52
-0.21 -0.68
1.20 -0.94
-0.94 -1.49
0.56 0.58
-0.44 -0.06
-0.23 -0.91
1.19 -1.10
-0.12 -0.18
-1.41 -0.32
0.39 1.57
1.09 1.15
0.39 0.49
0.03 0.69
-0.39 -0.82
-0.53 1.51
1.40 0.07
-0.97 -1.05
0.18 -1.07
0.17 0.62
1.00 -0.96
0.17 0.50
-0.31 0.29
0.28 1.41
-0.51 -0.88
-0.40 0.90
-1.23 -0.49
1.33 1.07
-2.41 -0.18
-0.82 0.84
0.05 1.26
-1.73 0.32
-0.95 -0.54
0.61 -1.56
-1.45 0.67
-0.22 -0.14
-1.28 0.49
0.49 -2.22
-0.28 1.27
-2.56 0.94
0.07 0.37
0.16 -0.06
0.47 0.32
0.46 1.98
1.29 1.12
0.17 1.42
-0.67 0.27
-1.00 -0.12
-0.34 -1.22
-1.41 -0.30
0.40 0.62
-1.00 0.37
0.06 -0.89
-0.01 -1.26
-0.06 1.10
1.49 -0.46
1.42 -0.70
0.94 1.53
0.21 -0.71
0.36 -1.47
-1.06 0.65
1.15 1.50
-0.02 -1.68
-0.48 1.35
-1.25 -0.72
0.58 0.95
-0.51 0.76
0.05 1.21
-1.08 0.69
0.33 1.04
1.71 -1.66
0.56 2.09
1.38 -0.45
2.62 0.68
-0.24 0.41
0.54 -0.38
1.97 0.65
0.40 -2.35
0.85 -1.19
-1.02 1.85
