0.47 0.38
1.40 -0.84
0.16 -0.70
-0.61 -0.37
0.17 0.68
2.71 0.25
-0.42 -0.42
-0.92 -0.34
-1.62 -1.55
-0.19 0.52
0.49 -0.07
-1.07 -0.92
-0.03 -1.66
1.59 0.01
-0.90 -0.62
0.15 2.09
0.09 0.50
1.85 1.24
-0.47 -0.14
-0.63 0.72
-1.98 0.66
-0.71 0.35
0.88 0.44
-0.09 1.09
-1.20 0.36
0.38 1.57
-0.49 1.05
-0.62 -1.50
1.68 1.91
0.09 -0.16
-0.54 0.23
0.23 -0.17
-1.58 -0.74
-0.11 0.35
-0.31 -0.48
-0.02 0.14
0.39 0.06
-0.06 -1.66
-0.09 0.33
-1.64 -1.19
-0.93 -1.34
0.06 2.16
0.83 2.37
0.30 1.93
-1.16 0.61
1.45 0.95
-1.70 0.13
0.32 0.47
1.72 -0.96
0.72 -0.56
