0.39 0.51
0.40 0.51
2.10 -0.64
-1.67 1.62
0.15 0.19
0.20 -0.07
-1.12 -1.18
-0.02 0.28
-0.96 -1.94
1.37 -0.34
-1.52 0.78
-0.65 -0.67
1.03 -0.27
0.29 -1.59
1.11 -0.66
0.86 1.79
-0.06 1.04
0.81 -0.67
0.27 -1.22
-0.45 -0.85
1.38 -0.03
0.13 -0.12
-0.03 2.45
-1.20 0.08
0.61 1.63
-0.19 -1.23
0.00 1.02
0.85 0.67
-1.05 -1.60
-0.78 0.10
-1.36 -0.75
0.71 -0.13
1.51 1.13
0.07 -0.20
-1.01 -0.79
-2.03 -1.45
0.42 -1.93
-2.31 -0.23
-0.26 -0.28
-0.74 -2.49
-0.47 -0.44
2.20 -0.54
0.11 0.38
-0.77 -1.49
0.27 0.70
0.22 -0.91
1.32 -0.84
-0.30 -0.33
0.76 0.99
-0.07 0.35
0.56 -0.22
-0.28 0.17
0.53 0.30
-0.49 -0.34
-0.75 0.74
1.10 0.21
1.35 -1.94
1.64 1.47
0.15 -1.21
1.43 0.81
0.86 1.51
1.48 -0.84
-1.58 1.52
-0.37 -1.01
-1.48 0.30
-0.11 0.09
1.40 -0.32
0.76 0.85
2.01 1.87
1.04 0.21
-0.49 -0.19
0.29 -1.20
1.91 0.48
0.95 -0.60
-0.15 0.85
-0.97 -0.82
0.65 0.32
-0.71 0.08
0.61 0.63
-0.75 0.55
-1.52 -0.08
-0.49 1.04
-0.53 0.95
0.88 -1.59
-0.56 -1.30
0.11 -0.02
2.00 -2.08
0.99 0.59
0.90 0.78
-0.88 -0.37
