-0.13 0.52
-0.30 -0.76
-0.18 -0.44
1.37 -0.17
0.16 -0.98
-1.10 0.51
1.09 -0.96
0.19 0.30
-1.48 0.92
-0.50 0.93
0.30 -0.34
-0.05 0.23
0.16 -0.59
0.94 0.11
-0.18 0.40
-1.47 0.63
0.15 0.72
-0.68 0.85
1.27 -0.49
0.32 -0.59
-1.60 2.15
-0.31 -1.13
-0.30 0.96
0.10 1.86
1.40 0.09
-1.70 3.05
1.01 0.31
1.59 -0.24
2.82 -0.39
-0.35 -2.56
0.73 -0.70
-1.29 0.57
-1.64 0.54
-1.28 -0.86
-0.62 0.96
-2.01 0.69
0.71 -0.46
0.39 0.63
0.94 -0.13
-1.78 0.50
-0.16 -1.13
-1.18 -0.49
-0.36 -0.39
-0.33 1.58
-0.34 -1.87
-0.43 -0.36
-0.58 0.37
-0.35 -0.63
-0.60 -1.52
0.93 1.04
