-0.24 0.17
0.00 -0.22
0.74 0.21
-0.20 -2.50
-0.04 1.09
-0.47 -0.38
0.82 0.39
0.31 1.04
-0.93 -0.22
1.33 1.30
-0.01 -0.56
0.99 -1.27
0.74 -2.29
-0.91 -1.06
0.47 1.27
0.58 0.16
0.38 0.42
-0.93 0.15
-1.44 -0.47
-0.60 0.65
0.20 0.04
-0.19 -0.18
-0.04 -0.41
0.01 -1.55
1.75 2.23
-0.44 1.11
-0.19 -0.16
2.84 2.10
1.75 1.31
-0.88 -0.28
-0.80 -0.76
-2.03 -1.35
1.73 1.50
1.08 1.32
-0.03 -0.17
0.66 -0.40
-0.12 0.28
-2.41 -0.59
0.49 0.66
-0.48 0.63
0.16 0.49
-0.40 0.65
-0.11 -1.30
1.89 0.57
0.91 -0.70
-0.80 -1.16
0.84 0.49
-0.43 -0.92
1.22 -0.15
-1.23 -0.22
