0.85 1.13
0.70 0.58
-1.61 -1.79
0.77 -0.03
-2.25 -1.57
-1.86 -1.80
0.55 0.01
1.51 0.34
0.46 0.96
-0.97 0.43
0.21 -0.11
0.45 -0.06
-0.92 -2.00
-1.19 -0.48
1.39 2.03
0.84 -0.88
-0.96 -1.03
0.87 1.32
2.03 2.22
-0.25 0.31
-0.99 -1.16
0.06 -0.25
0.50 0.37
-0.51 -1.39
-1.19 -0.45
0.49 -0.23
-0.67 -0.31
1.05 0.35
-1.34 -0.35
-0.76 -0.96
0.47 -0.40
1.21 1.08
0.35 0.26
-0.31 -0.08
1.87 2.21
-0.89 -0.88
-0.29 0.33
-0.56 -0.59
-1.06 -0.45
1.15 1.04
-1.10 -0.87
-1.10 0.01
1.71 0.15
0.24 0.04
-1.05 -0.52
-0.43 1.33
-0.83 -0.15
0.51 -0.16
-0.57 -0.11
-1.04 -0.17
-0.28 0.48
-0.97 -0.05
1.11 0.41
2.14 1.14
1.66 1.93
-0.56 -1.05
0.81 -0.42
0.28 0.54
1.45 2.34
0.96 0.97
-0.44 -1.02
1.07 1.68
0.19 -0.03
0.39 0.02
0.81 0.62
-1.04 -0.92
-0.50 0.15
-0.71 -0.20
-0.70 -0.14
-0.61 -2.35
-2.74 -1.61
0.75 -0.71
0.23 -0.28
-0.45 0.53
0.63 -0.36
0.53 -1.74
-0.26 -0.17
1.31 1.87
0.44 1.30
-0.24 -1.02
-1.19 -0.84
-0.01 -1.19
-0.96 -0.35
0.15 0.87
1.65 0.34
-0.34 -0.50
0.91 0.07
0.68 0.64
0.79 1.57
-0.69 -1.17
