2.80 1.69
1.88 0.16
0.47 -0.39
-0.40 0.08
0.70 0.20
0.47 0.99
-0.29 0.69
-0.40 -0.87
-0.25 -0.13
-0.64 0.32
-0.01 -0.37
-1.23 -0.82
-0.01 -1.09
0.53 1.37
-1.49 -1.39
-0.50 -0.09
-0.44 -1.16
2.20 2.10
0.54 -0.00
0.78 0.32
0.70 0.10
-0.22 -0.10
1.35 -0.27
-0.63 -1.23
0.52 -0.06
0.13 0.78
-0.84 -0.18
0.32 -0.34
0.72 1.63
1.15 1.24
0.20 0.01
-0.10 0.32
-1.01 -0.15
0.05 0.91
-1.38 -0.98
-0.27 0.43
-0.71 0.13
-0.89 0.71
2.41 2.70
0.13 -0.07
0.99 0.51
-2.41 -2.72
0.73 0.06
-1.15 -1.51
-0.99 -0.03
-1.31 -0.64
1.44 0.03
0.28 0.27
0.01 -0.70
0.83 0.64
-0.28 -0.83
0.39 0.52
-1.35 -0.48
0.38 0.99
0.47 -0.11
0.15 0.07
1.55 1.63
-0.06 1.36
-0.93 -0.32
0.88 1.33
-0.79 -0.19
0.97 0.56
0.83 0.61
-0.37 -1.10
-0.30 -0.29
1.44 1.36
-1.54 -0.46
-1.28 -2.28
-2.22 -1.46
1.24 1.58
0.10 0.56
-0.40 -1.63
0.31 0.14
-1.73 -1.29
0.03 -0.48
-0.31 0.97
1.12 1.21
0.42 0.06
-1.43 -0.88
0.10 -2.45
0.15 1.96
0.73 0.83
0.20 0.63
-1.43 -0.53
1.50 1.13
-0.88 0.18
0.42 1.49
1.53 0.76
0.24 0.26
0.44 0.23
