-0.27 0.21
1.44 0.61
0.45 -0.40
-0.99 -1.91
-0.26 -1.12
-0.48 0.27
0.78 0.44
-1.55 -1.86
0.70 -0.25
0.18 0.95
0.82 0.97
0.49 0.04
0.47 -0.06
2.23 1.24
0.49 0.44
0.10 -0.82
-0.72 -0.09
-0.38 -1.15
-0.51 0.16
0.69 1.26
-0.27 0.22
-0.35 -0.60
1.30 1.16
-0.76 -1.03
-1.03 -0.58
-0.41 -0.38
1.86 2.46
-0.58 -0.53
-1.36 -1.34
0.01 -0.05
1.73 1.17
1.68 1.64
-1.24 0.07
0.96 1.28
-0.52 0.75
-0.92 -0.03
-0.10 0.24
0.83 0.37
-0.10 -0.28
1.16 0.87
-0.50 -0.58
1.50 0.70
-1.72 -1.81
0.80 0.83
-0.95 -0.60
0.92 2.26
1.85 1.23
-0.55 0.35
1.73 1.14
1.29 1.87
