-0.56 0.24
1.05 -1.14
0.63 -0.09
0.65 -0.82
0.93 -0.75
-1.46 1.39
1.47 -1.75
-1.32 0.55
0.56 -0.78
-0.28 0.27
0.28 -1.50
0.33 -0.10
-0.52 0.93
-0.63 0.11
0.83 -0.94
-2.07 1.99
-0.05 -0.05
0.04 -0.09
-1.73 1.19
-0.67 1.05
-1.46 0.98
0.06 0.33
0.99 -0.73
0.96 -1.15
-0.32 0.37
1.99 -2.22
0.32 -0.02
0.88 -0.51
1.22 -0.36
0.31 -0.60
0.96 -0.89
-0.18 -0.39
-0.37 0.37
-0.55 1.18
0.89 -0.87
2.03 -1.82
0.05 -1.02
0.36 -0.48
-0.70 1.15
-0.03 -0.31
0.30 -1.33
0.65 -0.70
1.00 0.12
-1.98 1.73
1.08 -1.59
1.94 -1.80
1.67 -1.36
1.11 -1.30
0.43 -0.12
-1.08 1.18
