1.00 -0.44
-1.54 1.98
-0.45 -0.62
-0.79 0.76
-1.44 1.91
0.15 -0.04
2.52 -2.62
0.51 -0.27
1.51 -1.32
-0.72 1.35
1.74 -1.68
0.05 0.18
-0.90 0.45
0.83 -0.49
-1.04 0.30
-0.75 0.79
-1.92 1.87
-0.80 1.52
-0.61 0.58
0.01 -0.22
-0.54 0.74
1.66 -1.70
-0.86 0.36
0.70 -0.59
-0.75 0.37
0.56 -0.77
1.24 -0.73
-1.13 0.79
1.04 -0.67
-0.68 -0.25
0.94 -0.93
1.68 -1.11
-0.64 0.93
-0.07 0.69
-0.48 -0.11
-0.04 -0.25
-0.96 0.98
0.08 -0.11
0.28 -0.41
0.00 0.71
-0.93 0.51
1.61 -1.45
-0.30 0.64
1.57 -1.35
1.08 -1.21
0.34 -0.33
0.19 -0.61
-0.74 1.00
-0.45 0.29
0.26 -0.69
-1.29 1.61
0.19 0.01
-0.33 0.56
-1.11 1.34
-0.16 -0.95
1.29 -0.64
-1.18 1.12
-0.69 1.09
-0.40 0.37
-0.50 0.43
-0.15 -0.22
-1.56 1.62
1.44 -1.60
-0.44 0.71
0.55 -0.49
-0.36 -0.26
2.61 -1.92
-0.15 -0.40
0.42 -0.60
0.43 0.01
0.00 0.14
1.19 -1.50
-1.51 0.91
-1.77 2.37
-0.33 0.51
-1.26 1.23
-0.70 0.94
0.29 -0.80
0.95 -1.38
-1.81 2.14
2.08 -1.10
-0.47 0.16
0.98 -0.39
0.12 -0.03
0.90 -0.67
-1.26 0.63
-0.58 1.19
-0.13 0.69
-0.29 -0.38
-0.18 0.53
1.39 -1.00
-1.41 1.57
1.22 -1.48
1.42 -0.39
0.24 -0.95
0.28 0.31
-1.16 0.60
0.09 0.51
0.35 -0.23
-0.64 1.35
