0.37 -0.89
-1.65 -0.74
0.93 0.86
1.70 0.79
-0.19 -0.11
1.10 -0.57
1.67 -0.15
0.69 0.22
1.00 1.03
0.60 -0.79
0.96 -0.29
0.91 0.44
0.08 -1.65
-0.03 -0.55
0.57 1.60
0.33 0.30
-1.11 0.43
-1.07 -0.20
0.22 0.38
0.74 -1.81
-0.03 -0.87
-1.12 0.58
-0.18 -1.99
0.77 0.27
0.07 -0.15
2.22 1.98
-0.33 0.97
0.71 -1.20
-0.38 -0.42
-1.02 1.24
-0.97 -0.42
1.93 -0.26
-1.98 1.62
0.06 1.19
0.33 0.27
-1.54 0.07
-1.04 -0.76
1.32 1.29
0.12 0.87
-0.13 -0.01
-0.23 -1.21
0.11 -1.68
0.68 -0.25
1.44 0.29
-0.24 0.97
-0.13 0.31
-0.17 0.23
1.47 1.30
-0.71 0.50
-1.00 1.07
1.40 -0.42
-0.82 0.68
0.36 0.66
0.07 1.75
-2.44 0.76
-1.16 1.85
-0.34 -0.53
-0.79 -2.31
0.10 0.05
0.92 0.22
0.86 1.86
0.35 0.46
-0.08 -0.26
-0.75 -1.48
-1.19 -0.91
0.22 0.25
1.01 1.58
0.24 -0.70
0.39 -0.13
-1.76 -0.20
-0.28 -0.14
2.40 0.41
-0.68 -2.63
0.38 0.12
-0.91 -0.04
-0.39 -0.99
0.09 -0.74
-0.63 -0.50
0.20 -0.01
1.70 -0.08
-0.42 -0.01
-0.84 3.30
-1.53 0.75
-0.37 -0.26
0.36 -0.26
-1.42 0.82
-1.18 -1.23
0.07 0.52
1.66 0.86
-0.22 -1.46
-1.16 0.63
1.02 -1.26
0.09 -0.67
1.59 0.19
2.25 -0.14
0.13 -0.72
-1.55 -1.49
-1.13 -0.66
-0.42 -0.99
0.63 -0.63
