-1.18 -0.87
0.27 -0.34
0.90 -1.05
-1.53 -0.05
-0.34 1.57
-0.42 1.99
-0.01 0.15
-0.62 0.22
1.68 0.17
-0.03 0.88
-1.39 2.23
-0.61 0.06
0.73 0.94
-2.74 1.94
-1.25 -0.37
0.21 -0.23
-0.21 -1.37
1.92 0.33
-0.42 0.46
0.12 1.02
-0.47 0.83
0.50 -1.02
0.35 1.39
-0.48 -0.41
0.02 0.28
-0.83 -0.65
0.47 -0.10
-1.51 1.21
-1.02 -1.16
-0.07 -0.62
0.97 0.20
0.72 0.51
1.98 1.12
-1.59 -1.63
-0.36 -0.94
-0.55 0.61
1.04 -0.01
1.58 -1.20
0.54 0.40
-0.45 -0.37
-0.12 0.44
1.11 0.18
0.39 -1.55
0.63 0.46
-0.85 -0.21
1.01 -0.25
2.20 -0.84
-0.12 0.68
-0.30 -0.01
-0.07 -0.37
1.81 -1.87
-0.85 -1.81
-0.32 0.96
1.63 0.04
-0.91 -0.27
-0.98 -1.93
1.14 0.25
-0.36 1.54
0.54 0.51
0.22 1.36
-0.27 1.43
0.75 2.04
0.06 2.31
-0.12 -0.88
-1.23 0.11
0.73 -2.03
2.62 0.54
-2.04 0.60
-0.05 0.87
-0.71 -0.59
-1.39 0.58
1.24 1.37
-0.72 -0.06
-0.32 -1.62
0.74 -0.73
0.32 -0.03
-0.74 -0.83
0.19 1.27
-0.22 0.35
-1.13 -1.44
-0.68 -0.97
0.28 -0.71
-1.80 -1.11
0.44 0.62
-1.07 -1.58
0.56 0.18
-1.62 0.74
0.17 1.67
0.97 -1.38
-0.26 0.02
0.31 -0.82
0.89 -0.33
-1.46 0.02
-0.59 -1.38
0.53 -0.36
1.30 0.28
0.15 -0.76
-0.13 -0.43
0.55 -0.27
2.03 -0.11
