2.04 2.78
-1.62 -0.99
-0.17 0.30
-0.60 -0.74
-0.58 1.13
0.01 -0.74
0.61 2.31
0.65 -0.59
-0.55 -1.27
0.16 1.49
-1.89 -0.29
0.56 1.51
-0.46 -2.41
0.06 0.66
0.11 -0.07
2.93 0.92
-2.37 -0.02
0.67 0.54
-0.98 -0.82
0.64 -0.19
0.39 1.35
-0.08 -0.83
0.71 -1.00
-0.92 -1.03
-0.69 -1.93
0.23 -0.50
-0.11 0.31
-1.16 -2.29
-0.44 0.27
-0.93 0.37
1.36 0.93
-0.72 -0.37
-1.68 -0.05
0.03 0.55
-0.48 0.32
-1.02 -0.08
0.28 -0.39
0.84 -0.38
0.26 0.25
0.92 -0.40
-1.20 -2.15
0.15 -0.24
-0.59 -0.74
-0.65 -1.02
0.43 -0.26
-1.11 0.18
0.47 1.45
-0.87 1.64
1.65 2.10
-0.63 -0.50
0.54 0.33
0.77 0.41
2.35 0.37
-0.56 -1.05
-2.00 -1.38
0.72 -0.61
-0.28 -0.19
0.72 -1.50
0.28 0.87
0.43 0.97
-0.22 -0.25
-0.73 0.06
1.44 -0.02
-0.58 -1.05
0.84 1.10
0.42 0.04
-0.78 -1.05
-0.63 -0.66
-1.27 -0.65
0.77 1.03
0.69 0.98
0.13 -0.79
1.31 -0.07
-0.30 0.12
0.39 0.45
1.14 2.15
-0.64 0.26
0.20 0.50
1.21 0.79
1.52 -0.80
-2.25 -1.59
1.04 1.62
-0.63 0.30
1.57 0.44
0.59 0.32
-0.22 -0.09
-1.35 -0.46
0.97 1.49
0.16 0.40
0.56 0.40
-1.97 0.05
-1.50 -0.66
-0.10 -0.77
0.39 0.07
0.19 0.58
-1.02 -1.89
1.06 -0.98
-0.72 -0.05
0.21 0.10
1.47 1.27
