2.08 2.24
-0.51 -0.13
0.80 0.07
-0.71 -0.46
0.01 -0.94
0.76 0.74
0.16 -1.44
0.30 -0.56
0.37 0.32
-1.62 -0.57
-2.04 -1.83
-0.44 1.11
-1.20 -1.62
1.46 1.35
-0.11 0.04
-1.58 -1.63
0.39 1.21
1.07 1.00
0.40 -0.08
0.34 2.89
1.14 0.21
-0.33 -1.40
0.32 1.67
-0.32 -0.49
1.91 0.47
-0.46 0.47
-0.22 0.08
-0.49 -1.55
-1.23 0.50
0.48 0.79
0.64 0.67
-0.12 -0.21
1.60 1.79
-1.09 -0.62
-0.28 -0.92
0.19 -1.03
-0.24 -0.14
1.47 -0.63
-0.93 0.30
0.38 0.76
-0.92 0.60
-0.91 0.76
0.83 0.33
0.41 0.60
0.31 -0.54
-0.61 0.98
-0.02 -0.11
1.87 1.79
-1.32 -1.25
-0.27 0.38
-1.76 -2.10
0.29 0.22
-0.69 -0.32
-0.12 -0.73
-2.51 -0.12
1.04 0.27
-0.07 -0.57
-0.53 0.78
0.52 -1.23
-0.22 0.91
0.81 -0.46
0.34 0.03
0.39 2.42
-2.15 -1.79
1.32 1.02
-0.14 -0.25
-0.21 1.25
0.60 0.28
-0.98 -0.69
1.95 -0.79
0.51 -1.58
0.67 -0.61
-1.23 -1.87
-0.32 -1.04
-0.21 -0.55
1.00 0.74
0.86 0.07
-0.86 1.39
-0.38 0.09
0.26 -0.57
-0.42 -0.83
-1.33 0.20
-0.84 1.08
-0.15 -1.24
0.08 1.01
-0.03 -0.63
1.07 -1.18
-0.46 0.75
0.70 0.13
-1.31 -1.71
-0.02 -0.10
2.19 0.18
-0.99 0.61
-0.49 0.63
0.17 0.71
-1.63 -0.34
2.02 1.02
-1.47 -0.52
2.08 -0.17
0.89 0.23
