2.17 2.27
0.12 -1.74
-1.77 -1.79
-0.39 -0.82
-2.60 -2.50
0.67 -0.54
0.27 0.61
-0.88 -0.89
-1.92 -1.30
0.34 0.35
0.71 1.32
-1.36 -0.84
-1.45 -1.43
1.05 -0.14
0.46 -0.85
-0.06 -0.28
1.26 0.76
0.09 -0.12
0.57 -0.20
0.36 -0.30
-0.67 -1.09
0.37 -0.92
-0.56 -0.99
-0.04 -0.44
0.57 0.71
0.15 -0.07
-0.32 -0.38
-1.51 -0.42
0.36 0.66
-0.08 -0.55
0.07 -1.10
-1.46 -1.14
-1.01 -0.17
-1.40 -0.19
-0.44 -0.26
1.28 1.23
-0.66 -0.94
-0.13 -1.05
-0.15 0.05
0.74 0.51
0.12 1.26
0.96 0.31
1.79 1.27
-0.90 -2.91
-1.21 -0.86
0.34 1.04
0.38 0.15
-0.40 -0.49
0.32 0.64
0.29 -0.36
0.64 0.54
-0.45 -1.01
0.15 0.54
1.61 0.75
-2.32 -1.87
-1.56 -2.14
-0.21 -0.39
1.22 1.86
-0.48 -0.99
-0.83 -0.26
2.39 1.34
-0.41 -0.90
1.47 1.64
-0.46 -0.80
-0.38 -0.91
0.92 0.71
-1.11 -0.47
-0.08 -0.13
1.42 1.87
0.70 0.09
0.80 0.69
-0.26 -0.53
-1.21 -1.04
1.39 1.53
-0.40 -0.43
0.49 -0.10
0.72 0.83
0.75 0.22
-1.04 0.33
-2.50 -2.60
0.50 -0.17
-1.78 -0.85
0.24 1.14
0.36 0.45
1.21 1.74
-0.05 -0.19
-1.20 -0.19
0.00 0.29
0.78 0.48
-0.30 -0.19
0.63 1.38
0.19 0.12
1.23 0.47
0.97 0.58
0.60 0.72
-1.05 -0.87
-0.08 -0.45
-0.77 -0.29
1.40 0.65
-0.34 0.29
