-0.94 0.33
-0.66 -0.32
-1.23 1.77
-1.32 -0.31
-0.37 1.82
-1.05 1.26
-1.16 1.21
1.18 0.25
0.61 0.64
-0.25 -0.75
0.83 -1.35
-1.56 1.10
-0.06 -0.66
1.07 -1.91
-1.15 1.42
-1.18 -0.19
-1.22 0.32
0.82 -0.70
0.12 0.81
-0.24 -1.10
-0.88 1.28
1.06 -0.79
-0.06 -1.14
-0.66 0.64
0.19 -0.91
1.15 1.24
-1.04 -0.90
1.20 -0.43
-1.54 0.75
2.72 1.55
-1.59 0.17
-0.11 -0.07
-0.35 1.35
0.37 -1.45
1.86 -0.46
0.14 -1.04
-0.26 0.55
-1.52 0.08
0.03 0.14
1.64 1.80
0.34 2.25
0.41 -1.31
0.13 0.08
-0.67 1.00
0.25 -0.24
0.79 0.36
-0.74 -0.32
-0.40 0.55
-0.43 -1.51
1.42 0.41
-0.32 1.06
-0.75 -1.50
2.16 -0.17
-0.35 -0.07
-0.08 -1.11
0.83 1.32
-0.91 -0.80
0.87 0.21
0.30 -0.41
0.59 -0.35
-0.27 -1.36
-0.03 0.86
-0.91 0.77
-2.26 0.52
0.44 0.04
0.74 0.00
1.11 -0.48
-1.85 0.27
0.06 0.11
-0.55 -2.37
-0.42 1.18
0.39 0.26
0.60 1.31
0.59 1.95
1.22 1.75
0.94 1.04
1.73 0.00
-1.62 0.50
0.88 0.80
-0.12 -0.80
0.74 0.04
-1.17 -0.58
-2.37 -0.01
-0.54 -0.89
1.31 -1.09
-0.86 -0.55
-0.35 -0.90
-0.34 -0.68
-0.34 0.44
-0.33 -2.12
