-0.05 -0.23
-0.41 0.11
1.06 -1.15
0.36 -0.87
-0.78 -0.38
0.35 -0.41
1.31 -1.67
-0.88 0.01
0.41 0.28
2.23 -1.94
0.66 -0.23
-1.18 1.33
-0.93 0.33
0.66 -0.31
-1.24 0.99
0.91 -0.45
2.46 -2.15
0.27 -0.33
-0.09 -0.17
-1.38 1.43
0.55 -1.72
0.23 -1.67
0.46 0.24
1.11 -0.31
-0.36 0.20
0.31 -1.04
0.89 -0.19
0.52 -0.11
-0.01 0.44
-1.34 2.05
-0.63 0.90
1.94 -1.12
1.08 -0.31
-0.16 0.74
0.72 -0.00
1.22 -0.77
1.92 -1.52
-0.35 1.37
0.33 1.12
0.02 -0.66
-1.40 1.58
-0.71 -0.37
-0.43 -0.81
-0.67 0.44
2.15 -1.75
-1.27 1.18
1.43 -1.24
-0.83 0.90
-0.45 0.92
-0.38 0.28
