0.30 -0.35
0.22 1.21
0.57 0.26
-1.04 -1.17
-0.04 -1.32
-1.27 -1.32
-0.60 0.01
-0.31 -0.31
-1.82 -1.49
0.33 1.49
0.87 0.68
0.34 0.28
-1.00 -1.02
2.80 1.23
-0.24 0.72
-0.21 0.05
-0.32 -0.50
-1.19 -0.55
1.07 -0.08
-0.66 0.43
0.48 0.88
-0.45 0.49
0.94 -0.28
1.52 0.88
-0.24 -0.05
-1.56 -1.06
1.38 1.67
-0.03 0.56
-0.74 -0.98
-1.72 -0.31
-0.01 1.39
-1.58 -0.69
0.51 1.47
0.20 0.66
-0.40 -1.09
-2.78 -2.30
-0.18 -1.21
0.01 0.12
-0.10 -1.67
2.24 1.23
-1.06 0.65
2.24 1.76
0.82 -0.52
0.24 1.06
0.01 -0.00
0.25 0.82
-0.00 -1.56
0.39 -0.17
-0.47 0.56
0.48 0.74
0.65 1.27
-3.09 -2.33
-0.42 1.19
0.86 -0.76
-0.28 0.88
0.15 0.46
-0.33 -0.64
-0.72 -1.49
0.28 -0.44
-0.21 -0.08
1.74 0.63
0.78 -0.04
-1.42 0.32
0.22 -0.82
1.83 1.67
-0.73 0.46
-0.82 -1.36
0.19 1.19
0.19 -0.99
0.97 0.52
-0.42 -0.44
0.77 -0.53
-0.10 -0.30
0.15 -0.46
1.03 0.57
-0.18 -0.69
-1.03 -2.41
-1.49 -0.96
-0.12 0.36
-0.27 0.56
-0.08 -2.12
0.51 -0.18
0.55 1.36
-1.35 -0.42
0.29 0.55
-0.08 0.21
-0.11 -1.09
0.42 0.25
0.61 -0.00
2.38 2.46
0.90 0.78
-1.48 0.25
1.07 0.53
-0.60 1.30
0.78 -0.32
0.89 -0.21
-0.99 -1.32
-0.17 -0.50
-0.79 0.51
0.84 1.32
