0.54 0.54
1.58 1.58
-1.15 -1.15
1.52 1.52
-0.99 -0.99
-0.33 -0.33
-0.25 -0.25
-0.01 -0.01
-1.46 -1.46
0.86 0.86
-0.02 -0.02
1.59 1.59
-0.63 -0.63
-2.02 -2.02
0.13 0.13
1.40 1.40
-0.90 -0.90
0.30 0.30
-0.34 -0.34
0.54 0.54
0.49 0.49
1.28 1.28
-0.80 -0.80
-0.55 -0.55
-1.68 -1.68
0.69 0.69
1.08 1.08
-0.72 -0.72
-0.26 -0.26
-0.24 -0.24
0.03 0.03
0.13 0.13
0.32 0.32
-0.94 -0.94
1.39 1.39
-1.08 -1.08
1.75 1.75
0.68 0.68
1.40 1.40
1.56 1.56
0.79 0.79
-2.96 -2.96
-0.73 -0.73
-0.55 -0.55
1.60 1.60
-0.37 -0.37
-0.12 -0.12
-0.72 -0.72
-0.30 -0.30
0.66 0.66
1.37 1.37
0.35 0.35
1.04 1.04
-2.13 -2.13
0.32 0.32
-0.45 -0.45
-0.94 -0.94
-2.13 -2.13
0.05 0.05
0.08 0.08
-0.57 -0.57
0.31 0.31
0.63 0.63
0.81 0.81
0.71 0.71
0.42 0.42
0.03 0.03
-0.12 -0.12
0.94 0.94
-0.35 -0.35
-0.66 -0.66
0.10 0.10
0.01 0.01
-1.29 -1.29
0.19 0.19
1.11 1.11
0.22 0.22
0.02 0.02
-0.76 -0.76
-0.47 -0.47
1.73 1.73
0.83 0.83
0.96 0.96
0.45 0.45
0.46 0.46
-0.45 -0.45
-1.99 -1.99
-1.03 -1.03
2.13 2.13
-0.13 -0.13
