0.36 0.36
-1.34 -1.34
1.61 1.61
1.86 1.86
1.77 1.77
-2.36 -2.36
-0.86 -0.86
0.28 0.28
-0.39 -0.39
-0.08 -0.08
1.13 1.13
0.36 0.36
-0.63 -0.63
-0.82 -0.82
-0.16 -0.16
2.48 2.48
0.66 0.66
-0.31 -0.31
-0.08 -0.08
1.14 1.14
0.22 0.22
0.55 0.55
-0.37 -0.37
0.36 0.36
1.21 1.21
0.17 0.17
-1.25 -1.25
1.74 1.74
0.80 0.80
0.93 0.93
-0.98 -0.98
0.66 0.66
-0.42 -0.42
-0.57 -0.57
0.91 0.91
1.26 1.26
0.53 0.53
0.38 0.38
0.80 0.80
0.22 0.22
0.99 0.99
-2.33 -2.33
-0.99 -0.99
-0.21 -0.21
-1.27 -1.27
0.40 0.40
0.07 0.07
-1.28 -1.28
0.33 0.33
1.23 1.23
-0.63 -0.63
-1.84 -1.84
-2.48 -2.48
-0.81 -0.81
-1.76 -1.76
-0.69 -0.69
0.54 0.54
0.52 0.52
1.41 1.41
-1.40 -1.40
-0.31 -0.31
0.49 0.49
1.06 1.06
0.35 0.35
-0.82 -0.82
-1.38 -1.38
-0.11 -0.11
0.82 0.82
-0.61 -0.61
-0.25 -0.25
-0.86 -0.86
-0.58 -0.58
-0.94 -0.94
-0.60 -0.60
-0.08 -0.08
0.72 0.72
0.96 0.96
1.26 1.26
-1.09 -1.09
-0.71 -0.71
-1.10 -1.10
1.04 1.04
-0.44 -0.44
-0.91 -0.91
-0.26 -0.26
-0.36 -0.36
0.81 0.81
0.97 0.97
-1.07 -1.07
-1.04 -1.04
-1.29 -1.29
-0.12 -0.12
0.22 0.22
0.42 0.42
-0.71 -0.71
1.03 1.03
1.90 1.90
-0.52 -0.52
-0.25 -0.25
-0.15 -0.15
