0.28 -0.71
-0.52 -1.82
-0.21 -0.36
0.21 -0.02
1.07 0.70
0.77 0.29
-0.63 -0.21
1.56 1.16
-0.80 -0.53
-0.92 -0.61
0.71 1.42
0.35 -0.56
-0.30 -0.16
-1.11 -1.34
0.23 0.21
1.29 1.08
0.10 -1.01
-0.64 -0.37
-0.49 -1.14
0.92 -0.02
-0.40 -1.17
1.91 1.34
-0.31 -0.38
-2.82 -2.60
1.08 0.77
1.02 0.27
0.39 0.51
1.54 1.06
-1.01 -0.44
-0.87 -0.55
-0.06 0.92
-0.04 -0.44
0.36 -0.77
0.17 0.72
1.39 0.75
-0.98 -0.02
1.45 1.54
0.01 0.18
0.30 -0.34
0.99 -0.02
-1.12 -1.14
0.11 1.05
0.14 -0.41
-1.53 -0.62
-0.21 -0.48
0.91 2.02
-2.84 -3.03
0.88 -0.59
0.79 1.15
0.17 -0.41
