-1.54 -2.10
-0.48 -0.89
0.57 1.82
0.19 0.60
0.52 0.66
1.31 0.69
0.06 -1.08
-0.54 -0.39
1.08 1.15
0.14 -1.23
1.66 1.71
0.21 0.30
-0.60 0.10
0.39 0.05
-2.44 -1.89
-1.13 -0.94
1.71 1.43
0.20 0.64
-2.18 -1.29
-1.56 -0.72
2.47 1.35
-0.06 0.27
-0.13 0.79
-0.72 0.27
-2.82 -1.53
-0.86 0.19
0.51 1.40
-0.77 0.83
0.60 -0.04
0.44 -0.32
0.09 0.67
0.24 0.20
1.06 0.82
0.27 0.74
-0.57 0.71
0.89 -0.82
-1.04 -1.54
-1.75 -1.19
0.60 0.23
0.64 -1.38
0.11 -0.09
-2.20 -1.20
-0.39 -0.51
-0.35 -1.17
0.59 0.66
-0.05 -0.66
-0.63 -0.78
-0.22 -0.78
-1.58 -1.10
0.76 0.98
0.33 0.17
-0.27 -0.52
0.98 1.66
1.67 2.45
-0.44 -0.23
0.99 0.30
0.87 -0.28
0.26 0.84
0.55 0.74
-1.66 -0.58
0.04 -0.03
0.08 1.26
-1.19 -2.39
0.83 0.15
0.99 1.68
-1.55 -0.38
-0.94 -0.35
0.16 0.04
0.17 0.67
-0.94 -1.00
0.37 0.47
0.37 0.23
0.12 -0.55
0.23 -0.66
0.43 0.71
0.34 -0.70
-2.12 -2.45
-0.76 -2.32
0.42 0.57
0.51 -0.37
0.11 1.07
0.22 -0.02
-0.72 -0.05
0.45 1.34
-0.98 0.74
1.11 1.51
0.87 0.45
0.78 0.53
-1.85 -1.31
0.97 0.82
0.85 0.42
0.03 -0.03
-0.04 1.20
-0.95 -0.94
-1.53 -0.20
-0.82 -0.50
-0.40 0.62
1.36 0.97
-1.69 -0.40
-0.33 0.81
