2.38 0.60
1.05 0.42
-0.15 -1.66
0.74 1.17
0.04 -1.40
-0.81 -0.15
-0.24 -0.88
-0.30 -0.13
0.28 -0.49
0.92 -0.74
-1.18 -0.26
1.07 -0.18
0.45 -0.72
-1.53 1.93
1.55 -0.32
-2.02 -1.92
-1.18 -1.99
-1.13 -1.12
-0.66 -0.20
-0.04 -0.60
0.07 1.54
0.77 -1.39
0.21 0.11
0.09 0.33
-0.16 -1.67
-0.59 0.51
0.18 0.97
-2.20 -0.55
0.63 0.34
2.50 -0.06
-0.52 -0.74
-0.04 0.70
-0.81 -0.67
-1.09 -0.16
-0.87 1.59
1.06 0.16
1.11 0.91
-0.19 0.75
0.06 -0.98
-0.20 0.24
0.08 -0.09
0.35 1.31
0.04 -0.34
0.48 -0.97
0.41 1.37
-0.04 0.95
0.28 0.88
-1.35 0.09
-2.02 -0.76
-0.44 0.81
1.31 -0.34
-0.98 -1.80
-0.19 0.20
1.64 -0.03
-0.11 0.27
1.10 0.50
-0.52 0.42
1.73 1.63
1.73 2.57
-0.61 0.60
-1.31 -1.63
-0.57 0.01
0.16 1.78
0.39 1.15
1.95 0.93
-0.38 0.37
1.02 -0.21
0.12 0.57
-0.49 0.18
-0.73 -1.20
1.22 -0.20
-1.05 0.15
-0.42 -1.21
0.46 -0.25
1.09 0.34
0.74 1.69
0.62 -0.83
-1.75 0.27
0.00 0.43
-0.28 -2.60
0.09 0.42
1.25 0.84
0.51 1.46
-0.16 -0.42
2.20 1.49
-1.74 0.79
-0.46 -0.44
-1.00 1.21
0.94 1.10
-0.76 1.08
