-1.94 -1.94
-0.90 -0.90
0.99 0.99
0.48 0.48
-1.90 -1.90
-0.76 -0.76
1.18 1.18
-2.89 -2.89
0.28 0.28
0.24 0.24
0.34 0.34
0.82 0.82
0.27 0.27
0.54 0.54
1.12 1.12
1.23 1.23
-0.31 -0.31
-0.84 -0.84
0.46 0.46
-0.11 -0.11
-0.48 -0.48
-1.60 -1.60
-0.74 -0.74
1.63 1.63
-1.69 -1.69
0.92 0.92
0.13 0.13
0.10 0.10
-2.30 -2.30
0.05 0.05
0.83 0.83
-0.14 -0.14
-0.27 -0.27
-0.18 -0.18
-1.96 -1.96
0.26 0.26
1.62 1.62
-0.57 -0.57
-2.43 -2.43
-0.94 -0.94
0.30 0.30
0.17 0.17
0.81 0.81
-0.58 -0.58
0.69 0.69
1.20 1.20
-0.60 -0.60
1.48 1.48
-0.42 -0.42
0.21 0.21
-1.05 -1.05
0.23 0.23
-1.32 -1.32
-0.57 -0.57
-0.71 -0.71
0.06 0.06
-0.43 -0.43
-0.63 -0.63
-0.38 -0.38
-0.47 -0.47
1.61 1.61
-0.37 -0.37
-0.18 -0.18
0.04 0.04
0.63 0.63
-0.32 -0.32
0.37 0.37
-0.69 -0.69
0.26 0.26
-0.73 -0.73
-1.37 -1.37
0.22 0.22
1.11 1.11
-0.04 -0.04
0.88 0.88
-0.13 -0.13
0.49 0.49
-0.62 -0.62
-1.70 -1.70
-2.62 -2.62
0.57 0.57
-0.01 -0.01
-1.31 -1.31
1.46 1.46
0.12 0.12
0.15 0.15
0.56 0.56
0.05 0.05
-0.24 -0.24
-2.11 -2.11
