-1.12 0.36
-1.60 0.84
1.18 -0.29
0.18 -0.14
1.78 0.83
2.12 -0.70
1.96 -0.20
-0.92 -1.43
0.75 -0.72
-0.02 0.85
-0.43 0.49
0.09 2.20
-1.38 0.09
-0.04 -0.00
0.40 0.84
1.31 0.45
-0.21 -0.51
-0.66 1.79
-1.52 -0.60
-0.24 -0.18
-0.71 1.02
1.51 1.60
2.14 1.15
-0.55 -0.53
-1.24 -0.20
-0.39 -0.79
-1.47 -2.01
-0.25 -1.98
-1.22 -0.71
0.82 -0.97
-0.71 -1.63
-1.35 -0.25
0.36 1.90
0.49 -1.26
1.95 -0.26
0.03 -0.74
-1.12 -1.14
0.16 0.22
1.31 0.04
-0.02 0.66
-0.08 1.73
0.92 -0.20
-0.15 1.39
-1.72 -0.56
-0.66 -0.53
1.47 1.70
0.52 0.54
1.03 -0.74
-1.93 -1.32
-1.22 0.18
-0.30 0.30
-0.45 -0.23
1.40 1.63
-1.60 0.02
-0.10 -0.70
-1.22 -0.67
0.68 -0.12
-0.73 -0.68
1.32 -1.47
0.33 -1.50
-1.14 0.99
-0.28 0.51
-0.66 1.30
-0.11 -0.45
-0.97 -0.98
1.42 0.05
-0.44 0.84
0.33 -0.27
-0.43 0.24
0.08 0.48
1.04 -0.21
0.04 -2.13
-1.49 0.22
-0.23 0.17
-0.30 -2.03
0.77 0.87
-0.19 -0.86
-0.39 -1.10
0.44 -0.51
-0.11 0.31
0.63 0.03
-0.74 -2.32
-0.08 -1.40
0.11 0.72
0.38 -1.49
1.43 0.16
1.62 0.80
0.76 0.60
-0.78 1.41
1.26 -1.69
-1.71 0.24
-0.97 0.02
-2.11 -0.73
0.82 0.85
0.33 0.76
-1.11 -2.10
0.80 0.82
0.53 -0.45
0.15 -0.02
-0.45 0.30
