1.34 -0.99
2.06 0.80
0.49 -2.00
0.94 1.09
-0.90 -0.90
0.26 -1.02
-0.51 -0.38
-0.12 0.48
-1.95 -1.05
-0.57 1.58
-2.31 1.57
0.37 0.76
0.81 -0.46
0.58 0.37
-1.03 -0.74
0.26 -1.32
0.95 -1.77
0.02 0.50
0.98 -2.98
0.41 0.06
-0.83 -0.00
-0.99 -0.57
-1.03 1.07
-0.73 0.35
0.25 2.39
-0.09 -0.02
1.11 -1.96
0.01 -0.28
-0.23 2.05
1.13 -0.43
-0.10 0.16
-0.83 -0.10
0.77 0.26
0.69 0.70
1.94 -0.74
-0.88 -0.35
-0.83 -0.90
-0.15 1.75
-1.19 0.45
2.72 -0.34
-0.67 -0.02
1.22 -0.58
-0.30 -0.87
0.67 -0.20
-2.03 -0.35
0.52 -0.49
-0.95 -1.00
0.22 -0.54
0.24 1.39
-1.53 0.74
0.05 -0.85
1.98 -0.47
-1.52 -1.20
0.37 0.06
1.20 -1.25
0.43 0.31
0.97 -2.15
-0.98 0.02
1.26 0.51
-1.04 0.10
1.81 0.14
0.80 -0.22
-1.05 1.29
0.39 -0.81
0.18 0.37
0.46 -0.63
-1.84 1.68
-0.19 -0.42
-0.37 -0.28
0.30 0.48
-0.46 0.93
0.03 0.21
-0.36 0.36
-0.18 1.12
-0.56 -0.63
0.98 -1.50
1.60 -1.62
0.15 1.41
0.30 1.15
-0.65 1.24
0.03 -0.24
-1.56 0.86
0.88 -0.33
1.26 -1.14
-0.38 -0.24
-0.38 0.91
1.71 -1.02
2.52 -0.34
-0.62 1.71
-0.26 1.19
-0.89 0.22
0.54 -0.13
0.52 -1.82
0.96 0.47
-0.79 -0.76
0.40 0.84
0.76 -1.36
0.81 -0.79
-1.06 0.26
0.53 0.15
