2.08 2.03
0.06 0.51
-0.79 0.31
1.53 -1.99
0.09 -0.87
-0.07 0.90
0.07 -0.29
-0.29 -0.87
-0.67 0.55
0.63 1.24
0.06 -0.41
-0.51 0.56
-0.93 0.67
1.21 0.01
0.11 -1.64
-1.15 0.05
1.25 -1.41
-0.66 -0.28
-1.07 -0.89
-1.21 2.56
0.40 1.89
2.32 1.15
0.96 -1.56
0.14 -0.81
-1.16 0.46
-0.05 -1.61
-0.72 -1.24
-1.13 0.51
0.11 -0.26
-0.12 0.52
0.00 1.83
-1.19 0.60
-1.17 -0.15
-1.32 0.53
-0.54 -0.62
0.78 0.19
-0.11 -0.97
-1.03 0.20
0.55 0.59
1.58 1.50
0.70 0.74
1.53 -1.12
1.99 -0.08
0.87 1.05
-1.44 0.63
0.45 -0.83
0.31 0.61
0.23 -0.77
-0.92 1.25
0.41 0.71
-0.05 -1.50
-1.35 -0.54
1.09 -0.86
1.36 -0.27
-1.21 -0.14
-0.86 -0.08
0.54 -1.13
-1.51 0.71
-0.93 0.33
0.93 0.63
0.96 -0.94
1.38 -1.33
2.90 0.80
-0.55 1.24
0.26 -0.25
-0.28 -1.06
-0.31 1.04
-1.11 0.56
1.24 -0.81
2.02 0.65
1.70 1.38
0.32 0.12
0.56 0.14
-0.44 -1.27
-0.64 0.07
0.58 -0.01
-0.60 -0.25
-1.50 -0.86
-0.05 0.73
0.28 -0.79
-0.40 -1.51
-0.42 -0.22
1.27 1.08
-1.50 -1.56
-1.49 -1.30
-0.04 -0.15
-1.42 -0.82
-0.62 0.67
-0.94 1.84
0.72 -0.37
-1.88 0.29
-0.12 -0.82
-1.06 2.10
0.80 -1.69
0.20 0.59
0.60 -0.52
0.33 1.77
-0.19 -1.16
-0.43 0.66
-0.29 -0.89
