2.35 2.35
3.04 3.04
-0.28 -0.28
-1.30 -1.30
0.17 0.17
0.35 0.35
-0.05 -0.05
-0.49 -0.49
1.19 1.19
0.93 0.93
0.96 0.96
0.99 0.99
0.47 0.47
-0.43 -0.43
-0.09 -0.09
1.15 1.15
-0.64 -0.64
-0.42 -0.42
-1.27 -1.27
0.96 0.96
-0.88 -0.88
-0.18 -0.18
-1.37 -1.37
0.45 0.45
0.33 0.33
-0.66 -0.66
1.98 1.98
0.48 0.48
-0.02 -0.02
0.76 0.76
0.32 0.32
0.73 0.73
-0.45 -0.45
-1.38 -1.38
-1.32 -1.32
0.48 0.48
0.96 0.96
0.37 0.37
-1.16 -1.16
0.94 0.94
-0.40 -0.40
-1.11 -1.11
0.48 0.48
-0.10 -0.10
-0.56 -0.56
0.31 0.31
0.48 0.48
-1.05 -1.05
2.10 2.10
-1.06 -1.06
