-2.86 -1.68
-0.34 -0.40
1.22 -0.03
-0.35 -0.23
0.60 -0.81
-0.22 -0.46
-0.96 0.40
-0.15 -0.24
0.40 0.49
-0.32 0.17
0.84 0.01
-1.40 -0.51
0.55 0.03
-1.09 -0.92
-0.65 -0.53
1.45 0.87
0.92 -0.67
1.10 0.69
-2.04 -2.02
1.37 0.47
0.31 -1.08
0.06 1.07
-0.55 0.28
-0.78 0.65
0.02 -0.47
0.49 1.26
-0.17 -1.89
0.37 0.40
0.18 -0.18
3.00 1.99
-0.31 -1.02
-0.27 -1.69
-0.50 1.26
-0.82 -0.71
0.04 0.85
0.69 -0.12
-1.43 -0.74
-0.35 -0.65
0.65 1.29
1.22 -1.87
-0.34 -3.35
0.17 -1.56
0.72 0.23
-0.06 -0.68
1.82 -0.17
-1.41 -0.58
-0.98 1.09
-0.66 -0.59
0.36 -0.42
-0.30 -0.57
