0.37 0.16
0.89 -0.35
0.49 -2.05
1.11 0.24
0.13 1.29
-0.42 0.77
-2.23 -1.10
-0.50 -0.07
1.60 0.35
0.17 0.72
0.49 -0.78
-0.31 -0.02
-0.45 -0.18
1.10 -1.22
0.19 0.01
-1.84 -1.37
-1.84 2.00
0.90 1.49
0.01 -0.66
-0.49 -0.17
0.37 0.26
-0.65 0.33
0.69 -0.70
-0.88 -0.62
-0.46 -1.75
-0.87 -0.61
-0.37 0.11
0.33 0.85
0.91 -1.27
-0.11 -1.00
-0.67 -0.69
-2.10 -0.59
-0.77 0.20
-0.13 -0.88
0.62 1.13
1.79 -0.97
1.17 -0.92
-0.30 -0.43
0.45 1.01
0.52 1.10
1.65 -0.93
1.41 1.52
1.16 1.27
-0.49 0.29
-0.16 -0.23
-0.33 -0.58
-0.07 1.30
-0.79 -1.50
-1.15 -1.09
-1.04 -0.59
2.99 -1.42
0.24 -0.41
-0.55 -0.79
1.45 2.83
0.64 0.18
-3.04 0.10
0.35 1.78
-0.64 0.52
0.43 -1.08
-0.86 -0.73
-0.37 0.39
-0.89 0.74
1.36 -0.64
0.51 2.13
0.88 -0.90
-0.30 0.03
-0.56 0.24
0.76 0.77
1.17 0.17
-1.49 -0.47
-0.35 1.11
0.17 1.05
-1.35 1.55
1.08 -0.78
0.03 0.27
0.02 -0.75
-0.50 -0.50
-0.02 -0.46
-0.22 0.35
-1.38 -1.71
0.66 1.02
-0.14 -0.57
0.70 -0.37
-0.53 0.67
-0.38 1.36
-0.49 -2.55
2.06 0.85
0.45 -0.04
-1.39 0.28
-0.94 0.85
0.55 0.42
-1.02 -0.65
0.84 -0.66
0.20 -0.78
-0.99 1.59
1.34 2.45
1.01 0.02
-0.50 -0.48
-1.57 0.06
1.44 -0.14
