-0.91 1.27
2.14 -2.16
0.09 0.80
1.98 -1.04
1.90 -1.24
0.61 -0.57
0.09 -1.04
1.87 -1.12
0.78 0.85
1.16 -1.86
-1.65 2.09
1.55 -1.07
1.54 -0.63
1.10 -1.17
-1.27 0.79
0.10 0.76
0.45 0.67
-1.00 1.31
0.56 -1.69
0.97 -0.98
-0.70 0.36
0.34 0.23
1.12 -0.17
0.26 -0.15
0.83 -0.62
1.46 -2.17
-0.44 0.27
-0.66 -1.30
1.31 -1.18
0.08 -1.29
1.14 -1.44
-0.27 1.01
0.08 0.78
0.34 0.43
-0.03 0.95
-0.31 0.23
-1.38 0.60
-0.05 -0.25
0.30 -1.25
0.33 -0.59
-0.46 0.57
0.05 -0.22
0.15 0.57
-0.77 0.05
-1.23 -0.10
0.19 1.44
0.15 0.60
-0.59 1.74
-1.81 0.42
-1.04 0.21
1.70 -1.97
1.49 -1.03
1.24 -0.49
0.22 -0.95
-1.05 0.87
0.32 -0.41
-0.53 1.51
-0.59 -0.43
-1.37 0.82
-0.78 0.71
-1.21 1.19
-0.14 -0.36
1.89 -1.28
0.91 -1.01
-0.20 -0.13
0.92 -0.65
0.36 -0.01
-0.94 2.14
0.07 0.60
1.40 -0.36
-0.60 -0.03
-1.15 0.54
-0.00 -0.13
-0.76 1.21
0.80 1.01
-0.73 0.78
0.07 0.06
-1.63 1.33
0.07 0.54
1.50 -0.18
1.37 -0.37
-0.68 1.85
-1.06 0.55
0.24 -0.25
-1.80 1.27
-0.54 0.78
-1.95 1.06
-0.06 -1.45
1.13 -0.01
-0.18 0.49
