0.51 -0.58
0.66 0.00
1.30 -0.94
-0.73 -1.59
0.12 -0.00
-0.24 0.36
-0.62 2.03
-0.86 2.57
-1.50 0.41
-1.99 0.49
0.12 0.86
0.28 -1.00
0.76 -0.88
1.35 -1.08
-0.05 0.78
0.30 -1.12
-0.12 -0.06
-0.42 0.51
1.95 -0.15
-2.15 -0.19
1.43 1.22
0.54 -1.14
-2.42 2.77
0.12 0.00
0.03 -0.15
0.31 -0.99
1.64 -2.10
-0.20 -0.44
0.64 -0.96
-0.54 -0.54
1.50 -1.15
-0.73 1.69
0.54 1.69
2.14 -1.84
1.10 0.56
0.12 -2.22
-0.12 -1.37
-0.76 0.46
-0.59 1.11
-0.27 0.10
0.62 -0.83
0.40 -0.32
-1.06 1.28
-0.57 0.40
-0.41 -0.06
-2.53 2.04
-0.53 0.59
-1.72 0.07
-0.17 0.51
0.42 0.28
0.92 -0.59
0.78 0.43
0.59 0.24
-0.00 0.11
-0.60 -0.39
-0.97 -0.00
-0.34 -0.19
0.89 -0.53
2.91 -0.91
0.78 -1.33
0.03 0.63
-0.44 -0.02
1.04 2.70
-1.68 0.02
1.56 -0.77
0.95 0.33
-0.56 -0.87
-0.23 0.99
-1.51 1.17
1.34 1.47
0.21 0.39
1.27 -0.18
-0.80 -0.98
-0.55 0.22
1.33 -0.37
0.81 0.45
-0.24 0.46
-0.31 0.20
-0.76 0.73
0.59 -0.67
0.25 -0.27
-0.83 0.77
0.48 -0.45
-0.40 -0.04
-0.85 -1.15
-0.24 1.08
-0.33 -0.30
0.33 -0.87
1.27 -1.02
0.52 0.33
