0.08 -0.82
-1.37 0.35
-1.33 -1.99
-0.30 -0.39
-0.43 -0.01
0.29 -0.18
0.04 -1.36
0.29 0.15
-0.80 -1.68
-0.04 -0.93
1.10 1.25
0.98 0.81
-1.03 -1.28
0.38 1.57
-0.88 -1.09
0.19 -0.30
-0.61 0.22
1.27 -0.39
0.63 -0.53
-0.69 -0.51
0.80 0.80
1.08 1.23
-0.17 -0.56
1.08 0.08
0.50 -0.34
0.37 0.68
0.78 0.20
2.04 2.10
1.35 0.24
0.55 -0.53
-0.30 -0.32
0.78 1.77
-0.16 0.35
-1.29 -0.48
-0.24 -0.61
0.14 -0.30
-1.28 -1.68
-2.04 -0.23
-0.87 -1.02
0.40 1.12
0.80 0.48
1.14 0.84
0.20 1.18
-0.70 -0.65
1.36 0.49
-1.19 -1.24
-0.18 -0.05
-1.17 -0.56
0.77 0.65
0.20 0.56
0.81 1.81
-2.11 -1.27
-0.93 0.42
0.02 -0.89
0.13 -0.73
-0.24 -0.20
0.91 0.51
1.15 0.03
-1.37 -1.16
0.08 0.32
-0.57 -0.07
-0.96 0.03
1.23 1.58
0.79 1.15
-1.23 -0.93
0.12 -0.05
-1.53 0.41
1.36 1.34
-1.27 -0.52
0.41 0.70
-0.98 -0.73
0.90 2.14
-1.45 -0.77
-0.05 0.13
0.73 1.49
-0.07 0.88
-0.69 0.05
-0.35 -1.67
0.75 -0.18
-1.55 -2.16
0.05 -0.37
-1.12 -0.11
-1.01 -0.37
1.74 -0.39
-2.35 -2.18
-0.06 -1.04
1.44 0.67
2.79 2.96
1.00 1.17
0.07 0.91
-0.23 -1.25
-1.58 -1.85
-0.96 -0.34
-0.41 0.42
0.90 0.89
-0.31 -0.38
-1.16 -1.29
1.73 0.73
0.31 0.70
-1.27 -0.59
