-0.32 2.01
1.10 1.32
1.58 1.75
0.95 -0.29
-1.00 0.36
-0.68 -0.18
-2.26 0.22
-1.16 -0.05
-1.26 1.58
-0.48 -1.08
-0.85 0.25
0.20 -0.90
1.02 0.12
0.69 -0.69
0.16 1.09
0.94 0.19
0.01 2.95
-0.97 2.32
0.82 -0.29
0.16 -0.86
-1.03 0.59
0.00 0.02
-0.96 0.62
-1.22 0.00
0.10 0.46
-0.36 1.05
-1.60 2.22
0.12 0.06
-1.49 -0.12
-1.25 1.48
1.13 -0.03
0.42 -0.92
-0.63 1.11
-0.48 -0.20
-0.76 1.77
-1.07 -0.02
-0.61 -0.36
1.43 0.09
0.74 -0.77
-0.63 2.25
-1.83 0.29
0.34 0.82
-0.02 -1.87
-0.32 0.53
-0.95 -0.51
-0.83 -0.45
0.93 0.82
-0.76 0.31
2.04 -0.06
-2.54 -0.68
