0.93 0.35
1.62 1.91
0.49 0.15
-1.69 -1.97
-0.62 1.05
-0.38 -0.69
-0.37 1.00
-0.19 -1.08
-0.70 -1.03
-0.27 0.77
0.25 0.84
0.58 0.74
-0.34 -1.13
0.67 0.59
0.71 1.67
1.77 1.68
0.09 0.62
-0.38 -0.57
-0.22 -0.20
-0.63 0.06
-0.51 0.17
0.04 0.38
0.06 0.80
-1.89 -0.05
-1.04 0.28
0.86 1.62
1.47 1.26
0.16 -1.55
0.78 0.05
-0.36 0.18
0.13 0.11
0.74 0.16
-0.51 -2.05
0.96 0.89
0.95 -0.94
0.48 1.14
0.56 0.14
-1.89 -3.26
0.57 -0.22
-2.73 -0.93
-1.61 -1.37
-1.22 -0.38
0.83 1.97
-0.23 0.83
-1.68 -0.30
0.48 0.44
-0.75 -1.41
1.59 0.87
0.85 0.54
-0.34 -0.17
-0.28 0.15
0.34 0.73
-1.34 -0.66
-1.10 -0.10
0.07 -0.67
0.04 -2.00
0.04 -0.44
0.40 1.10
-0.16 -0.05
-0.60 -1.08
1.62 0.13
0.59 0.16
-0.25 -0.74
0.81 0.93
1.67 2.14
1.03 0.53
0.87 -0.16
-1.38 -0.47
0.41 -0.23
0.71 0.89
0.03 0.81
0.69 -2.11
2.08 0.31
0.99 0.83
-0.68 0.08
1.03 0.30
1.52 -0.30
-1.38 -1.48
0.26 -0.37
1.80 1.43
-0.63 -0.54
-0.70 0.01
-1.17 -1.59
-0.42 -0.70
-1.06 -0.64
-1.09 -0.06
0.23 -0.64
-1.00 -0.88
0.14 0.69
-1.56 -0.69
-1.41 -1.09
0.91 1.06
0.92 0.65
0.92 1.91
-0.18 -0.35
-0.05 -0.32
-1.59 -1.67
1.13 0.39
-1.91 0.17
-1.53 -0.46
