1.59 -1.49
-0.14 0.44
-0.63 -0.60
0.87 -0.06
-0.02 0.44
-0.83 -0.08
0.33 -0.53
1.07 -0.14
-0.98 -0.92
0.39 -1.87
-0.13 1.41
0.20 -1.63
0.88 -1.95
-0.01 -0.14
0.35 0.33
-0.45 0.96
1.16 -1.96
0.68 -0.08
-1.07 0.54
-1.43 0.53
0.72 -0.26
1.48 0.00
0.77 -0.28
0.46 0.55
-0.77 1.50
-1.89 1.73
-0.73 0.07
0.09 -0.19
-0.21 -0.51
-0.22 0.43
-0.87 0.60
0.56 -0.53
-0.14 -0.03
0.13 -0.05
-0.77 0.07
-0.39 -0.44
-0.86 0.72
1.25 -1.29
-0.72 0.63
0.23 -1.40
-1.30 1.60
-1.43 0.96
2.03 -1.55
0.92 -1.08
0.70 -0.22
-1.31 1.73
1.35 -1.58
1.39 -1.99
0.82 -0.64
-1.68 1.22
0.47 -0.95
0.27 -0.72
1.41 -1.48
0.41 -0.97
0.30 -0.27
-1.37 0.39
-0.09 1.30
-0.75 1.63
0.62 -0.50
3.17 -1.56
-0.59 -0.02
-1.22 0.84
0.22 -0.34
-0.07 -0.70
0.12 -0.71
0.15 0.79
-0.56 2.09
2.01 -1.48
-1.07 0.45
1.03 -0.99
0.22 -1.85
1.39 -1.45
-0.53 -0.09
0.38 0.37
-0.65 0.34
-0.88 1.39
1.45 -1.05
1.18 -1.39
0.80 -0.11
1.11 -0.68
-0.80 0.12
-1.61 0.81
1.02 0.39
-1.76 1.62
0.10 0.46
1.01 0.81
0.83 0.32
-1.87 0.88
0.30 -1.12
-0.87 0.17
