0.47 -0.82
0.80 0.33
1.06 -2.60
-0.99 -0.06
-0.23 0.57
-0.57 -1.43
1.42 -0.79
0.43 0.33
-0.73 0.87
-1.23 -2.93
-0.03 0.43
1.54 0.71
-0.09 -0.30
-1.02 1.58
1.45 -0.83
0.09 0.67
-0.24 0.09
1.66 -0.45
0.66 0.40
-0.62 0.07
0.43 -0.51
2.01 0.73
-2.20 -0.17
1.01 -0.29
0.31 0.35
-1.79 -0.03
-0.26 -0.55
0.64 0.27
2.46 -2.00
0.93 -0.22
0.84 0.25
-0.19 1.78
-1.16 0.81
1.63 -1.31
-1.08 -0.05
2.23 -1.30
0.01 1.04
0.57 -0.56
0.95 -3.35
0.97 1.73
1.14 -1.01
0.21 -0.12
-0.43 1.41
1.49 -1.20
-1.29 -0.87
0.88 -0.51
0.07 0.24
-0.71 0.07
-0.19 -1.07
-0.42 0.83
0.29 -0.19
-0.04 0.30
-0.87 0.38
-0.12 0.21
-0.71 -0.55
-0.37 -0.43
0.33 0.32
1.25 -0.82
1.76 0.56
-0.17 0.31
-2.29 -1.14
-0.57 0.29
-0.19 0.84
1.04 -0.05
0.02 -0.91
-0.01 -0.44
-0.58 2.08
1.58 1.34
-0.36 0.21
-0.08 -0.21
-0.43 -0.68
1.85 0.62
1.15 -0.05
-1.48 -0.30
-0.29 -1.25
1.44 -1.26
-0.82 -0.43
1.43 0.02
-1.37 0.58
-0.43 -0.53
0.96 0.71
-1.67 0.35
0.40 -0.34
0.05 0.56
-1.23 -1.21
-0.94 -0.44
0.11 -0.08
-0.38 -1.37
0.81 0.68
0.46 1.32
0.46 2.51
-0.54 0.71
-0.98 -0.18
1.17 -1.01
0.07 1.39
0.12 0.21
0.83 -0.26
-0.47 -1.38
-0.33 2.23
-1.60 0.39
