0.24 -1.25
1.29 -0.29
0.71 -0.16
-0.11 0.93
1.77 0.98
0.76 0.91
-1.45 -0.24
-1.92 -0.85
-0.22 0.39
0.59 0.58
0.84 1.05
-0.21 0.62
0.00 0.81
-2.02 -1.80
-0.94 0.14
-1.18 -1.72
-0.14 -0.83
0.23 -0.86
-1.21 -1.05
1.80 0.89
-1.69 -0.03
1.33 0.82
1.39 1.36
0.25 0.76
0.85 0.89
0.08 -0.95
0.20 -1.50
-0.63 -0.75
2.03 2.73
0.06 0.40
-1.44 -0.85
-0.51 0.88
-0.09 0.29
0.82 1.45
1.35 0.21
0.69 0.15
-0.99 -1.64
-1.44 -0.46
0.01 -0.62
-0.22 0.20
-0.16 0.88
-0.80 -1.29
-0.10 -0.72
-1.49 -1.39
-0.56 0.26
0.63 0.71
-0.38 -0.06
0.89 -0.04
0.30 -2.10
0.84 -0.80
1.42 1.19
0.52 1.78
0.45 -0.54
-0.38 -1.11
-0.93 -0.31
-0.52 1.58
-0.51 0.24
2.29 2.20
-0.02 0.39
0.59 1.61
-0.38 -0.99
-0.05 -0.37
1.61 1.83
-0.67 -0.21
0.59 0.47
1.41 0.36
-1.97 -1.52
0.60 0.88
-0.86 -0.73
1.92 0.59
0.78 -0.54
-0.56 1.10
1.12 0.34
0.69 -0.89
-1.12 0.32
-0.18 0.69
-1.51 -1.10
-0.68 -0.05
1.04 0.92
-0.41 -0.97
-0.29 0.25
1.06 1.61
1.12 0.53
0.14 0.61
-1.47 -0.30
0.53 0.85
0.74 0.64
0.48 -1.00
0.61 -0.22
-2.60 -2.10
0.13 0.37
0.86 1.37
1.49 1.99
-0.28 0.43
-0.21 -0.29
-0.20 -1.36
0.41 0.47
-1.07 0.32
-0.96 0.93
0.81 0.71
