0.79 -1.01
-0.27 0.32
1.58 -0.08
0.24 -1.63
0.78 1.39
-1.03 -0.49
-0.66 -1.71
-0.57 -0.23
-0.76 1.39
1.11 1.60
-1.24 1.75
-1.12 -1.33
-0.66 -1.55
1.07 -0.58
-1.99 -0.31
-0.60 -0.37
1.62 1.82
-1.88 -2.06
-0.99 1.31
0.09 -0.36
-0.40 1.21
1.60 -0.52
0.54 0.20
1.77 0.34
-0.12 -0.59
-0.71 -0.15
-0.40 0.81
-0.82 0.40
0.19 -0.13
-1.01 -1.31
-0.75 0.64
0.61 -0.32
-0.13 -0.28
-0.78 -0.20
-0.84 1.20
0.06 -0.33
0.22 -0.38
-1.02 1.03
1.18 1.84
1.40 -1.33
-1.15 -0.80
0.21 1.07
1.20 0.97
-0.60 -0.03
0.29 1.23
-0.37 -0.14
0.67 -1.07
-1.28 -0.10
-1.33 -0.66
2.13 0.40
