0.53 0.49
0.39 -0.42
1.18 0.50
0.70 0.09
1.38 -1.33
1.25 -0.67
1.48 0.42
0.06 0.50
-1.86 0.56
-1.77 1.41
-1.21 0.08
1.25 1.94
-1.15 0.21
-0.82 0.14
0.45 -0.05
0.61 -1.03
-2.17 0.35
0.05 1.93
-1.30 -1.38
-0.75 1.03
-0.62 -0.16
0.62 1.80
-0.55 0.38
-0.90 -2.33
0.46 -0.36
-0.39 0.01
-0.70 -0.73
0.23 -0.12
-0.26 1.58
-0.21 -0.71
0.17 0.50
1.16 0.64
0.72 0.90
-0.32 -1.43
-2.39 1.66
-1.14 0.56
-0.34 0.39
0.73 0.02
0.28 -0.91
-0.87 -0.32
1.53 1.07
-0.19 -1.53
-0.46 0.04
0.09 -0.66
1.20 -0.92
-0.96 -0.73
0.48 -1.43
0.66 0.08
1.92 -1.11
-0.54 2.02
