0.44 -0.88
1.45 2.58
0.41 0.42
0.28 -1.13
0.18 -0.98
0.47 -1.26
0.53 1.45
0.70 -0.00
0.09 -0.41
-1.01 0.09
1.03 2.09
0.51 -1.13
1.54 -1.55
-0.54 -0.45
-0.03 -1.11
-0.08 1.28
0.81 1.77
0.86 -0.07
0.29 -0.66
-1.07 -1.00
-1.19 -0.91
3.41 0.82
0.29 0.84
-0.66 0.06
-0.63 1.73
-0.30 0.22
2.16 -1.29
0.95 0.05
-1.77 1.81
-2.35 0.58
-0.18 -1.74
-0.91 -1.24
1.01 0.23
-0.85 -0.49
-0.84 -0.93
0.28 -0.75
0.63 -0.18
-0.85 -0.50
-1.30 -0.46
0.66 -0.67
0.27 -0.18
0.22 -1.59
0.13 -1.02
-1.25 0.24
-1.23 -1.05
-1.11 1.15
0.22 -1.66
0.88 0.15
-1.64 -0.17
0.79 -0.25
0.64 0.20
-0.80 -0.88
-0.53 0.87
0.67 -1.96
0.71 0.95
-0.19 1.31
0.33 0.25
0.20 0.01
0.43 -0.80
0.55 0.62
0.47 -1.36
-0.67 -0.25
-0.58 -0.15
-0.45 0.15
-0.64 1.26
0.52 0.16
2.22 -0.53
0.41 0.83
-2.24 0.90
0.13 -0.04
2.14 -1.48
1.34 0.16
1.04 0.33
-1.07 0.61
0.82 1.77
0.00 -0.01
0.69 -1.01
0.94 0.73
0.96 -1.54
0.65 0.76
0.56 0.40
0.85 -0.17
1.69 1.61
0.98 1.19
-0.86 -0.37
0.92 0.19
-0.24 1.88
-1.68 -0.22
0.89 0.72
-0.38 0.80
