0.32 0.40
0.93 -1.66
2.04 -0.64
0.28 -0.90
1.36 -1.62
0.45 0.78
2.26 -1.93
0.79 -0.30
1.15 -0.24
-0.14 0.06
1.43 -0.37
-1.84 1.09
-0.35 0.58
1.59 -1.83
-1.08 0.55
0.47 -0.18
1.47 -2.25
-0.49 1.56
0.59 0.83
-0.75 -0.08
-0.39 0.79
0.07 -0.16
0.03 0.04
-0.25 -0.86
-0.48 0.41
-1.15 -0.21
-0.41 2.08
1.29 -0.13
0.08 1.30
0.97 -1.55
-0.57 0.45
-0.74 0.42
1.19 -1.55
-1.14 1.31
-1.15 1.48
-0.25 1.29
0.82 0.50
-0.83 0.61
-1.81 1.16
0.63 0.70
0.52 0.59
-0.38 1.09
1.05 -1.97
0.50 0.53
0.99 -1.21
-0.72 0.66
0.63 -1.33
-1.02 0.14
0.63 -0.40
0.83 -0.46
-1.74 1.18
0.20 1.60
0.56 -0.04
-0.59 0.67
0.70 -0.55
0.91 -0.27
0.39 -0.48
-0.91 -0.22
0.50 -0.36
1.81 -1.38
0.68 1.29
0.05 1.02
0.20 0.89
-2.04 0.58
-1.47 1.54
1.15 -1.64
0.05 0.01
0.66 -0.31
0.19 -0.62
-0.28 0.44
-0.14 1.36
0.96 -1.49
-0.03 -0.49
0.27 0.57
-2.61 1.08
0.54 -0.67
0.74 -0.19
0.01 0.35
1.53 -0.58
-0.71 0.33
-0.23 -0.30
-1.91 2.01
1.43 -1.68
-1.87 1.08
0.56 -0.12
0.03 0.67
1.51 -0.95
1.06 -1.16
-0.94 0.61
0.47 -0.21
