-0.65 -0.65
-1.04 -1.04
0.33 0.33
-1.13 -1.13
-1.91 -1.91
1.31 1.31
1.70 1.70
0.71 0.71
2.17 2.17
-2.11 -2.11
0.46 0.46
0.49 0.49
-0.65 -0.65
1.30 1.30
-1.32 -1.32
0.25 0.25
-0.03 -0.03
-1.55 -1.55
0.90 0.90
0.04 0.04
1.64 1.64
0.34 0.34
-0.52 -0.52
0.61 0.61
0.26 0.26
-0.57 -0.57
0.36 0.36
0.17 0.17
0.01 0.01
-0.92 -0.92
-0.62 -0.62
-0.42 -0.42
-0.19 -0.19
0.14 0.14
0.23 0.23
0.03 0.03
-0.56 -0.56
-0.67 -0.67
1.53 1.53
-0.79 -0.79
-1.72 -1.72
-0.34 -0.34
-0.86 -0.86
0.11 0.11
0.88 0.88
0.39 0.39
1.46 1.46
-0.03 -0.03
0.82 0.82
0.82 0.82
2.05 2.05
-0.68 -0.68
-1.37 -1.37
0.48 0.48
-1.07 -1.07
-0.88 -0.88
0.60 0.60
0.59 0.59
-3.37 -3.37
-1.25 -1.25
-0.01 -0.01
0.78 0.78
0.67 0.67
-0.08 -0.08
0.58 0.58
0.32 0.32
-0.50 -0.50
-0.78 -0.78
-0.24 -0.24
-0.35 -0.35
-0.69 -0.69
1.33 1.33
0.33 0.33
-0.12 -0.12
-1.15 -1.15
0.07 0.07
1.36 1.36
-1.12 -1.12
0.94 0.94
0.42 0.42
-0.75 -0.75
0.97 0.97
0.31 0.31
-2.44 -2.44
-0.50 -0.50
-1.17 -1.17
0.13 0.13
1.69 1.69
0.96 0.96
1.32 1.32
-1.81 -1.81
0.01 0.01
1.20 1.20
0.57 0.57
-0.79 -0.79
0.07 0.07
0.36 0.36
-0.96 -0.96
-0.04 -0.04
-0.22 -0.22
