0.33 -0.40
1.44 -0.34
0.54 0.77
2.41 2.79
-0.12 1.50
1.18 0.10
-0.75 2.02
-0.47 0.74
2.40 0.94
0.42 0.82
-0.66 -0.46
2.15 1.12
1.23 1.86
0.89 -0.79
-0.30 -1.03
-0.33 -0.17
0.38 -0.98
-1.32 -0.73
0.45 0.24
-0.36 -1.12
-1.02 -1.54
1.22 1.22
1.08 0.20
-1.09 0.72
0.82 -0.40
-0.45 -0.89
-0.17 0.03
1.03 1.66
2.35 -0.03
0.42 0.09
1.35 -0.58
-0.42 1.57
-0.11 -0.09
-0.19 -0.58
-0.66 1.06
-0.01 -0.85
0.25 -1.46
1.07 -0.17
-1.16 -1.23
0.53 -0.02
0.10 1.34
0.46 0.48
-1.61 -0.40
0.08 -0.72
1.04 -1.00
-0.59 -1.65
-0.37 0.52
0.85 -0.42
2.33 0.07
-0.68 0.31
