-0.35 1.23
2.41 -0.19
-0.82 -0.09
-0.59 -2.04
0.36 1.32
-1.66 -0.56
-0.01 0.48
0.96 -0.34
1.55 0.79
-0.37 -0.88
0.09 -2.26
-2.65 1.63
-0.83 -0.90
-0.60 -0.11
-0.45 -1.24
-0.99 0.58
0.26 0.18
-0.06 -0.89
0.18 -0.29
0.54 -1.52
-0.05 -1.11
-1.37 -0.29
0.41 0.12
-0.25 0.37
-1.06 0.40
1.27 0.29
-1.36 0.86
-1.04 -1.44
-0.02 -0.33
1.02 0.27
0.97 -1.95
1.08 -1.06
0.55 -0.51
-0.76 1.49
-0.26 1.78
0.05 1.11
1.27 -1.08
0.30 -1.05
-0.19 0.38
-0.98 0.15
0.84 -1.18
0.34 -0.15
0.27 -0.77
-0.47 0.48
0.53 -0.26
1.06 -1.59
0.55 -0.71
1.92 -0.70
1.40 -0.12
1.49 0.16
0.74 0.00
-0.56 -1.16
0.67 -0.86
1.81 0.11
-0.76 0.45
-0.85 -2.59
-0.92 -0.14
0.02 -0.45
-1.51 -1.59
-0.45 -1.57
1.08 0.79
-0.51 2.39
0.38 2.15
-0.66 -0.42
-0.03 -0.47
1.83 -0.73
0.64 1.39
-0.55 0.41
0.65 -0.49
-0.52 -0.86
-0.88 0.69
0.31 -0.71
-0.46 0.39
-0.81 0.84
1.59 -0.67
-0.71 0.78
-0.08 -0.11
0.18 0.86
1.51 -0.09
0.96 1.37
-1.42 -0.20
-1.53 0.30
-0.14 -1.44
-3.05 -0.45
-0.45 0.45
-0.78 -0.63
-1.54 -0.49
-0.56 0.75
-0.85 2.23
0.20 -0.22
