-1.03 0.58
0.96 0.39
0.37 -0.29
-1.40 -0.82
-0.16 -1.32
0.99 1.66
-0.51 0.58
-1.19 -0.70
1.24 -0.19
-0.99 -0.29
1.79 -0.14
-2.54 0.03
-0.88 -1.96
-1.05 1.23
-0.95 0.42
-0.30 0.70
0.21 -1.71
0.62 0.16
0.34 -1.02
-0.71 0.77
0.12 -0.24
0.61 0.96
0.15 1.10
1.16 -0.11
-1.41 0.59
0.47 0.00
-1.17 -0.56
1.02 -0.10
0.32 1.51
2.02 0.57
-0.39 0.44
-0.87 0.06
-0.49 1.53
2.01 -0.87
-1.56 -0.84
-0.54 0.33
-1.00 0.47
-0.71 0.51
0.37 0.06
1.14 -1.76
-1.52 1.73
-0.94 -0.29
0.26 -0.74
1.46 1.56
0.09 -0.25
1.72 0.14
0.11 0.13
-0.50 -1.27
-0.12 -1.53
0.45 -0.87
0.08 0.89
0.08 0.06
1.97 -1.82
1.01 0.65
-0.07 -0.65
-0.67 0.13
0.57 -1.68
0.39 -2.50
-0.78 0.73
1.49 0.62
0.83 -0.22
-1.81 1.43
0.30 0.25
-1.45 1.60
0.71 -1.53
-0.65 0.94
-0.22 1.89
1.12 1.92
0.20 -0.45
-0.06 0.07
0.65 -1.13
0.69 -1.25
0.20 -1.32
-0.14 -0.07
0.48 -0.69
-0.97 -0.22
1.27 0.63
-1.41 -0.10
-0.10 0.66
2.07 1.21
-0.42 -1.72
0.61 0.64
-0.18 -0.81
-0.07 0.30
0.96 -0.67
-1.72 1.52
0.69 0.08
0.18 -1.39
2.21 1.03
-0.48 0.99
