-0.81 0.58
-0.86 1.42
-0.28 -0.19
2.01 0.28
0.03 0.84
0.73 1.47
-1.59 0.58
0.26 -0.86
-1.16 -0.85
2.07 0.05
-1.83 0.26
-0.33 0.02
-0.87 1.90
0.22 -0.27
0.40 1.50
0.76 0.53
-0.95 -0.07
-0.33 1.07
-0.05 -0.99
-0.16 0.16
-1.27 0.46
-0.28 -0.02
-0.95 0.88
1.53 -1.30
0.15 0.12
0.27 -0.21
0.20 -1.08
0.95 -0.22
0.63 -0.21
1.28 -0.03
0.01 -0.80
-0.83 -0.32
1.11 -0.85
-0.88 0.74
-0.34 -0.45
-0.01 0.54
-1.69 -1.34
-0.69 -0.31
0.04 -0.35
-0.03 0.02
0.73 -1.45
0.93 -0.56
0.59 0.20
0.98 1.64
0.44 -1.64
2.15 -0.35
-0.26 0.18
-3.21 -0.36
0.48 0.66
0.08 -0.03
-0.49 0.31
-1.93 -1.15
0.50 0.04
0.43 -1.77
0.60 1.28
-0.48 -1.92
-1.37 -2.72
0.14 0.93
-0.53 -0.70
0.34 0.99
-1.86 -0.28
-0.62 -0.26
-0.15 -0.76
0.48 0.01
-1.90 -1.13
-2.46 2.38
-0.17 1.50
2.40 -0.55
-0.39 -1.62
1.02 -1.43
-2.98 0.65
-0.23 -1.30
-0.79 -1.13
2.10 1.30
-0.22 -0.89
-0.07 0.16
-0.42 1.75
0.24 0.83
-0.44 -0.36
-0.43 -0.51
-0.65 -0.63
-1.68 0.51
0.17 1.27
-1.25 0.27
0.47 0.61
-0.50 -0.40
-0.07 -0.69
0.13 -1.07
0.00 1.76
-0.14 0.73
-0.67 -1.25
0.18 0.77
-0.18 1.60
-0.42 -0.62
0.06 0.02
0.13 -0.81
0.06 1.02
-0.96 0.69
0.35 0.90
-0.24 2.59
