-1.13 -1.09
0.59 0.01
-2.10 -1.21
0.56 -0.35
0.46 -0.60
-0.32 -0.94
-0.60 0.20
-1.40 0.97
-0.73 -1.80
-0.98 0.55
0.36 -0.09
-0.82 -0.02
0.12 0.29
-0.87 -0.23
-0.50 -0.27
-0.31 0.24
0.99 -0.09
1.10 0.88
0.40 -0.82
2.09 1.66
-0.62 -2.93
-1.39 1.42
0.24 0.12
-1.14 0.39
-0.68 0.03
1.61 -1.45
-0.71 0.14
0.28 -1.00
-2.58 -0.34
0.47 0.14
0.75 -0.97
-0.82 -0.44
0.37 -2.17
-0.42 -1.15
1.27 -0.57
-0.60 -0.84
1.04 -0.98
-0.79 1.11
-1.84 1.52
1.46 0.28
-1.20 1.07
0.13 -1.41
0.47 -0.38
-0.11 0.68
-0.64 1.31
0.13 -0.02
-0.67 0.81
0.13 1.62
2.51 1.23
-1.37 -1.76
0.49 -0.92
1.80 0.27
-0.95 0.24
-0.81 -2.24
0.02 -0.55
-0.82 -0.31
0.46 0.65
0.36 -2.43
0.91 -1.42
1.09 0.28
-0.62 1.06
-0.22 -0.27
0.29 -1.80
-0.72 0.71
-0.74 -1.67
-0.17 0.60
-0.07 0.65
-1.40 -0.06
1.22 0.92
0.25 1.39
-1.45 0.59
-0.26 -0.73
0.52 -1.27
1.04 0.14
-0.49 -0.01
-1.94 -1.48
0.25 -0.21
-1.06 0.14
-1.12 0.65
0.09 1.27
1.30 -1.02
0.51 -0.58
1.49 0.17
-0.05 1.33
2.25 -0.58
1.00 -1.39
-0.38 0.01
1.23 0.33
-0.53 -0.76
-0.46 0.59
