-1.08 -0.46
0.40 -0.35
1.06 0.80
-0.62 -0.90
0.61 1.07
2.34 0.71
-0.19 -0.10
-0.74 -0.77
-1.63 0.32
0.10 0.63
1.39 0.56
1.20 0.53
1.05 -0.02
1.30 1.97
0.32 -0.17
-1.08 -1.49
0.93 -0.11
0.66 0.70
-0.43 0.35
-0.09 -0.01
-0.41 1.41
-0.11 -0.04
0.53 0.42
0.95 1.56
1.85 1.13
0.08 -2.53
-0.07 0.40
0.65 0.56
-0.28 -0.63
1.04 0.44
-0.60 -0.48
0.45 1.19
0.71 0.25
0.62 0.41
-1.96 0.42
0.46 -0.10
-1.48 0.85
-1.47 -1.84
0.22 -0.59
-2.03 -2.65
0.14 1.23
-2.77 -1.40
-0.76 -1.33
0.64 -0.74
-1.09 0.15
0.44 0.27
-0.31 0.62
-1.70 -0.08
-0.01 0.68
-1.07 -1.52
1.90 0.89
0.54 1.12
0.47 2.20
0.39 -1.04
-0.99 -1.00
-2.10 -0.58
-0.21 -0.86
0.65 0.29
0.80 0.69
-0.03 1.53
-0.57 0.92
1.34 0.59
-0.71 -0.29
0.87 0.89
-0.66 -0.57
-0.21 -0.53
-1.20 -1.91
0.08 0.29
1.90 0.56
-1.83 -1.78
0.97 -0.64
-0.02 0.95
-0.47 0.83
0.65 1.13
0.24 0.93
0.44 -1.58
-1.04 -0.76
0.13 0.75
-1.03 0.46
0.11 0.26
1.07 0.42
-0.07 -0.71
-1.32 -1.04
0.56 1.59
-1.16 0.16
1.17 2.31
1.37 -1.45
0.84 -0.49
0.36 0.64
0.50 0.69
-0.34 0.52
0.97 0.84
1.53 0.66
-0.65 -0.94
0.52 -0.28
-0.16 1.22
0.36 0.43
0.73 0.51
0.57 -0.91
-1.91 -1.94
