1.11 -2.11
0.24 0.51
0.39 1.46
1.00 1.02
-1.79 0.32
0.19 -0.26
0.34 -0.43
-0.26 1.21
0.62 0.05
0.49 -1.86
-0.02 1.10
-1.68 -0.80
-1.98 -0.28
-0.08 1.43
0.04 -0.33
2.14 0.77
0.62 2.83
0.94 -0.56
0.41 0.01
0.37 -0.29
-0.21 -0.65
-0.11 -1.10
0.27 -0.97
-1.17 1.61
0.56 0.11
-1.13 -0.50
1.71 -0.52
-1.11 -1.28
0.89 0.43
-0.49 1.04
-0.11 0.32
-1.08 -0.07
0.11 1.08
-0.10 1.49
-0.13 0.41
2.02 -0.02
-0.40 -0.45
-1.13 1.28
1.11 0.04
-0.22 -1.16
-1.17 0.68
0.42 0.08
-0.22 -0.56
1.05 -0.61
0.42 0.44
0.10 -1.60
2.28 0.47
0.14 -1.17
-0.05 0.45
1.57 0.57
1.34 0.83
-1.03 0.96
-2.15 -1.19
0.40 0.85
1.30 -0.23
-0.02 0.74
-0.34 0.27
0.30 2.06
0.99 0.74
0.34 0.12
-0.24 -0.83
1.35 1.53
0.38 -0.48
0.63 -0.03
0.57 -1.25
0.85 -1.06
1.57 -1.42
0.63 1.34
-0.93 -0.14
0.67 2.19
1.02 -0.09
-0.93 -1.72
0.56 -1.46
-2.61 0.02
-0.11 -0.16
-1.16 1.30
-1.50 -0.62
0.51 0.38
1.99 -0.97
-0.16 0.36
0.10 1.90
-1.30 0.15
0.15 0.60
-0.54 -0.47
2.26 2.18
-0.30 -0.79
0.55 0.47
-1.17 -0.44
0.70 -0.58
-0.71 -0.71
