-1.49 2.29
1.70 -1.37
-0.09 -0.10
1.70 -1.97
0.07 -0.13
-1.86 0.94
-0.22 0.31
0.54 -0.93
-1.34 0.98
-0.93 1.20
1.31 -0.77
0.80 -0.34
2.09 -2.21
0.92 -0.47
0.31 0.03
-1.35 0.94
-0.64 0.57
1.33 -1.21
0.77 -0.46
0.37 -0.38
0.36 -0.07
0.48 -0.67
1.40 -1.19
-0.45 0.13
0.82 -0.54
-0.32 0.79
0.34 -0.62
0.44 -0.41
0.62 -0.72
-0.47 -0.03
-0.13 0.79
0.13 -0.86
-0.32 0.15
1.22 -1.93
0.37 -1.27
1.60 -1.54
-0.84 0.60
-2.39 2.46
-0.13 0.00
-0.94 0.92
-0.44 0.43
-0.13 0.04
-0.17 0.10
1.23 -1.64
-2.24 0.71
0.07 -0.32
0.04 -0.39
-0.79 1.38
-0.04 -0.16
-0.21 0.93
