-0.74 0.22
1.57 0.37
0.73 -0.43
0.62 -0.05
-0.08 -1.52
-2.80 -2.13
-0.68 0.56
-0.78 -0.46
-0.54 -1.55
0.65 -1.43
0.90 -1.14
-0.14 -0.30
-0.10 0.35
-0.51 -0.07
-0.10 1.56
0.93 2.63
0.68 0.33
0.81 0.89
-0.57 1.24
-0.19 0.17
-2.29 -1.93
1.47 -1.37
-0.92 -0.71
-0.21 1.16
-0.38 -2.25
-0.45 -1.86
-2.73 -1.85
-0.51 -0.97
-1.57 0.19
-0.06 -0.46
0.69 0.69
1.46 -0.05
0.54 0.68
-0.92 -0.48
1.50 -0.56
0.45 -0.19
-1.10 1.07
0.01 -0.24
-0.56 1.38
0.39 -1.16
-0.36 -1.95
0.08 -0.55
1.09 0.39
0.27 -0.69
0.50 -0.65
-0.74 1.28
-0.56 0.21
-0.36 -0.44
0.43 0.61
1.23 0.35
-0.02 -0.55
1.51 -0.56
0.17 -1.11
1.62 0.65
-0.55 -0.93
-0.45 2.07
0.68 -0.75
-0.27 -0.82
-1.08 -0.74
1.20 0.88
1.85 1.35
0.19 -0.02
-0.17 -1.18
0.97 0.86
-0.20 -0.70
-0.16 -0.25
-0.05 -0.43
0.06 -0.88
-0.68 -0.31
0.34 0.05
-0.54 -1.14
-0.53 0.52
-1.87 -1.32
-1.35 -0.51
1.07 1.78
-1.49 -0.32
0.08 0.70
-0.99 -0.72
-1.74 -0.68
0.16 -0.28
0.36 1.04
0.72 1.00
1.61 -0.15
-0.03 1.16
1.78 0.76
1.45 0.69
-1.92 -1.53
-0.94 -0.07
-0.12 -0.22
1.40 1.14
