0.62 0.13
0.31 0.62
-0.97 -0.47
1.58 1.85
0.20 0.50
-0.16 0.01
-1.19 -0.49
1.64 2.02
-0.49 -0.38
-1.27 -1.20
0.10 -0.46
0.98 0.61
1.15 0.97
0.26 -0.14
-0.40 0.05
-2.43 -2.01
-0.49 -0.88
0.34 0.23
0.67 0.20
0.32 0.44
-0.83 -1.21
0.98 1.01
-0.07 -0.15
-0.22 -0.33
0.51 0.42
-0.06 -0.84
-0.77 -0.51
-1.49 -1.25
-1.56 -1.95
-0.84 -0.48
-1.49 -1.91
0.07 -0.05
1.39 1.15
1.19 1.62
0.52 0.49
1.11 1.40
0.45 0.48
-0.08 -0.40
1.34 1.33
0.38 0.20
-0.16 -0.56
0.73 0.31
-0.62 -0.58
1.19 0.48
-0.21 -0.44
0.04 0.29
-1.60 -0.87
-2.10 -2.12
-1.86 -1.47
0.95 0.93
-1.80 -1.19
-1.45 -0.67
-0.69 -1.17
1.27 0.93
-1.01 -1.29
-0.68 -0.85
0.46 0.44
-0.75 -1.49
1.64 1.56
-1.00 -0.84
1.15 1.81
-1.66 -0.78
-1.30 -1.51
0.41 0.89
0.23 0.88
-0.49 -0.37
0.18 -0.27
1.18 1.77
-0.18 -0.41
-0.08 0.67
0.30 -0.73
1.79 1.57
0.94 1.23
0.30 0.54
-0.18 -1.06
-0.76 -1.22
1.02 1.20
0.76 0.60
1.29 0.57
1.79 0.79
0.15 1.00
-0.52 -0.46
1.11 1.14
1.53 1.13
0.27 0.21
0.63 0.64
0.38 0.06
1.40 2.07
-0.38 0.29
-0.94 0.03
