0.97 1.62
-1.82 -1.17
-1.33 0.89
-0.25 -0.80
1.29 1.09
1.25 0.96
-0.56 1.56
0.51 -1.05
-2.27 1.66
-1.05 -1.18
0.17 0.33
-0.91 -1.30
0.33 0.13
0.85 0.13
-1.94 -0.74
-0.29 -1.97
1.11 -0.32
1.06 -0.31
0.17 -1.67
-0.62 0.90
0.16 0.96
0.89 -0.52
1.55 0.48
-0.65 -0.56
-0.26 -2.37
-0.60 -1.37
-1.38 -0.32
0.23 -0.78
2.69 -0.46
0.29 1.18
1.06 1.44
0.35 0.28
-1.62 -1.95
-0.29 -0.32
-0.54 0.62
-1.31 1.09
-0.03 0.33
-0.39 0.18
0.21 1.40
-0.07 -0.20
1.17 -0.12
0.19 0.02
0.44 -1.03
0.17 0.10
-1.09 -0.20
-0.31 0.40
1.27 0.65
1.04 1.30
-0.57 -0.18
0.27 0.09
