0.20 -0.78
-0.36 -0.10
-0.63 -0.96
1.46 1.06
-0.10 0.52
-0.16 0.58
0.16 -0.97
-1.60 -1.22
-0.60 1.07
0.63 -0.03
-0.76 -0.63
-1.10 -1.19
0.11 0.49
1.01 -0.65
-2.02 -1.22
0.09 0.48
-0.55 1.12
-1.17 -0.76
1.00 0.62
0.94 -0.47
0.72 0.64
-0.38 0.71
0.71 0.60
-1.38 -0.52
-0.22 -1.47
-0.91 1.49
-0.47 0.57
-0.91 -1.57
-1.10 0.48
-0.41 -0.66
-1.25 -0.70
-0.81 -0.48
-1.30 -1.82
0.34 1.16
-0.41 0.21
-0.02 -0.22
1.89 2.13
-0.98 -0.77
1.69 0.96
-0.64 -0.80
1.19 1.66
1.95 1.62
-1.07 -0.37
-0.06 -1.89
-1.21 -0.95
0.43 0.61
0.79 0.91
-1.02 -0.50
-1.11 0.40
0.62 0.05
-0.28 0.05
-1.32 -0.58
1.67 0.07
-0.60 -0.11
0.62 0.67
-1.22 -2.77
-0.64 -0.16
-0.26 0.34
-1.45 0.42
-0.65 0.41
-0.70 -1.43
-0.66 -0.19
1.12 1.76
-1.69 -1.81
-1.24 -0.41
1.00 -0.05
-0.73 0.35
1.15 0.66
1.78 0.68
-1.24 -1.49
-0.92 -0.61
-1.17 -0.40
-0.55 0.04
0.66 0.70
1.63 0.12
0.55 -0.42
-0.41 1.15
-0.00 -0.09
0.05 -0.25
-1.55 -0.55
-0.57 -1.51
-2.05 -0.42
0.88 0.79
1.82 2.52
-0.76 -2.34
-0.11 1.66
-0.62 -0.53
-1.97 -0.90
1.16 0.86
0.27 0.66
