1.07 -0.02
0.18 -0.86
0.61 0.68
-1.81 -1.66
0.50 0.66
-0.73 -1.27
-0.75 -1.62
0.31 1.44
2.21 1.28
-0.11 0.72
0.89 -1.09
-0.24 0.55
-0.74 -1.10
0.61 -0.18
-0.76 -0.30
0.35 0.93
-2.04 -0.61
2.60 1.87
-1.27 -0.26
-0.29 -0.36
-0.14 -0.06
0.60 -1.10
0.50 0.65
-0.46 0.20
-0.11 1.16
0.72 1.34
-0.34 -1.15
0.49 0.33
1.58 -0.31
-0.38 -0.99
0.82 1.93
0.42 0.84
-1.55 -1.36
-0.56 -0.34
1.52 1.54
-1.57 0.11
-0.00 0.75
0.95 -0.70
1.00 1.45
0.33 -0.40
0.59 0.78
0.97 0.06
-0.41 0.60
0.51 -0.17
1.17 -0.15
-0.45 0.94
1.44 1.65
-2.08 -2.35
0.13 0.24
-0.22 -0.32
