-1.52 -1.06
0.12 -0.39
0.89 0.90
0.15 0.82
1.75 1.55
0.15 -0.34
0.47 0.04
0.47 -0.96
-0.73 -1.32
-0.67 -1.17
-0.54 -2.70
-0.79 -1.38
-1.53 -0.17
0.85 0.33
-1.94 -1.26
0.56 -1.53
0.70 -0.85
-1.38 1.20
1.12 0.46
0.25 -0.54
1.36 0.25
0.62 1.93
-0.95 -1.38
0.26 1.08
-0.30 -0.60
1.36 0.30
3.44 1.43
0.51 -0.77
-0.52 0.52
-0.68 -0.45
-0.19 0.46
-0.56 1.30
-0.40 -0.76
0.15 0.10
-1.07 -0.13
0.46 -0.56
1.15 -0.06
2.07 1.95
-2.45 0.55
0.79 1.05
-0.06 0.37
1.49 0.87
0.28 0.39
0.15 -0.92
-0.49 1.10
0.93 2.46
-0.06 0.42
1.18 -0.90
0.46 0.37
0.97 1.58
0.22 1.44
1.91 1.48
0.05 1.07
-0.54 -0.61
-0.12 -0.00
0.22 0.48
-0.47 1.58
-0.21 -0.21
0.36 -2.05
-0.08 2.04
-0.31 -0.20
-0.49 -0.04
-0.95 1.41
-0.41 0.98
-0.64 0.11
0.73 0.04
-0.13 0.60
0.22 0.47
-1.39 -0.30
-1.54 0.58
0.08 0.71
-0.75 1.04
-0.17 -0.74
-1.05 -0.50
0.38 -0.69
2.22 0.48
-1.53 -0.78
-1.23 0.91
-0.25 0.62
-0.29 -1.93
-1.00 0.74
-2.06 -1.19
1.79 1.70
-0.37 -0.80
-0.12 -0.30
0.93 -1.00
-0.91 0.86
0.69 0.40
-1.57 0.19
-0.57 -0.74
2.18 1.03
0.36 -0.13
1.04 -0.18
-0.04 -1.84
0.65 0.55
-0.36 0.40
0.02 0.20
-0.31 1.20
-0.60 0.95
0.14 0.82
