0.06 0.57
0.00 -0.18
1.16 -0.11
-0.99 -1.29
1.29 1.87
-2.02 -2.14
1.83 1.98
-0.01 -0.30
-0.84 0.40
0.71 -0.15
-0.83 -0.45
-0.98 -0.36
-0.17 -1.03
1.67 1.59
0.56 0.57
0.58 0.78
-0.85 -0.45
-0.12 0.81
1.98 2.54
-0.28 0.25
1.65 0.86
-0.93 -1.18
-0.60 -1.01
1.63 0.26
-1.37 0.24
-0.91 -0.41
0.44 0.64
-0.93 -0.87
0.15 0.42
0.50 0.01
-0.16 -0.84
0.82 0.19
0.42 2.05
0.09 0.89
-0.43 -1.11
0.67 1.95
1.45 -0.33
1.68 0.99
0.71 0.82
1.03 0.31
1.25 0.85
0.83 1.10
-1.18 0.37
0.70 0.05
0.03 -0.78
1.89 0.70
1.91 2.10
-0.84 -1.08
-0.41 0.25
0.35 -0.26
