-0.72 0.29
0.22 0.80
-0.18 -1.51
1.57 1.26
-0.70 1.12
0.27 -0.30
0.02 0.74
-0.17 -0.06
0.94 -0.22
0.01 -0.02
-0.04 0.20
1.45 -0.90
-0.95 -1.79
-0.77 1.76
0.24 1.19
-0.18 -0.40
-0.45 1.10
-0.39 -0.84
1.36 0.48
-0.52 -1.38
0.77 -0.51
3.99 2.04
0.23 0.52
1.06 0.53
-0.46 0.09
-0.53 1.04
0.37 1.51
0.20 -0.78
1.83 -1.67
0.01 -1.38
0.14 0.39
-2.20 -1.47
-0.04 -0.69
0.36 -0.42
-0.90 0.79
-0.08 0.60
1.11 -0.36
0.10 -0.53
-0.46 -1.01
-0.07 0.62
-0.15 0.18
-0.24 -0.06
-0.74 0.97
1.87 1.07
-0.85 1.62
2.15 2.17
1.63 1.40
0.40 0.76
0.03 0.46
-0.32 -0.74
