-0.60 0.57
-1.74 2.20
0.28 -1.39
0.36 -0.55
2.83 -2.73
-0.92 1.58
-0.22 0.96
-0.64 -0.65
0.35 -0.43
-0.06 -0.54
-0.57 0.76
0.60 0.35
-1.06 1.01
1.86 -1.21
0.49 -0.49
-2.69 3.15
0.79 -0.92
-0.09 1.11
0.14 -0.33
1.13 -0.93
0.55 0.28
1.93 -0.77
1.20 -0.26
1.73 -0.83
-0.92 0.76
-0.26 0.30
0.84 -0.84
1.00 -0.81
-0.35 0.38
0.26 -0.02
-0.03 0.20
-0.89 1.17
-0.60 0.77
-0.33 0.19
0.03 0.15
-0.63 -0.43
0.94 -1.40
-0.45 0.87
0.71 -0.23
0.00 0.19
-1.11 2.08
-2.39 1.48
-0.30 0.50
1.24 -1.13
0.22 -0.01
0.45 -0.19
-2.03 2.56
0.01 -0.03
-0.73 -0.27
0.30 -0.67
1.14 -0.62
0.27 0.58
0.94 -0.44
-0.70 0.63
-1.14 0.09
-0.76 0.34
-0.07 1.17
-0.82 -0.05
-0.70 0.18
-0.18 0.20
-1.53 1.59
-0.86 1.57
0.34 -0.04
-2.06 1.45
1.02 -0.41
-1.02 0.77
-0.11 -0.71
-0.30 0.15
0.38 -0.15
-1.74 1.34
-1.68 2.17
-0.23 -0.55
-0.02 0.64
-0.04 0.61
-1.05 0.61
0.27 -1.24
0.31 -0.35
-2.22 2.19
0.93 -0.54
0.10 0.20
-0.60 -0.57
0.96 0.25
0.26 1.65
-0.37 1.03
0.47 0.25
0.44 -1.51
-1.57 1.02
-0.27 0.75
1.25 -0.75
-1.05 0.16
