1.91 -1.01
-1.98 -0.34
0.55 0.07
-0.83 0.89
-0.62 -0.57
-0.54 -0.27
1.60 0.39
0.56 0.81
0.90 1.27
-0.91 -0.89
-3.76 -2.32
0.38 -1.92
-0.46 -0.54
-0.70 -0.06
0.11 1.02
-0.74 -0.41
0.17 0.10
0.99 0.25
0.22 -0.61
-0.47 -0.15
-0.33 0.90
0.15 1.04
1.09 1.90
-0.14 0.75
0.24 -0.56
-0.70 -0.15
0.38 -0.40
-1.29 -0.73
-0.17 -0.80
0.83 -0.59
0.97 0.45
-0.59 -0.64
2.15 2.43
0.36 -1.15
0.77 -0.63
-0.42 0.15
-0.03 0.87
-0.44 -0.24
-0.57 -0.76
0.02 0.31
0.26 -1.22
1.13 0.83
0.29 1.41
-1.45 -0.92
0.49 -0.33
-1.02 -2.88
-0.20 0.28
-1.23 -1.19
1.10 0.63
0.32 -1.11
