1.20 -1.20
-0.25 0.25
0.19 -0.19
-0.51 0.51
0.70 -0.70
-2.35 2.35
0.28 -0.28
-0.04 0.04
1.62 -1.62
-1.01 1.01
-1.21 1.21
-0.31 0.31
1.67 -1.67
0.38 -0.38
-0.24 0.24
1.19 -1.19
-0.70 0.70
-2.63 2.63
0.98 -0.98
0.24 -0.24
1.06 -1.06
-0.63 0.63
-0.14 0.14
-0.66 0.66
-0.99 0.99
0.86 -0.86
0.63 -0.63
0.31 -0.31
1.58 -1.58
0.08 -0.08
0.29 -0.29
-1.00 1.00
0.26 -0.26
-0.17 0.17
-1.34 1.34
0.93 -0.93
-0.06 0.06
-0.81 0.81
0.99 -0.99
-0.50 0.50
0.57 -0.57
-0.97 0.97
-1.55 1.55
-1.23 1.23
0.43 -0.43
-2.12 2.12
1.61 -1.61
1.52 -1.52
-2.03 2.03
1.24 -1.24
1.48 -1.48
1.80 -1.80
0.89 -0.89
-0.94 0.94
0.88 -0.88
0.11 -0.11
1.96 -1.96
-0.03 0.03
-0.66 0.66
-0.65 0.65
-0.33 0.33
-0.10 0.10
-0.05 0.05
1.13 -1.13
2.21 -2.21
0.26 -0.26
1.14 -1.14
-0.46 0.46
0.74 -0.74
-0.74 0.74
0.79 -0.79
-0.54 0.54
-0.68 0.68
0.55 -0.55
0.19 -0.19
-0.00 0.00
-0.20 0.20
0.20 -0.20
0.27 -0.27
-1.35 1.35
0.28 -0.28
-0.48 0.48
0.75 -0.75
-0.55 0.55
-0.34 0.34
0.46 -0.46
0.40 -0.40
0.46 -0.46
2.16 -2.16
-0.44 0.44
