-2.22 0.60
1.24 -0.27
-0.56 1.14
0.39 0.54
-0.79 0.23
0.48 -0.28
-0.20 -0.48
-0.95 1.02
-0.26 0.71
0.85 0.30
-0.13 -0.20
1.25 0.61
-0.99 0.61
-0.52 -0.52
-1.12 0.17
1.64 0.90
0.70 0.75
-0.91 0.43
0.35 -0.05
0.13 0.53
-0.47 -0.32
0.70 0.25
0.37 0.33
0.77 -0.52
0.66 0.03
0.07 -0.93
0.92 1.55
1.69 1.70
0.31 -0.77
-1.27 0.57
-0.45 1.03
-0.48 -1.43
-1.83 1.32
0.14 1.33
-1.59 -0.10
-0.14 1.06
-1.03 -2.10
1.07 -0.36
0.48 0.58
-0.11 1.05
0.71 -0.11
1.44 0.27
-0.21 0.48
0.17 0.67
-1.72 -0.87
1.93 0.34
-0.21 -0.52
0.42 -1.80
-0.37 0.31
-0.70 -0.63
0.34 -0.66
-1.36 -0.86
1.09 -0.82
-0.86 -0.31
2.54 1.99
-1.71 -0.67
-0.08 0.39
-0.61 0.28
-0.47 1.56
-0.69 -2.55
0.56 -2.24
0.10 -1.33
-0.66 -0.50
-0.94 -1.28
-1.80 1.37
2.36 1.59
1.19 0.03
-0.75 -0.65
0.71 -0.76
0.11 0.54
0.96 2.07
-1.10 -0.69
0.99 0.61
-2.13 -2.07
0.75 -1.40
-0.68 -0.94
-1.20 -0.36
-0.62 0.73
1.91 1.37
1.19 -0.44
-1.13 -0.02
-1.12 2.24
2.23 0.29
1.11 -0.90
-0.09 -1.66
-0.09 -0.10
0.11 0.90
-0.89 0.03
0.20 -0.89
-0.21 -1.76
1.34 -1.06
-0.06 0.91
0.23 0.96
-0.12 -0.65
-0.13 0.53
-0.41 -1.39
-0.28 -1.36
-0.22 -0.18
1.09 0.43
-0.31 0.49
