0.91 0.66
0.37 0.06
1.20 1.44
-1.12 -1.57
-0.27 0.14
-0.81 1.05
-0.63 0.45
-1.25 -2.13
1.36 0.97
0.68 0.62
-0.65 1.55
1.47 0.98
-1.15 1.13
0.54 0.15
-0.52 0.31
0.11 0.31
-1.16 -1.24
2.41 -0.42
1.38 0.23
-1.07 0.50
1.10 -0.42
0.32 -1.22
-0.06 1.16
0.44 0.36
0.26 -1.65
0.78 0.02
0.53 0.17
-0.93 -0.18
0.31 -0.01
-0.13 0.45
-0.87 -1.97
-1.82 1.38
-1.25 0.73
1.39 -1.20
0.52 1.03
-1.11 1.03
1.18 1.34
2.04 1.56
0.91 0.93
0.68 0.33
-0.71 -1.12
0.11 -1.11
0.06 1.37
0.10 1.10
0.44 -0.43
-1.77 0.14
-0.04 -1.02
0.12 1.88
-1.59 1.06
-1.00 1.08
