-0.07 -0.62
-1.42 1.25
-1.11 1.15
-0.55 0.14
-1.92 1.18
0.21 -0.72
-0.62 1.50
1.18 0.46
0.17 0.02
0.41 -0.11
0.64 0.40
1.00 -2.15
0.77 -2.41
0.34 -0.16
2.03 -0.74
-0.56 0.40
-0.76 1.00
0.23 0.14
-1.01 0.13
-0.87 1.51
0.66 -0.69
-1.20 0.39
0.03 0.82
-2.15 1.16
-0.11 0.95
-1.27 0.93
0.73 1.09
0.79 -1.43
-1.56 0.94
-1.38 -0.02
0.65 -1.50
-1.17 0.76
0.28 1.02
0.02 0.72
-0.72 0.49
0.50 -0.14
-1.33 0.49
1.64 0.31
1.18 0.66
-0.80 0.30
0.64 -2.41
-1.48 1.50
0.41 -0.96
-0.18 -0.28
1.15 -1.49
-1.30 1.00
-0.53 0.06
1.40 -0.61
1.27 -0.59
-0.32 1.27
