0.45 0.45
0.64 0.64
0.37 0.37
-0.36 -0.36
0.23 0.23
-1.27 -1.27
0.69 0.69
1.55 1.55
-0.85 -0.85
-0.28 -0.28
1.43 1.43
-0.38 -0.38
0.79 0.79
0.83 0.83
-0.35 -0.35
-0.97 -0.97
2.03 2.03
0.74 0.74
-1.72 -1.72
0.53 0.53
-0.17 -0.17
3.02 3.02
0.56 0.56
0.23 0.23
0.97 0.97
-0.26 -0.26
-1.14 -1.14
1.88 1.88
-1.15 -1.15
0.43 0.43
2.00 2.00
-0.57 -0.57
-0.65 -0.65
0.62 0.62
0.44 0.44
0.72 0.72
0.29 0.29
-1.07 -1.07
2.22 2.22
-0.69 -0.69
1.03 1.03
-0.10 -0.10
0.57 0.57
-0.25 -0.25
-0.89 -0.89
0.88 0.88
-0.85 -0.85
0.79 0.79
0.78 0.78
-0.63 -0.63
