0.57 -1.76
-0.00 -1.00
0.02 -0.91
1.01 0.15
-0.72 0.01
1.21 -1.27
-0.40 1.46
1.85 -3.07
1.19 1.15
-0.95 -0.12
1.37 0.15
1.07 -1.85
0.11 1.85
0.61 1.44
1.31 0.63
-0.03 0.89
0.67 0.47
0.76 -0.43
0.39 0.06
0.78 -0.35
-2.29 -0.35
1.10 0.03
0.84 -0.58
-0.61 0.69
-0.96 -0.36
0.30 0.82
-0.22 0.07
-0.08 -0.54
0.45 -1.26
-0.25 -1.77
-0.02 -0.32
-0.51 -0.31
0.11 1.27
0.40 -0.61
-1.43 -0.74
0.50 -1.77
-0.29 -1.00
-0.79 0.19
1.63 -0.63
1.04 -0.71
0.22 -0.85
0.61 0.87
-2.57 0.37
-0.58 -0.30
-0.18 0.86
-2.25 0.69
-2.11 0.22
-0.12 -1.22
-0.50 -1.77
-0.84 0.46
