-0.63 0.01
-0.31 -0.10
1.21 1.25
-2.24 -1.70
0.01 -0.03
0.43 0.02
1.09 0.67
0.14 -0.15
-0.04 -0.55
-1.91 -1.99
0.73 0.25
-0.96 -1.09
0.94 1.00
1.73 2.17
0.25 0.44
1.71 1.02
0.22 -0.28
3.07 3.54
1.07 0.48
-0.55 0.08
0.41 1.06
-0.97 -0.65
-1.28 -1.09
-1.27 -0.73
-0.49 -0.70
0.05 -1.20
0.65 0.82
-0.25 0.42
-1.05 -0.53
0.29 -0.07
0.92 0.82
0.08 -0.26
-0.36 -0.53
0.36 0.40
-0.77 -0.65
0.82 0.68
0.61 0.77
-0.25 -0.24
-1.63 -1.74
-0.97 -1.36
-0.66 -0.23
-0.61 -0.43
1.48 2.05
-1.20 -0.85
0.28 0.28
1.29 0.59
-0.85 -0.93
1.21 1.67
-0.40 -0.84
0.43 0.29
-0.69 -0.24
-0.41 0.04
-0.79 -0.68
-0.81 -0.04
0.40 -0.14
-0.28 -0.11
1.84 1.51
-1.00 -1.02
1.14 1.61
-0.74 -0.91
-0.30 -0.78
-1.17 -1.25
-1.95 -1.62
-2.05 -1.65
0.78 0.70
0.98 1.59
-0.90 -0.80
-1.04 -1.56
-1.54 -1.78
-0.94 -1.26
0.83 0.58
-0.97 -0.90
-1.55 -1.40
0.62 0.30
-0.01 -0.36
0.25 -0.80
-0.36 -0.77
1.07 1.10
0.88 0.19
-0.46 0.45
-0.52 0.01
-1.11 -0.77
-0.36 -0.38
0.08 0.59
-1.54 -2.03
0.62 0.40
-1.47 -1.81
0.95 0.86
-0.85 -1.38
-1.53 -0.64
-0.65 -0.88
-0.75 -0.95
-2.05 -1.67
-0.63 0.11
1.13 -0.01
-0.48 -0.06
-0.10 -0.56
-0.26 0.29
-0.33 -0.24
0.89 0.54
