0.12 -0.20
1.23 -0.04
0.03 0.14
0.45 -1.40
0.23 -0.57
-0.01 0.69
-0.44 1.52
-0.28 -0.22
1.25 -1.44
-1.28 1.71
0.60 0.60
0.15 -0.25
2.27 -2.21
-0.86 0.90
-0.53 -0.09
0.56 -0.17
0.84 -1.03
1.51 -0.01
0.11 -0.46
-1.77 1.18
1.11 -0.17
0.11 0.52
0.11 0.24
-0.54 -1.12
-0.16 0.35
0.01 0.45
0.87 -0.81
-2.24 1.30
0.89 -0.54
2.04 -0.62
0.38 -1.05
0.40 -2.35
-0.97 1.04
-0.54 -0.35
-0.24 0.27
-0.31 0.68
1.74 -0.46
0.57 1.11
0.77 -0.25
0.84 -1.45
0.09 -0.56
1.44 -0.69
0.08 -0.41
1.21 -0.16
-1.98 0.78
0.11 -0.21
0.56 -0.83
1.80 -1.05
0.75 -0.30
-0.87 1.22
-0.99 0.48
0.97 -2.55
-1.34 1.68
-1.30 1.47
-1.10 2.35
-0.67 1.13
-1.35 0.92
0.22 0.33
-0.03 -1.56
0.53 -2.33
1.89 0.04
-0.25 -0.20
-0.52 0.85
-1.36 0.19
-0.50 -0.71
1.14 -0.52
-1.10 0.29
0.58 1.14
-0.57 0.22
-0.45 -0.34
-0.31 1.27
-0.46 -0.66
0.13 0.77
0.97 0.44
1.05 -0.53
0.91 -0.77
0.40 -1.14
-0.41 -1.18
-1.95 1.48
0.61 0.77
-0.04 0.82
0.09 0.06
-0.48 0.42
-1.35 0.07
-0.37 0.49
1.90 -1.75
0.44 0.34
-2.34 2.17
0.46 -0.53
-1.72 -0.39
