-0.06 -0.69
0.97 -0.27
0.88 -0.62
-0.10 1.49
-1.16 1.30
0.79 -1.66
-2.22 2.40
0.71 -0.87
-0.23 0.19
-0.54 1.09
0.71 1.36
-0.33 0.76
-0.87 1.24
-0.90 1.52
-0.09 0.95
0.24 0.35
-0.16 0.35
-1.43 2.30
0.77 -0.69
1.60 -1.87
-0.24 0.42
0.90 -0.33
0.94 -1.70
0.57 -0.17
-2.28 0.73
1.58 -0.99
-0.20 -0.92
-0.63 0.02
0.17 0.23
0.95 -0.52
-0.14 0.18
0.28 -1.40
0.08 -0.18
-0.14 -0.06
-2.40 1.50
-0.48 -1.01
0.74 -0.88
0.76 0.23
-0.91 0.98
-0.33 0.04
0.15 -0.85
-0.91 -0.34
1.54 -1.30
0.48 -0.05
-1.57 0.92
0.14 -0.32
-1.87 0.14
0.18 -0.11
0.83 -0.90
0.81 -0.14
-0.68 -0.64
-0.76 -0.03
0.06 1.03
-0.60 -0.63
-0.25 -0.32
-1.41 0.91
0.07 -0.03
0.72 0.15
1.48 -1.05
1.76 -1.57
0.29 -0.61
0.70 -0.63
-1.75 0.74
-1.58 1.60
0.12 0.55
0.95 0.80
-0.62 0.79
0.00 -0.02
-0.52 0.48
-1.70 1.38
1.04 -3.15
-0.51 0.15
-1.09 0.45
-0.25 1.15
1.01 -1.42
0.94 -1.17
-0.12 -1.00
1.77 -1.58
1.41 -0.87
-0.19 0.28
0.23 0.48
-0.62 0.17
0.06 0.93
0.43 -0.20
-1.85 0.72
-0.39 -0.19
-0.59 -0.19
0.84 0.50
0.32 0.06
1.07 -1.48
0.56 -1.06
1.94 -1.85
-1.78 1.91
2.00 -0.80
1.86 0.07
-0.36 0.20
-0.09 0.80
-1.01 1.69
0.38 -0.28
-0.92 0.90
