-0.98 -0.66
-2.72 2.09
-0.21 -0.48
-0.02 0.81
-0.43 0.39
1.26 -1.18
0.81 -1.55
2.23 -0.47
0.76 -1.05
1.28 -0.74
-1.07 -0.59
-0.82 0.49
1.14 -1.48
0.54 -1.19
0.43 -0.45
0.11 1.39
1.39 -0.89
0.95 -1.24
0.15 1.49
-1.03 0.60
-0.16 0.52
0.45 0.53
0.02 0.25
-1.71 2.12
1.36 -1.10
-1.79 1.53
0.86 0.67
0.47 0.77
-1.21 -0.05
0.55 0.15
-0.90 -0.50
0.28 -1.04
-0.90 -0.08
-0.14 -1.72
-0.85 0.07
-0.30 -0.43
-1.74 0.83
1.34 -0.26
-0.11 0.16
-0.85 2.09
0.23 -0.96
-0.80 0.33
-1.61 1.32
1.48 0.72
-2.03 1.88
-0.44 -0.44
-0.99 0.69
-0.40 -1.07
0.79 0.67
1.39 -0.76
1.00 0.91
-0.81 -0.43
0.43 -0.50
0.23 0.85
0.94 0.08
0.55 -2.31
-0.22 0.27
0.12 -1.97
-0.66 0.42
-0.37 -0.95
2.08 -0.13
1.53 0.41
-0.79 0.68
0.78 -1.01
1.57 -1.87
-0.64 0.11
0.61 -0.13
-0.41 0.71
-0.48 -0.61
0.76 -0.67
0.38 1.12
2.16 -0.78
1.21 -0.42
-0.41 0.25
1.66 -0.68
0.43 -1.01
-0.63 1.38
0.10 -1.13
-0.76 0.79
-0.51 1.77
0.47 0.56
0.46 -1.04
-0.37 -1.00
0.50 0.53
0.17 -0.48
0.25 -1.94
0.13 -0.18
-0.43 0.72
-0.72 0.68
-2.01 1.17
