-0.98 -1.45
0.27 0.56
-0.27 -0.16
0.47 0.82
-0.50 -0.75
-0.83 -0.87
0.37 0.14
1.19 1.24
0.68 -0.11
3.27 3.70
-0.32 0.48
0.72 -0.05
-1.71 -1.93
-1.57 -1.07
1.35 1.39
0.92 0.65
-1.52 -1.96
-1.96 -0.82
0.17 0.87
0.71 0.51
-0.71 -1.47
1.33 1.82
0.09 0.60
0.09 1.54
-1.35 -1.16
-0.15 -0.49
-1.83 -2.33
1.00 1.07
-0.13 0.69
1.52 1.13
0.32 -0.27
-0.51 -0.43
0.35 0.14
-1.25 0.33
-0.45 -0.28
0.79 0.80
-2.41 -2.94
1.39 1.70
0.28 0.15
0.98 0.98
0.80 0.22
-0.46 0.04
0.12 -0.29
-0.41 0.60
-1.42 -0.15
-0.82 1.10
0.18 -0.23
1.06 1.09
-1.10 -1.14
-0.20 -0.17
1.44 0.27
-1.13 -1.06
0.07 0.32
0.24 0.10
-0.57 -1.27
-0.30 -0.24
-0.03 0.25
-0.28 0.45
1.22 -0.54
0.22 -0.45
-0.39 0.24
0.24 -0.44
-0.34 -0.06
-0.54 -0.70
-0.00 0.46
-0.88 -0.73
-0.84 0.41
1.18 0.68
1.01 0.39
-1.52 -0.40
-1.29 -1.66
-0.66 -0.64
-0.86 -0.98
1.01 1.06
-0.56 0.43
1.07 1.46
-1.04 -0.65
-0.71 -0.17
-1.59 -0.67
0.12 0.43
0.31 0.79
-1.25 -0.42
-0.35 0.01
-0.30 -0.21
-0.96 -0.49
-0.21 -0.50
-1.47 -0.18
-0.97 -0.81
0.72 -0.18
-2.34 -2.14
