1.19 -1.73
-0.99 1.58
-0.29 0.96
1.40 -0.49
-0.57 -1.44
-1.55 0.39
0.18 -0.53
0.73 0.66
0.49 -0.66
-1.09 0.58
0.51 0.90
0.89 -2.31
0.83 -1.15
0.17 0.55
0.91 -0.60
0.78 -0.40
-0.58 -0.10
-0.41 -0.10
1.40 -0.77
0.37 0.48
2.80 -1.76
0.21 1.41
-1.84 2.08
0.21 -1.33
0.11 0.78
1.02 -0.40
-1.59 0.74
1.67 -0.83
1.31 -0.35
-0.26 0.69
-0.39 0.64
-0.19 0.40
1.05 -1.23
0.43 -0.09
-0.34 -0.13
0.56 -0.28
-0.46 0.70
1.12 -1.38
-0.62 0.51
2.04 -0.92
-0.69 0.49
1.36 -0.63
0.77 0.75
-0.96 1.12
-0.77 0.69
-1.16 2.06
1.56 -0.65
-0.63 1.01
-0.90 1.05
-0.15 1.15
