0.03 -0.77
-1.72 2.03
1.12 -0.71
-1.47 0.32
-0.92 -0.15
1.40 -1.70
0.37 0.54
0.20 0.02
-0.30 1.14
0.17 -0.04
-1.05 0.12
1.02 -1.11
0.19 -0.18
-0.53 0.45
0.25 -0.88
0.20 0.47
0.20 0.18
0.18 -1.18
0.76 -0.43
0.42 -1.08
1.52 -1.40
0.61 -0.61
1.59 -0.49
0.96 -0.97
-1.20 0.23
-2.16 0.86
0.21 0.56
0.48 0.83
-1.08 1.34
0.70 -0.08
1.60 -1.50
0.21 0.50
-0.45 0.32
0.41 -0.77
-1.61 1.67
-0.55 -0.35
-2.48 1.91
-0.77 1.74
0.40 -0.08
-0.47 -0.44
1.23 -1.72
0.47 -0.89
0.99 -1.14
0.19 -0.87
1.17 -0.92
1.20 -0.92
-0.56 1.49
1.50 -1.35
0.47 -0.30
-1.13 1.02
0.00 0.26
1.25 -1.07
0.71 -0.35
-1.20 1.88
0.55 -0.82
-0.26 0.40
-1.73 2.03
-1.16 1.26
-0.79 1.17
-0.18 -0.31
0.80 0.31
1.40 -0.54
0.16 -0.24
-0.10 -0.23
0.63 0.23
1.60 -1.14
0.62 -0.35
-0.05 -0.41
1.50 -1.24
0.68 -1.13
-0.70 2.75
-0.73 0.18
-0.86 1.16
-0.02 0.17
0.46 -0.88
-0.06 -0.40
-0.48 -0.54
-0.69 0.20
0.51 -1.51
-1.04 0.51
1.65 -1.66
-0.01 1.13
-1.40 0.63
-0.48 -0.05
1.01 -1.46
-2.78 1.89
1.22 -0.82
-0.89 1.05
-0.63 0.71
-2.02 2.17
-1.25 0.89
-0.61 1.13
0.02 -0.34
1.30 -0.34
1.40 -0.96
-0.60 -0.26
-1.15 0.22
-0.30 0.69
0.97 -0.76
-0.24 0.13
