-3.20 -0.20
0.76 -1.96
0.64 -0.46
-2.24 1.01
-0.74 2.88
0.74 -0.87
-0.42 0.26
1.40 -1.10
-0.71 0.91
-0.19 -0.95
1.40 -0.41
1.07 1.54
-1.27 1.69
-0.42 0.80
-0.27 0.23
-2.53 1.81
0.14 -0.12
1.39 -0.68
0.43 -0.72
1.05 -0.25
0.17 -0.50
0.29 0.32
-0.63 0.14
-0.44 -0.44
0.06 0.41
0.16 -0.39
-1.46 0.85
-0.19 0.81
0.34 1.23
0.85 0.08
-0.40 1.27
0.63 0.65
0.37 -0.48
-0.42 -0.65
-0.40 1.17
-0.42 -1.37
-0.26 -1.29
0.77 -0.24
-0.10 0.52
1.68 1.37
-1.08 0.02
0.51 0.32
-1.09 -0.63
0.38 1.78
0.07 -0.72
-1.39 -0.05
-0.82 -1.62
0.08 0.99
0.62 1.54
1.20 -0.24
