2.39 1.77
-1.03 -1.28
-0.57 0.21
-2.13 -1.64
-0.16 0.30
2.51 1.75
0.85 0.85
1.07 -0.74
0.69 0.19
-1.79 -2.13
0.12 -0.80
0.35 -0.37
0.17 -0.55
-0.95 0.65
0.64 1.45
2.00 0.70
0.18 -1.38
-0.19 -1.26
-0.28 -1.18
-1.37 -0.86
1.15 -0.08
-0.67 -1.65
-0.21 -1.50
-1.37 -1.39
-1.19 -0.91
0.41 -0.04
-0.61 0.20
0.56 0.40
0.12 -0.68
0.12 0.17
0.90 0.87
-0.75 -0.87
-0.76 -1.44
0.04 -0.19
0.92 -1.70
-0.05 -1.61
-0.28 -0.63
0.39 -0.34
-1.20 -0.74
0.83 -0.22
-0.58 -0.34
0.88 0.87
1.27 2.03
-0.47 0.45
-0.23 0.92
-1.58 -1.32
-0.64 -0.45
-0.68 0.17
-1.22 0.79
-0.28 -0.81
