0.11 2.07
-0.69 1.04
0.52 0.29
-1.13 -1.72
-1.60 -0.78
0.38 0.89
-0.46 1.04
0.13 -0.19
0.86 0.68
0.24 -0.42
0.16 0.57
-1.10 -0.28
-0.99 0.20
-0.76 -2.73
-0.17 -0.27
0.43 -0.01
1.03 0.39
-0.76 0.62
1.38 0.09
0.45 0.42
0.01 -0.18
-0.81 -0.62
-0.02 -0.08
-1.98 -1.78
-0.25 0.70
-1.34 0.26
0.36 -0.95
-0.15 -0.49
-1.80 -1.29
1.39 -0.05
-0.05 -0.44
0.65 -1.14
-3.07 -2.19
-0.25 -1.09
0.48 -0.65
1.52 0.51
-0.96 -0.18
-0.22 0.87
-1.58 -0.40
1.04 -1.78
-0.48 -1.81
0.57 2.09
0.30 0.85
-1.47 0.63
0.52 -0.56
0.77 0.37
-1.03 -1.16
-1.35 -0.30
1.86 1.06
-0.88 0.00
