1.24 1.79
-0.21 -0.51
-1.45 -2.15
0.63 1.03
-1.04 -1.87
0.93 1.78
-0.62 0.50
0.62 0.28
-1.10 1.08
-0.35 -0.64
1.03 0.46
-1.32 -0.61
-1.29 -0.26
0.33 -0.74
-0.82 -0.08
-0.13 0.70
-0.37 0.99
1.49 -0.45
-0.42 -0.72
-2.20 -1.32
1.66 0.64
0.53 0.63
-1.29 -0.40
-1.17 -1.23
-0.09 0.24
-0.38 -0.39
-0.01 -0.50
0.47 1.01
1.43 0.29
-1.55 -1.89
0.75 0.59
0.48 -0.38
-0.48 -0.39
0.56 -0.07
-0.59 -0.76
1.34 1.92
-0.70 0.11
-0.11 -0.62
-0.14 0.62
0.20 0.51
-0.94 -0.89
1.48 1.17
-0.70 -1.12
-0.89 -1.20
-0.26 0.48
-0.80 -0.90
2.23 0.62
-1.66 -2.86
0.90 1.55
-0.82 -1.08
-1.55 -2.22
-0.43 0.18
0.22 0.45
1.32 1.02
1.87 0.63
-1.47 -1.56
0.20 0.75
1.94 2.23
-0.30 -1.18
-0.02 -0.20
-0.39 -0.36
1.26 0.31
0.21 1.34
-0.35 0.11
-1.03 -1.38
0.81 0.50
0.26 -0.83
0.32 0.40
1.15 0.32
-1.38 -2.43
0.90 -0.31
0.01 0.68
-0.33 -1.19
0.45 0.48
0.67 -0.01
0.75 0.84
2.15 0.40
-0.57 0.12
-0.04 -0.44
-0.83 -0.64
-1.52 -0.50
-2.19 -0.88
-0.93 -1.57
-0.74 -0.69
-0.64 -0.83
0.55 -0.86
-1.17 -0.57
-1.17 -0.59
-0.12 -0.90
0.11 0.33
