-2.26 2.49
-0.87 1.47
-0.62 1.85
0.02 -1.45
1.57 -1.46
0.68 -0.33
-1.05 1.37
0.40 -0.66
-1.62 -0.38
1.21 -1.91
-0.20 -1.67
0.18 -0.45
0.14 0.12
0.49 0.69
-1.37 1.51
-0.51 -0.86
-0.49 0.77
-0.45 -0.01
-1.22 2.02
-1.23 0.02
1.00 -0.29
0.49 0.66
1.11 0.05
-1.19 -0.30
0.15 0.17
-1.46 -0.05
1.51 -0.96
2.46 -0.03
-1.29 1.43
-0.58 1.52
-0.26 -0.42
-0.83 0.66
-0.73 -0.81
0.72 -0.39
0.29 -0.32
0.43 -1.56
1.19 -0.44
0.98 -1.62
-0.52 0.47
0.85 0.22
0.42 0.99
-1.00 0.31
0.28 -0.33
0.44 0.61
0.45 -1.06
0.92 -0.04
-0.13 0.17
1.61 -1.87
0.81 0.40
-0.35 0.08
-1.64 -0.46
-0.42 0.02
-0.65 1.10
0.68 -0.29
0.61 -0.59
0.44 -1.10
0.35 -1.71
1.66 -0.41
0.52 -0.78
-0.11 0.86
1.00 0.37
-0.07 0.31
0.38 0.84
-2.05 0.44
-0.05 -1.30
1.89 0.25
0.37 1.47
-0.64 -0.19
2.09 -1.68
-2.09 0.23
1.40 -1.08
0.64 -0.13
0.93 -1.75
-0.98 1.25
-1.59 -0.21
-1.31 -0.66
0.07 -0.32
-0.07 0.44
-0.45 -0.43
-0.53 0.92
-0.29 0.60
-0.73 0.53
1.33 -2.47
1.57 -0.28
-0.27 0.50
-0.62 1.07
-0.48 0.74
0.49 -0.02
0.13 0.79
1.25 -2.24
