0.02 1.46
-2.02 -0.17
0.05 -0.49
-0.89 0.27
1.76 0.18
-0.10 0.20
-0.80 -0.18
-0.51 -0.10
-0.01 -1.31
-0.65 1.03
-1.74 1.30
-1.28 -1.04
-0.91 -0.48
0.49 0.51
-0.63 0.58
0.08 0.92
0.38 1.86
0.22 -0.12
1.25 -1.11
1.10 0.96
2.24 -0.80
0.83 0.47
0.90 0.39
-0.41 -1.89
-0.25 1.24
0.38 -0.20
-0.29 1.32
1.20 -0.61
-0.89 0.83
0.23 0.73
-1.24 1.40
-0.32 -0.59
-0.24 0.61
1.01 0.11
0.05 -0.94
1.27 -0.22
1.28 0.38
-1.01 -1.71
-1.10 0.14
-1.25 -0.79
0.75 -1.94
1.56 2.23
0.54 -1.20
-0.50 1.11
1.47 1.27
2.00 -0.82
0.36 -0.73
-0.39 -1.73
1.68 0.47
0.81 -0.61
