0.81 0.65
0.09 0.38
0.40 -1.61
1.32 1.45
-0.06 1.41
-0.19 2.76
0.61 0.03
0.14 0.17
1.05 -0.76
0.42 -0.83
1.09 0.49
-0.76 -1.33
1.07 1.04
1.73 0.58
0.77 0.36
-1.53 0.49
-0.75 0.28
-1.72 1.17
0.96 -0.23
-1.63 -0.60
0.44 -0.57
0.68 -0.01
-0.70 -1.18
0.03 0.96
2.47 -0.24
3.48 1.38
-0.38 -1.04
-0.24 0.58
-0.44 0.00
-0.09 -0.05
-2.17 1.06
0.27 -1.82
0.46 0.96
0.03 -0.74
-0.05 0.71
-0.66 0.15
-0.79 0.06
-1.65 -0.41
-0.28 -0.07
0.89 0.48
-0.04 0.17
-0.36 1.19
-1.48 0.35
1.87 1.26
-1.39 -0.07
-0.45 0.64
-0.40 -0.85
1.30 1.25
1.88 0.02
1.60 0.05
-0.52 0.79
0.45 2.27
-0.69 0.67
0.89 2.22
-0.28 -0.45
1.69 1.28
-0.27 2.10
1.69 1.33
0.68 0.95
-0.70 -0.36
0.01 -2.24
-0.52 -1.44
0.55 -0.37
1.22 1.08
0.28 1.49
0.03 -0.74
0.24 -1.72
-0.68 -0.91
0.33 1.58
1.61 -1.06
-0.33 -1.86
-0.36 -0.74
0.98 0.26
-1.03 -0.57
0.24 0.80
-0.95 0.81
-0.24 0.43
-1.75 -0.76
-0.19 -0.80
-1.09 -1.18
-1.88 0.69
0.84 0.43
1.12 1.69
0.73 0.57
0.69 0.84
-0.32 0.76
-1.74 1.32
0.05 0.20
0.71 -1.78
0.24 0.25
0.84 0.80
-0.26 -1.27
0.40 0.58
-0.34 -0.42
0.92 0.51
0.35 -0.44
0.50 -0.24
-0.51 -0.81
1.24 1.09
0.59 -0.23
