-1.08 1.97
-1.35 0.51
-0.23 0.30
-0.76 0.99
1.42 0.55
1.59 -0.62
1.42 -0.91
1.04 -0.40
1.18 -0.46
-0.24 -0.71
-1.49 1.00
0.33 -1.38
-0.02 -0.68
0.21 -0.26
-0.97 -0.13
-1.09 0.70
-0.15 -1.05
0.28 0.19
0.28 -0.54
-1.36 1.62
-0.65 0.35
-0.83 0.27
0.79 0.02
-0.75 -0.40
0.62 -1.18
-0.19 0.45
-1.62 1.16
1.19 -0.36
-1.54 1.85
0.57 0.42
0.51 -1.02
-0.47 0.44
-0.13 -0.14
0.74 -1.20
0.19 0.40
0.28 -0.42
0.87 -0.46
1.11 0.53
0.01 0.26
1.88 -1.18
-0.84 1.52
0.87 -1.12
-0.91 0.53
0.15 -0.50
-1.25 0.37
0.75 0.25
-0.18 -0.31
1.76 -0.95
-0.13 -0.27
1.21 -0.10
0.33 0.61
1.24 -3.27
-0.35 1.68
-1.39 1.09
0.26 0.37
0.98 1.12
0.48 -0.99
-0.45 1.18
-1.19 0.70
-0.44 1.65
-0.20 -1.45
0.26 1.34
1.93 0.02
-1.19 0.06
-0.25 -0.62
1.25 -2.31
1.14 -0.61
-1.11 0.13
0.72 0.05
-0.15 -1.30
0.12 0.37
0.15 -0.26
0.06 0.56
3.01 -1.28
1.37 -1.74
0.03 0.30
-1.81 0.82
1.34 -1.56
-1.19 0.40
1.24 -0.85
-0.01 0.57
-0.76 -0.80
0.79 -0.74
-0.60 2.15
1.48 -0.52
-0.09 -1.14
-1.59 1.02
-1.59 1.48
1.28 -1.11
-0.31 1.36
