0.29 0.24
0.15 -0.35
0.63 -0.57
-0.65 0.50
0.36 -0.53
0.32 -0.64
0.62 -0.32
-0.03 -0.02
-0.11 0.20
0.04 -0.28
0.26 -0.37
0.76 -1.11
-0.07 -0.06
0.31 -0.52
1.18 -0.78
0.18 -0.41
0.59 -0.43
0.94 -0.14
0.75 -0.41
-1.57 1.56
0.16 -0.91
0.47 -1.18
-1.73 1.28
0.11 -0.36
1.43 -1.94
-1.23 0.35
4.64 -4.67
0.64 0.05
-0.37 0.80
-0.14 0.88
-0.70 0.41
0.13 0.17
-1.00 0.76
1.14 -0.53
-1.89 2.07
-0.28 -0.05
-1.00 1.26
1.28 -1.65
0.97 -0.76
-0.17 0.81
-0.86 0.67
-1.30 0.74
0.95 -0.51
1.20 0.14
0.10 0.10
-0.70 0.77
-0.83 1.25
0.18 -0.15
-0.61 1.09
-2.52 2.10
0.30 -0.32
1.94 -1.46
-0.31 -0.06
0.29 0.10
-0.53 0.21
1.33 -0.53
1.72 -1.62
-0.84 0.70
0.51 -0.27
1.11 -1.23
-0.42 0.10
-0.72 0.72
-0.40 0.58
-0.75 0.39
1.91 -2.40
0.38 0.32
0.48 -0.99
0.15 -1.00
1.37 -1.17
2.06 -1.66
-1.25 1.72
0.27 -0.06
0.16 -0.57
-0.07 0.36
0.02 -0.93
-1.54 1.46
-1.26 0.66
-0.32 -0.05
-0.09 -0.34
0.60 0.14
-0.16 0.69
-0.72 0.65
-1.36 1.52
1.03 -1.63
1.03 -1.45
0.58 -0.71
-0.38 0.53
0.27 -0.23
0.54 -0.39
0.64 -0.51
0.15 -0.10
0.15 0.30
1.73 -1.80
-0.92 0.15
1.27 -0.89
0.11 0.04
-0.26 0.67
-0.79 -0.32
-0.22 -0.16
1.00 -1.70
