-1.39 -1.53
-1.61 -0.20
-1.04 0.44
1.05 -0.41
0.45 -0.05
-0.10 1.75
-1.71 0.89
0.21 -1.10
0.83 -1.10
-0.32 -0.87
1.16 -1.65
-1.09 1.60
0.03 0.75
0.44 -1.17
-0.70 0.91
0.86 0.22
-0.93 0.77
0.59 -0.07
-0.15 -1.41
1.65 1.33
1.33 1.34
1.13 -0.63
-2.21 -1.01
-0.60 -0.10
-0.23 0.70
0.42 -2.63
0.78 -0.69
-0.05 -1.28
-0.40 -1.13
0.92 0.27
0.76 0.52
1.34 -0.06
0.22 -0.16
1.75 -0.58
0.50 -1.74
0.10 -1.35
1.09 1.16
1.38 -0.04
1.16 -1.14
-2.83 -1.14
0.13 -0.66
1.46 0.34
-0.49 1.42
0.24 -0.72
0.11 -0.10
-0.66 0.99
0.10 -0.52
-0.40 0.70
0.28 0.39
0.85 0.73
