1.87 2.28
0.12 -0.09
-0.41 -0.06
-1.24 -1.48
0.15 0.68
0.39 0.34
0.29 0.79
1.00 1.60
0.72 0.39
-0.81 -0.39
-0.93 -0.57
-0.55 0.02
0.84 0.41
-0.67 -1.28
0.07 -0.30
-1.52 -1.41
-0.85 -0.68
-0.79 -1.15
-0.20 -1.04
-1.04 -1.24
1.10 0.97
1.23 1.00
-0.85 -0.05
-0.73 -1.37
-0.28 -0.73
1.64 1.19
2.06 2.13
-0.21 -0.37
0.35 -0.25
-0.36 -0.54
0.36 0.15
0.82 0.14
0.54 0.67
0.65 0.48
-0.45 -0.69
1.97 1.78
0.15 0.24
-1.17 -1.23
0.21 -0.34
0.87 0.87
1.79 1.59
-0.65 -0.80
-1.25 -1.03
0.47 -0.53
-1.10 -0.56
0.07 0.95
1.36 1.18
1.55 1.01
1.43 0.21
-1.99 -2.04
