0.96 0.91
-1.68 -1.84
-1.01 -1.00
-0.81 -1.12
0.58 -0.27
-1.43 -1.34
0.79 0.28
0.79 0.51
0.37 0.68
-0.44 -0.65
0.35 0.90
-0.58 -0.74
-0.97 -0.18
-0.82 -1.33
-1.44 -0.94
0.77 1.43
-1.17 -0.05
-0.73 -0.89
0.24 1.27
-1.41 -1.87
-1.28 -1.62
-0.97 0.60
1.07 0.85
0.84 0.98
1.05 0.73
-0.02 0.46
0.16 0.13
0.57 -0.18
1.39 0.85
0.95 0.46
0.19 0.82
1.22 1.22
1.55 0.16
0.28 1.35
-0.70 0.27
0.51 -0.09
0.07 0.71
1.92 1.84
-1.54 -1.27
-0.48 -0.07
-0.98 -0.60
1.82 1.12
-1.21 -0.16
-0.80 -1.77
-1.18 -1.57
-0.44 -1.15
-1.24 -0.84
0.16 0.60
1.49 0.83
0.70 1.46
