-0.50 -0.39
0.30 0.66
-0.66 0.38
0.00 -0.27
1.40 0.64
0.90 0.93
1.02 0.93
-0.21 -0.19
-1.15 -1.26
0.64 -0.43
0.54 0.58
0.10 0.10
-0.30 -1.56
0.53 0.90
-1.00 -0.88
-0.11 0.49
1.49 0.52
1.81 1.21
1.19 0.59
0.30 0.17
1.47 1.01
1.25 1.06
-1.34 -0.95
1.11 1.06
-1.09 -1.54
-0.72 -1.03
-1.35 -0.61
-0.75 -0.55
-1.30 -0.38
1.88 1.48
-1.33 0.11
0.00 -0.27
1.82 1.58
1.26 0.58
1.65 -0.42
-1.60 -1.86
-0.64 -0.26
0.14 0.94
-1.11 -1.00
-0.53 -0.56
-0.08 -0.56
-0.23 -0.75
-1.29 -0.63
-1.27 -0.70
-0.78 -1.16
0.81 0.15
1.05 1.19
1.27 0.74
1.65 1.60
-0.69 -0.20
-1.33 -1.30
0.30 0.15
1.23 0.64
1.64 2.01
-0.98 -1.48
-2.48 -2.50
1.03 1.70
-0.64 -1.28
0.32 1.11
0.23 -0.75
-0.37 0.50
0.58 1.25
-0.93 -0.84
0.90 1.70
0.34 -0.64
-0.30 -1.13
0.71 0.32
0.06 -0.58
0.18 0.04
0.82 0.48
-0.25 0.01
0.09 0.30
-0.46 0.85
0.05 1.15
-1.33 -0.48
0.30 -0.07
-0.21 -0.92
-1.41 -1.59
0.11 -0.02
-0.29 0.44
-1.58 -2.45
-1.64 -0.83
1.18 0.46
1.01 0.27
0.77 1.25
0.09 0.06
-0.51 -1.30
0.85 1.73
0.88 1.39
-1.42 -1.27
