-0.65 1.30
-0.77 1.20
-0.77 2.33
2.36 -1.03
-1.22 1.94
0.32 -0.02
-0.54 -0.11
-2.38 2.52
0.84 -0.56
-0.05 0.02
-2.93 1.69
-0.62 -0.98
-0.11 -0.65
-0.74 -0.40
1.23 -1.82
-0.31 -0.43
-0.85 0.70
-2.07 1.57
0.83 -1.67
-0.07 -0.23
-0.41 1.01
0.56 -0.53
-0.16 0.26
1.14 -0.29
-0.25 0.99
-0.34 0.38
-0.80 0.25
0.60 -1.38
1.38 -1.35
-0.85 0.34
-0.70 0.90
-0.29 0.01
-1.60 1.03
0.32 -0.91
-1.39 0.73
1.66 -1.23
-1.29 0.81
-0.31 1.20
-0.90 0.88
0.90 -1.54
-0.26 0.57
-0.51 -0.07
0.37 0.14
-0.60 0.35
-1.03 0.70
2.06 -1.34
-0.00 -0.48
-0.86 1.34
-0.86 -0.04
0.55 -0.28
0.05 0.42
-0.76 0.76
-0.48 0.89
0.21 -0.91
1.51 -0.78
0.76 -0.62
0.96 0.36
0.83 -1.57
0.65 -0.22
-0.52 -0.29
2.16 -0.94
0.27 0.50
0.06 -0.80
-0.88 0.80
-0.96 1.46
-0.17 -0.85
-0.95 1.39
1.63 -1.46
0.49 -0.10
1.34 -2.03
2.06 -2.11
-0.49 0.64
0.12 -0.58
0.07 -0.48
0.78 -0.87
-1.55 1.47
-0.77 0.62
1.38 -0.98
-0.17 0.48
-1.42 1.24
-0.68 0.08
0.50 0.55
-0.73 1.42
0.46 -0.55
0.39 -0.43
0.01 0.23
1.38 -1.30
-0.77 0.78
0.27 0.30
-0.43 0.22
0.17 0.10
-0.26 -0.12
-1.04 -0.21
-1.12 1.84
0.86 -1.44
-2.21 1.41
-0.59 0.95
0.36 0.89
-0.96 0.38
0.05 -0.04
