0.14 -0.35
2.25 -1.86
-1.43 3.08
0.77 -0.72
0.92 -0.90
1.21 -1.15
0.22 0.57
0.45 -0.00
-0.37 0.25
-0.55 0.85
-1.47 1.02
-0.27 0.78
0.31 -0.17
-0.03 -1.19
-1.12 1.54
0.66 -0.64
0.04 0.33
-0.07 -0.33
-0.11 -0.56
0.85 -0.10
1.41 -0.07
1.36 -1.41
-0.98 0.48
1.14 -0.18
0.28 -0.28
-1.67 0.06
-0.31 0.56
-0.93 0.42
1.24 -0.74
-0.52 0.50
0.41 0.61
1.88 -2.04
-1.11 1.04
-0.13 -0.89
-0.10 0.72
-0.04 0.08
0.31 -0.23
0.19 0.36
2.35 -1.80
-0.12 0.87
0.59 -0.52
-1.48 1.32
0.45 -0.07
1.69 -1.19
-0.35 0.05
-0.34 -0.96
-2.19 2.37
0.56 -1.09
-0.60 0.88
1.30 -0.36
