-0.94 -0.41
-1.08 -0.02
-0.08 -0.26
-2.24 0.71
0.25 0.02
-0.81 -0.29
0.48 1.89
-1.17 1.18
-1.64 0.17
-0.47 0.17
1.22 -1.64
-2.33 1.77
2.03 0.83
-1.14 -0.99
-0.88 -0.45
-0.47 0.22
-0.66 0.58
-0.07 -0.57
0.67 -0.34
-0.26 -0.13
-0.13 0.91
0.47 -0.05
-1.11 0.30
1.05 -1.24
-0.76 1.52
2.37 -0.10
-1.26 0.69
-0.88 0.78
0.60 1.42
-1.43 0.93
0.41 -0.61
-0.61 0.52
-1.20 0.09
0.61 -1.44
0.91 -1.51
0.86 -0.29
-0.64 0.83
1.01 -0.11
-0.01 -1.02
0.31 0.54
0.44 0.16
0.49 -1.35
1.00 0.23
-0.43 2.86
0.15 -1.40
1.09 -1.17
0.36 -1.88
-1.08 1.57
0.31 -0.38
-1.20 0.69
