-0.35 0.17
-0.11 -0.12
-0.14 -0.91
-0.91 -1.28
0.02 -0.68
0.59 -0.25
-2.66 -1.95
-0.34 -0.58
-0.09 0.26
-0.77 -0.87
0.67 0.15
1.96 1.17
-0.61 -0.59
-0.74 -0.57
-0.01 -0.24
-0.14 -0.34
1.46 0.92
-0.46 -0.13
-1.29 -1.07
-0.89 -1.09
1.69 2.15
-1.01 -0.55
-0.90 -0.71
-1.18 -1.41
-2.13 -2.58
-1.24 -0.41
-0.28 -0.63
0.81 1.37
0.07 0.00
-0.64 0.23
0.06 -0.21
0.67 0.44
-1.49 -1.77
-0.71 -1.02
-0.43 -0.28
0.88 0.14
-0.48 -1.27
0.56 0.60
0.70 0.26
-0.04 0.14
-0.43 0.27
-1.14 -0.83
2.64 3.14
-0.62 -1.03
-1.83 -1.59
0.16 0.04
1.21 1.11
0.26 0.11
-0.77 -1.31
0.27 -0.18
