0.66 -0.58
0.46 0.56
1.27 0.24
0.02 0.41
2.45 -1.16
0.96 0.16
0.30 -2.60
0.99 -0.84
1.12 0.19
-1.13 0.13
1.09 1.66
-0.96 -0.77
1.27 -0.79
0.24 -0.44
1.41 -0.74
0.69 0.13
-1.57 -1.22
-0.77 0.15
-0.20 -0.57
-1.22 0.27
1.09 -0.79
-1.93 0.49
-1.54 1.24
0.78 -0.32
-0.76 0.67
0.49 -0.71
0.32 -0.56
-1.23 1.27
-0.74 0.66
0.95 -0.11
0.66 1.24
-0.06 0.84
0.77 -1.95
-0.14 1.19
-0.77 0.21
1.24 0.02
1.11 0.97
0.65 -1.92
-0.05 0.65
0.29 -0.59
-1.09 0.97
-1.45 -0.17
1.51 -0.23
0.63 1.64
1.03 -1.92
-0.52 0.05
-1.00 1.77
-1.27 -0.58
0.80 -1.89
-0.23 0.78
