-1.00 -1.30
0.52 1.19
-1.39 -0.89
0.68 0.54
0.39 0.24
-0.92 -1.06
-1.99 -2.57
0.27 0.80
1.31 1.56
-0.39 -0.44
-1.22 -1.23
-0.47 -0.31
-0.89 -0.87
-2.07 -1.86
-0.16 0.47
0.40 0.31
1.64 1.66
0.44 0.39
0.72 1.08
1.16 1.18
-2.00 -1.50
-1.40 -1.70
1.01 0.47
-0.94 -0.56
-0.57 -0.06
0.35 0.82
-0.14 -0.38
0.63 1.32
0.70 0.21
-0.02 0.23
0.52 0.59
-0.76 0.18
1.39 1.39
-0.69 -0.27
0.25 -0.03
-0.16 -0.14
-0.68 -1.24
1.64 1.57
-0.55 -0.12
-0.77 -0.45
-1.06 -1.14
-1.55 -1.64
-0.61 -0.82
0.31 0.96
0.17 -0.48
-1.36 -1.40
0.41 0.05
1.49 0.00
0.84 1.74
0.89 0.64
0.12 0.97
-0.30 -0.25
0.60 0.38
0.73 0.21
-0.83 -1.16
-0.31 0.31
0.42 -0.19
0.08 -0.61
0.55 0.10
1.35 1.49
-1.43 -0.55
-0.83 -0.70
0.31 0.82
-0.53 -0.60
-1.59 -1.30
0.44 0.32
-0.76 -0.68
1.69 1.25
-0.87 -1.42
-0.59 -0.79
-1.03 -0.35
0.06 0.31
1.98 1.21
-0.00 -0.67
-0.37 -0.86
0.50 0.95
-0.79 -0.98
0.99 0.91
-0.47 -0.04
1.07 1.04
-0.30 -0.00
-0.95 -1.24
0.82 0.72
0.19 -0.22
-0.81 -0.68
0.17 0.34
0.62 0.57
2.18 2.40
2.08 2.06
-2.26 -1.92
1.40 0.64
2.20 2.19
-0.57 -0.18
0.72 1.03
-0.55 0.06
0.16 -0.62
0.83 -0.00
-0.25 -0.83
1.06 0.83
-1.31 -1.40
