-1.54 1.18
-0.38 1.18
-1.21 1.12
0.35 -0.96
0.71 0.45
1.54 -0.78
-2.13 0.30
1.23 1.00
0.79 0.82
-1.20 0.07
0.46 0.81
-0.82 0.73
0.21 -0.07
0.62 0.44
-0.11 -0.07
-0.49 0.28
-0.07 -1.04
0.25 0.25
-3.27 -0.28
-0.21 1.99
0.39 -0.30
-0.47 1.05
0.37 -0.55
1.93 -1.72
-0.01 1.47
0.03 1.37
-0.61 -1.08
-0.83 0.33
0.51 -0.36
-1.76 1.23
0.21 -0.93
0.49 1.98
-1.03 -0.49
1.24 0.36
-0.89 -2.06
-0.35 0.15
-0.86 -0.30
1.48 -0.34
0.64 -0.36
-0.18 -0.83
-1.11 0.25
1.90 0.20
-0.34 -1.70
-0.40 -0.59
1.90 0.66
-1.17 -0.44
-1.18 -0.51
0.64 -0.74
1.44 2.11
-2.39 -0.26
-0.14 0.02
-0.61 0.31
0.72 -1.47
2.37 -1.50
1.77 -1.11
0.06 -0.47
-0.89 -0.40
-0.78 -0.83
-0.73 -0.60
-0.66 0.74
-1.22 1.78
-1.00 -1.02
0.93 -0.01
0.85 -0.19
-1.80 0.59
0.46 1.82
-0.99 -1.25
-0.15 0.04
0.98 2.34
0.77 -0.28
0.04 -0.77
1.25 -1.30
0.41 -0.69
0.27 -0.23
0.40 0.92
0.24 -0.43
0.17 0.95
0.28 -1.37
-0.23 0.36
1.55 -0.34
1.24 -0.12
0.25 2.58
-1.03 0.01
0.06 0.07
-0.17 0.59
-0.73 -0.97
-1.05 -0.77
0.07 -1.02
0.76 -1.59
-0.12 -1.19
-0.16 -0.67
0.16 0.61
0.61 1.15
0.46 -0.47
1.71 1.85
-0.08 -0.29
-0.47 1.32
0.59 0.03
0.31 0.26
-1.04 -1.97
