-0.60 1.64
0.68 -0.80
0.25 -0.85
0.21 0.35
0.91 -0.11
0.65 0.84
-0.55 0.82
1.86 0.93
0.96 -0.91
0.19 0.72
-2.74 -0.85
1.23 0.76
2.13 -0.53
-0.45 -1.21
0.15 -0.05
1.71 1.17
0.60 -0.56
-0.51 -1.21
0.34 -1.34
1.51 -0.40
-1.12 -0.02
0.01 -0.32
-0.38 -1.25
-0.76 1.19
0.11 -1.17
0.02 -0.01
0.53 0.42
-1.42 0.38
1.12 -0.01
-0.32 0.08
0.60 0.27
-0.70 0.85
1.31 0.29
-2.19 0.03
1.36 -0.26
0.46 -1.26
-0.43 1.25
0.56 -0.13
0.48 0.95
0.08 -0.02
0.98 -0.73
-0.11 -0.01
0.06 -0.72
-0.71 -0.92
0.50 -0.22
0.55 -1.49
-0.15 -0.67
-0.53 0.25
2.28 0.23
0.15 -0.02
1.42 -0.39
-0.55 0.56
0.28 -0.86
-1.41 1.70
2.31 -0.48
0.70 -0.80
1.17 1.01
0.57 0.85
0.85 -0.29
-0.48 1.33
-0.30 -0.50
0.57 1.45
3.13 -0.04
-0.27 -1.40
0.22 -2.80
-0.61 0.46
-0.13 -1.40
2.98 -1.94
0.33 1.26
0.98 -1.13
0.97 0.66
0.97 -2.30
-0.51 -0.64
-0.06 0.45
1.01 -0.23
-0.23 0.10
-0.07 0.81
-0.18 2.72
0.52 -0.22
-0.97 -1.17
1.68 -0.02
-0.31 -0.01
0.29 0.82
-0.83 1.53
1.89 -2.75
0.62 -0.21
-0.77 1.18
1.61 -1.41
-0.15 0.88
0.04 -0.36
