-1.76 -0.40
-0.34 -0.48
1.24 0.93
0.53 -0.07
-1.49 -0.95
-0.96 0.54
1.49 -0.04
0.79 1.46
0.41 0.55
-1.61 0.59
-1.03 -1.13
-0.70 -0.33
0.12 -1.06
-1.28 -0.38
0.73 2.63
0.21 0.11
0.24 0.34
0.41 -0.34
0.08 0.25
-1.85 -0.44
-0.63 -1.08
-0.07 0.26
-0.24 0.63
1.14 1.66
0.15 0.56
-0.61 -0.74
-0.68 -1.69
-0.09 -0.46
0.61 -0.27
-2.44 -1.52
-0.02 0.69
-0.23 -0.49
1.24 -1.16
1.07 0.02
1.77 -0.29
-1.22 -1.33
0.74 1.10
0.85 -0.56
1.21 1.84
-0.77 0.37
0.84 0.39
-1.79 -1.40
0.18 1.92
0.08 -0.80
0.71 1.38
0.67 1.20
1.09 0.43
-0.34 0.46
-0.69 -2.15
1.56 0.51
