-1.82 0.32
-0.34 0.22
0.32 -0.43
0.25 -0.65
-0.14 -0.38
-0.64 0.26
-0.91 0.14
-1.38 -0.59
-1.97 -0.03
1.04 0.71
-1.22 0.20
-0.04 -0.93
-1.50 0.79
-0.90 -0.09
-1.44 1.59
0.32 0.35
-0.78 -0.62
-0.25 1.47
-0.30 -0.33
0.02 0.11
-0.75 -0.78
1.00 -0.30
2.42 0.11
0.31 -0.38
-0.73 0.33
0.73 -0.79
1.20 0.45
0.53 -1.30
-0.29 0.92
-0.09 -3.63
1.19 -0.31
0.83 -0.64
2.22 -0.44
-0.00 -0.14
1.31 0.65
0.89 0.02
-1.40 1.70
0.16 0.50
0.71 -0.12
-1.06 0.42
-0.96 0.24
1.10 -2.32
2.72 -1.89
-1.81 -0.50
-1.27 -0.35
0.10 -1.18
-1.21 2.34
-0.88 -0.05
-0.12 0.18
-0.63 0.96
-0.23 -0.46
1.02 -2.23
-1.59 0.26
-1.24 -1.40
-0.72 1.21
0.87 -1.23
1.32 1.07
-1.83 0.50
-1.88 1.18
1.14 -0.14
0.27 0.98
-0.17 -0.94
0.62 0.17
-0.47 -0.56
-0.60 0.90
-0.51 -0.52
-0.66 0.90
1.21 0.35
-0.45 0.39
0.17 0.79
-0.53 -1.01
0.06 -0.16
0.42 -0.63
-0.14 0.19
-0.11 -0.08
-0.83 1.12
0.64 0.10
-0.74 -1.59
0.66 -0.98
1.12 -2.37
-0.43 0.31
-0.62 0.52
0.92 0.32
-0.06 1.05
-0.95 -2.05
-0.61 -0.87
-2.28 1.75
0.56 0.43
0.12 -1.41
0.11 1.06
