-1.01 -2.48
-0.37 0.49
0.70 0.43
-0.93 -0.27
-0.17 -0.79
-1.33 -2.35
-2.16 -1.46
-0.31 -1.68
-0.98 0.17
0.86 0.76
-1.14 -1.20
-0.05 -0.71
1.94 1.87
0.44 0.22
0.27 1.65
0.02 -1.25
0.70 1.00
-1.08 -1.59
-0.32 0.06
-2.73 -2.37
-1.13 -0.88
-0.83 0.47
1.44 1.51
0.12 -0.99
-0.09 -1.53
-0.19 0.69
-0.45 0.19
-0.19 -0.26
1.03 0.75
1.13 0.06
-0.46 -0.05
-0.73 -0.97
0.33 -1.02
0.81 0.10
-1.06 0.40
-0.04 0.29
1.11 0.35
2.49 1.27
-0.48 0.21
0.32 0.34
-0.17 0.30
0.26 -1.24
-1.06 -1.46
-1.22 -0.65
-1.92 -0.34
-0.54 -1.35
0.73 1.98
0.93 -0.82
0.42 -0.35
0.51 -0.61
0.08 1.04
1.93 0.67
0.10 0.29
0.37 1.59
-1.23 -1.38
-1.60 -1.58
-0.67 -0.57
0.23 1.29
-1.02 0.70
0.77 1.10
0.45 -0.11
-1.84 -1.00
-0.13 -0.86
-0.95 -1.12
0.70 1.91
1.54 -0.76
0.60 0.97
-2.27 -1.08
0.47 0.65
-0.65 -0.54
0.48 -0.43
1.93 2.16
1.03 -1.00
1.04 0.35
1.45 0.10
-0.97 -0.77
0.72 0.65
0.56 -0.66
-0.54 -0.52
0.86 -0.19
-0.40 -0.68
0.59 0.49
-0.67 -0.94
-1.14 -1.58
0.56 -0.59
-0.67 0.67
1.28 1.07
-1.06 -0.49
1.59 0.42
-0.77 -0.27
0.29 0.37
-0.42 0.11
-1.08 0.39
-1.03 -0.03
0.74 0.70
-0.51 0.87
0.25 0.32
0.34 1.11
-0.35 0.04
1.46 1.03
