0.72 1.99
1.04 -1.78
-0.43 1.40
0.60 -2.17
1.49 -0.56
-0.37 1.43
-1.14 -0.39
0.19 -1.25
-1.56 -0.49
-1.09 1.17
-0.43 0.06
-0.23 0.13
-0.34 -1.29
-0.58 -0.13
2.04 0.52
-0.26 0.21
0.28 0.13
-0.24 0.31
-0.98 -0.08
-1.34 1.79
-0.42 -0.31
-0.91 -0.08
0.87 -1.00
0.47 0.53
0.28 1.58
-0.28 0.48
-1.92 0.26
0.60 2.40
-1.07 1.25
0.64 -0.11
-1.83 -0.02
0.01 0.15
0.47 -1.44
-0.92 0.09
0.15 -1.65
0.68 0.42
1.38 -0.03
1.00 2.04
-0.45 1.10
3.51 -1.91
-0.64 -0.56
0.04 0.06
-0.04 0.49
-0.60 -0.54
1.11 -0.32
0.13 -0.81
-1.02 -0.03
-0.21 0.11
-0.63 -0.94
-1.53 0.37
0.76 -0.19
0.91 0.02
0.59 -1.49
2.36 -0.22
-0.78 1.04
-0.07 2.20
-1.24 -0.52
0.99 -0.46
-0.33 0.12
-0.68 0.20
0.10 -0.99
-0.76 1.01
0.94 0.67
-0.58 -0.64
1.08 0.98
2.67 -0.51
0.63 -0.38
0.24 -0.79
0.78 0.10
-0.90 0.78
-0.57 0.82
0.96 -0.54
0.52 0.64
-0.62 -0.55
1.26 -1.61
-0.28 0.53
1.87 -0.59
-1.80 -1.17
-1.39 1.04
0.63 -1.71
-1.18 0.05
0.88 -1.47
-0.22 -0.19
1.55 -0.50
-0.83 -2.42
0.29 -0.28
1.56 -0.05
-0.37 0.85
0.11 -1.37
0.98 -1.27
-1.22 1.94
0.28 -0.76
0.15 0.02
-0.34 -0.44
0.86 1.39
-0.59 -0.97
0.55 -0.77
-0.54 -1.24
-0.32 -0.82
1.05 0.47
