0.19 1.41
-0.09 -0.19
0.40 1.59
-1.25 -0.42
-1.44 -1.43
-1.77 -1.23
-0.09 -0.91
0.12 0.21
-0.77 -0.33
-0.39 0.37
0.26 -0.47
0.01 1.77
0.81 -0.14
-0.80 -0.28
-1.76 -1.70
-0.56 -0.23
-2.09 -0.68
-0.01 -0.27
0.76 0.57
-0.96 -0.78
0.13 -0.80
-0.09 0.74
0.69 0.15
0.59 -1.37
-0.30 -0.93
0.42 0.07
-0.17 0.54
-1.35 -0.86
-0.57 -0.57
0.64 0.08
-0.90 0.04
-0.50 0.92
0.69 0.12
0.11 0.01
0.14 1.28
0.79 0.57
-0.74 0.39
0.18 0.19
-1.34 -1.96
1.18 2.26
1.82 2.55
-1.64 -1.86
0.21 0.52
0.30 -0.23
0.70 -0.47
1.13 0.97
-1.87 -0.41
0.61 -0.24
-1.07 -0.61
0.40 0.28
-0.38 -0.32
-1.88 -1.91
3.25 1.92
-0.23 -1.49
0.89 1.39
-0.68 0.33
-1.56 -0.39
-0.85 -0.43
2.05 2.94
0.61 -0.36
-1.51 -0.52
-0.71 -0.23
0.88 0.10
0.15 1.18
-0.96 -0.49
0.64 0.40
-0.28 0.74
-1.23 -1.17
0.72 0.64
2.16 2.03
-0.73 -0.74
1.69 1.30
0.23 0.94
-1.41 -0.56
0.66 1.04
0.83 2.10
0.98 0.34
-0.11 0.16
-0.17 0.59
1.16 0.70
-0.24 -0.05
0.50 -0.85
-0.15 0.26
-1.11 -0.03
0.16 0.70
0.38 1.17
-0.98 -0.16
-0.95 -1.33
-0.14 0.67
-1.49 0.26
