-0.27 -0.38
-0.41 -0.65
0.56 -0.29
-1.08 1.55
0.56 -0.82
-0.34 0.48
0.70 0.61
-1.77 -1.44
0.62 -0.26
-1.28 0.12
0.46 -0.49
0.04 -2.41
0.66 -1.84
1.33 -0.10
-0.05 -0.15
0.45 0.16
-2.31 0.49
0.00 1.18
-2.24 0.96
-0.43 0.29
1.43 -0.83
-0.54 1.47
-0.72 1.60
-0.03 0.45
-2.79 -1.16
-1.50 -0.54
0.84 -0.26
0.79 -0.00
-0.20 -0.22
-0.49 -0.83
-1.84 2.82
-0.13 0.26
0.53 0.17
0.69 0.68
-0.80 -0.71
-0.19 -1.09
-0.38 -0.24
-1.61 1.57
-1.16 -0.30
0.19 2.30
2.00 -0.22
-0.19 0.80
0.48 -0.15
0.10 0.46
0.43 1.10
-0.03 -0.46
-1.18 -0.20
1.73 -0.74
0.07 0.32
0.37 1.33
0.01 0.71
-0.36 0.69
0.85 -0.74
-0.54 0.30
-1.89 1.65
-0.63 0.56
-1.88 0.93
0.70 -0.98
0.36 -0.64
-0.16 0.46
0.81 -0.69
2.19 -0.29
0.37 -1.34
0.54 0.40
-0.78 -0.10
1.51 0.05
-1.73 0.82
-2.23 0.01
1.14 -0.23
-0.15 -0.73
0.52 0.08
0.28 0.93
-0.04 -0.62
-0.09 -0.87
1.45 -1.28
0.00 0.88
-1.46 -0.24
-0.15 1.59
-0.60 -1.19
1.88 -1.16
1.03 -1.11
-0.05 -0.11
-0.69 0.04
-0.47 -1.12
0.69 -3.68
0.16 -1.13
-0.04 1.70
-0.83 0.40
1.55 -0.60
-0.18 1.16
-0.65 -1.06
0.03 0.21
0.47 -0.24
-0.35 0.46
-0.15 -0.00
-2.03 0.07
0.54 -0.41
-0.24 0.78
0.98 -2.22
-0.28 0.78
