0.35 -0.35
0.27 -0.27
0.84 -0.84
0.91 -0.91
0.55 -0.55
0.81 -0.81
0.31 -0.31
0.26 -0.26
-0.18 0.18
1.42 -1.42
-0.86 0.86
1.06 -1.06
0.70 -0.70
-0.70 0.70
1.04 -1.04
-0.92 0.92
1.14 -1.14
0.13 -0.13
1.67 -1.67
1.20 -1.20
0.20 -0.20
0.29 -0.29
1.43 -1.43
0.90 -0.90
1.84 -1.84
0.81 -0.81
-1.36 1.36
-0.13 0.13
0.55 -0.55
-0.39 0.39
1.56 -1.56
-0.70 0.70
-0.67 0.67
0.89 -0.89
-0.40 0.40
0.68 -0.68
0.84 -0.84
-0.55 0.55
-1.29 1.29
0.44 -0.44
-0.96 0.96
-2.10 2.10
1.10 -1.10
1.09 -1.09
1.01 -1.01
-0.01 0.01
-1.74 1.74
0.19 -0.19
-0.11 0.11
0.77 -0.77
-0.08 0.08
0.83 -0.83
-0.52 0.52
0.99 -0.99
-1.02 1.02
-0.73 0.73
0.91 -0.91
0.52 -0.52
0.12 -0.12
-1.11 1.11
-1.76 1.76
2.33 -2.33
0.93 -0.93
-0.38 0.38
-0.26 0.26
1.04 -1.04
-1.44 1.44
2.39 -2.39
0.93 -0.93
1.31 -1.31
1.29 -1.29
-0.61 0.61
2.44 -2.44
1.14 -1.14
0.38 -0.38
2.06 -2.06
0.21 -0.21
0.93 -0.93
1.69 -1.69
-2.23 2.23
-0.05 0.05
-1.85 1.85
0.01 -0.01
0.78 -0.78
-0.15 0.15
0.14 -0.14
-0.87 0.87
-0.53 0.53
0.21 -0.21
0.53 -0.53
-0.70 0.70
0.29 -0.29
-0.21 0.21
-0.38 0.38
0.90 -0.90
-0.63 0.63
-0.60 0.60
1.49 -1.49
0.92 -0.92
-1.15 1.15
