-1.22 -1.63
-0.25 -0.68
-1.46 -1.23
0.49 0.98
1.93 2.36
1.27 0.23
-1.27 -0.77
-0.98 -0.34
-0.96 -0.17
0.06 0.89
0.78 0.34
0.95 -0.19
-0.27 -0.22
-0.42 -0.65
1.47 1.57
1.46 0.34
2.03 1.94
-0.26 0.05
-0.31 1.49
1.62 0.87
-0.92 -1.02
1.78 1.30
-1.76 -2.15
-0.20 0.54
0.55 0.43
1.61 1.42
-0.62 -1.44
-0.07 0.57
0.35 0.06
-0.58 -0.08
-2.50 -1.36
0.32 0.90
-1.13 0.21
1.08 1.56
-0.57 -0.80
-1.36 -0.04
-1.09 -0.91
-0.93 -1.10
1.87 1.47
-1.34 0.65
-0.07 0.64
0.42 0.42
-0.52 -1.85
0.64 0.33
-0.74 -1.15
0.78 0.28
0.63 1.34
0.60 0.19
1.37 0.99
0.18 1.16
0.31 -1.01
1.46 2.19
-0.34 0.25
-0.57 0.49
-0.29 0.33
-0.86 -0.59
0.56 2.10
-0.19 0.83
-0.80 -0.40
0.53 -0.10
0.85 -0.43
-0.46 0.06
0.75 0.56
-0.24 0.68
0.72 0.35
-0.28 -0.55
1.28 0.29
0.24 -0.52
0.50 0.73
0.10 -1.23
0.27 2.06
-0.45 -1.64
0.46 1.37
0.85 0.36
1.94 1.41
-1.07 -0.12
-0.28 -0.93
-0.76 0.19
0.68 0.34
0.55 1.24
0.14 -0.11
-0.85 -1.39
-2.42 -1.58
1.17 1.08
0.38 0.27
0.00 -0.46
-1.95 -1.25
-1.25 0.29
0.78 0.23
0.30 0.51
