0.76 -1.21
0.61 0.91
-0.84 -0.17
-0.27 0.02
1.01 1.28
0.80 1.04
-0.24 1.20
0.10 -0.63
-0.05 0.07
-0.85 -0.84
0.85 1.24
0.68 2.77
1.06 0.73
-0.61 -0.78
1.98 0.81
-1.35 -2.01
0.79 1.19
-1.47 -0.84
1.87 1.55
-0.65 0.18
0.74 0.46
-0.26 0.26
-0.97 -0.29
0.63 -0.84
-2.04 -0.55
-0.09 0.20
1.15 -0.16
0.09 0.15
0.55 -0.80
0.12 0.82
0.39 0.01
1.05 1.18
-2.60 -0.99
-0.50 0.50
0.11 -0.13
-0.84 -0.06
-0.50 -0.23
0.84 1.32
1.24 1.64
0.28 0.52
0.62 0.86
0.22 -0.38
-0.90 -1.72
1.20 -0.23
0.89 2.19
-0.96 0.29
-0.08 1.14
-0.66 0.76
0.24 0.17
1.65 3.13
1.28 -0.22
-2.06 -1.68
-0.24 0.54
1.14 1.28
0.41 0.44
-1.40 -1.57
1.80 1.62
0.41 -0.34
-1.63 -0.93
-0.80 0.38
0.81 1.01
-0.37 0.98
1.93 0.77
0.49 0.89
-0.49 -0.62
1.14 -0.73
-1.56 0.05
-0.94 -0.11
-1.21 -1.54
0.39 -0.66
-0.29 0.71
1.41 1.14
-1.13 -0.58
-0.74 -0.38
-0.62 -0.22
-0.40 -1.26
-1.97 -0.57
0.61 2.28
-1.47 -1.42
0.20 -0.54
0.61 0.62
0.21 -0.74
-1.40 0.28
-1.12 -0.38
0.60 -0.45
-0.01 -0.03
0.11 -0.69
1.04 -0.07
0.53 1.18
0.54 1.23
