-0.85 -1.33
0.54 1.73
0.87 -0.27
0.54 -0.21
1.39 1.14
0.95 0.73
0.19 0.04
0.17 0.17
-0.45 -0.24
2.04 1.66
0.14 -0.24
0.92 1.29
-1.01 -0.44
-0.12 -0.22
-0.04 -0.06
-0.44 0.28
-0.43 -0.45
-1.57 -1.61
-1.55 -1.56
-0.29 -0.15
-0.51 -1.27
1.97 2.17
0.93 0.12
-1.29 -1.53
0.43 0.03
-1.01 -0.97
0.55 0.36
-1.09 -0.58
1.95 0.79
-0.96 -0.24
0.77 1.95
-2.34 -1.89
1.10 0.24
0.10 0.60
0.21 -0.03
-0.01 0.23
-0.56 -0.30
0.87 0.13
0.28 0.52
1.29 1.52
1.62 1.60
0.46 -0.28
-0.05 0.83
1.18 1.23
-0.23 -1.17
-0.57 -0.33
0.97 1.63
-0.22 -0.94
0.12 0.48
-0.49 -0.05
0.62 1.18
0.97 1.34
-1.89 -0.72
0.51 0.69
0.28 -0.49
-1.06 -1.65
-0.32 -0.89
-1.57 -0.88
1.47 0.41
-1.13 -0.82
0.29 -0.49
-1.25 -1.78
1.03 0.33
-0.43 0.20
-0.60 -0.54
1.68 1.79
0.09 0.14
1.24 0.84
0.42 0.46
-0.21 0.04
0.90 1.40
-0.06 -0.27
-1.09 -0.18
0.29 1.72
-0.53 1.49
0.68 1.49
0.97 0.69
1.49 0.54
-1.58 -1.46
-2.71 -1.74
-0.90 -1.13
-1.25 -0.64
0.56 -0.41
-0.22 -0.03
0.34 0.59
-0.87 -0.22
-0.36 -0.35
1.51 1.01
-1.14 -2.33
0.14 0.44
