-0.27 0.13
0.35 -0.38
1.36 -0.23
-0.34 -1.21
0.27 -0.32
0.12 0.93
-1.23 -1.30
-1.19 -0.90
-0.49 0.21
-1.01 -1.27
0.18 0.39
0.28 1.01
-0.73 -1.87
0.26 -0.03
-0.34 1.51
-1.38 -0.35
0.02 0.12
-0.76 -2.58
-0.72 0.19
-1.46 0.07
-0.85 0.04
1.28 0.12
0.13 -0.91
-0.56 -0.98
-1.09 -2.66
0.16 -0.72
1.07 0.83
0.21 0.79
1.03 0.05
0.29 0.12
0.15 0.91
0.19 1.60
-1.95 0.51
0.28 0.47
-0.74 -1.05
-1.08 -0.02
0.33 -0.95
-0.66 0.42
-0.59 0.10
-1.49 0.46
-1.64 0.18
0.81 0.96
-1.86 0.71
-1.02 -1.16
-0.96 1.11
0.83 0.29
-0.52 -1.32
0.93 1.34
-0.49 -0.28
-0.51 -0.40
-0.70 -0.47
-0.12 0.29
-1.11 -1.22
0.26 -0.72
0.38 0.25
1.30 -2.23
-1.40 0.20
-0.19 0.92
0.19 -1.43
1.03 1.27
0.64 0.20
-0.40 1.51
-1.09 -0.05
-1.38 -0.65
-2.49 -0.11
2.48 -1.14
-0.55 1.86
1.16 -1.26
-1.18 0.36
0.84 1.27
0.23 0.72
1.12 0.48
0.47 -0.69
-0.48 -0.13
-0.69 -2.03
0.28 0.83
0.88 0.41
0.82 0.28
-0.35 0.67
0.41 1.42
0.17 0.79
-1.24 -0.14
-0.50 -2.22
-3.39 -0.83
-1.73 0.18
2.62 -0.62
0.81 -1.12
0.16 -1.93
-0.95 1.38
-0.71 -0.71
