1.59 0.44
0.21 1.14
-0.87 -0.57
-1.38 0.80
1.02 -0.47
1.88 0.81
1.51 -0.37
1.72 0.20
0.51 -0.25
0.02 -1.77
-0.53 1.57
-0.62 -0.75
0.13 -1.89
0.12 0.41
1.26 -0.64
-0.48 0.07
1.80 0.55
0.55 0.56
0.01 0.52
0.08 0.85
-0.49 -2.83
0.31 -0.22
-1.68 -0.22
-0.72 -0.08
-0.98 0.50
-0.56 -1.04
-2.45 -1.18
1.23 -0.20
-0.10 0.83
-0.05 1.22
-0.12 -1.49
0.40 -0.44
0.38 0.19
0.59 -0.16
-0.28 0.72
-1.18 -0.45
1.59 0.44
-1.00 -0.38
1.48 1.76
-0.74 -1.09
-1.00 0.79
-0.71 1.09
0.46 0.26
-0.01 1.61
0.23 -0.06
1.18 0.10
0.29 0.64
0.63 1.60
0.43 1.90
-0.47 -0.89
2.09 0.65
1.93 1.36
-0.16 0.16
0.64 0.13
0.05 0.38
1.43 2.37
2.03 1.66
-0.06 -0.72
-0.10 0.01
1.45 -1.11
0.72 0.91
-0.21 -0.27
1.38 1.38
0.36 0.43
1.17 -0.35
1.62 -0.65
-0.21 -1.15
-0.60 0.08
1.27 0.82
-0.38 1.14
0.42 0.42
-0.09 0.40
-0.28 -1.47
0.43 -1.88
-2.52 -2.15
0.25 -1.49
1.10 0.81
-0.26 0.96
1.09 1.34
-1.09 -0.06
-0.28 -0.15
0.65 0.53
-1.72 -1.48
0.72 0.35
1.06 -0.02
-1.06 -0.69
-0.65 -0.51
-1.52 -1.60
-1.08 -0.49
0.23 -0.33
