-0.77 0.68
-0.18 1.52
0.08 -0.12
0.09 0.31
1.32 0.83
1.12 -0.93
-0.15 1.48
-0.38 0.11
-0.54 -0.12
0.37 0.62
-0.18 0.81
-0.23 -0.63
-1.04 0.13
-1.02 -0.06
-1.63 -1.85
-2.52 0.13
0.84 -1.13
-1.04 0.55
-0.28 -2.25
0.62 -0.60
-0.11 0.39
1.95 -0.37
-0.20 1.02
0.37 0.28
-0.49 0.69
0.34 0.60
1.25 -0.47
-0.45 -1.40
-0.33 -1.21
-0.13 -1.35
-0.47 -0.19
1.02 0.05
0.10 1.18
0.35 -1.03
0.16 0.30
-0.14 0.61
-0.98 -1.81
1.09 -0.27
0.75 -0.07
-1.33 -0.02
-1.65 0.44
0.40 1.95
-0.97 1.15
0.69 0.41
1.08 -0.95
0.67 0.14
-1.18 -0.03
-0.55 0.11
-0.07 1.49
-1.12 -0.19
1.73 0.14
1.46 -1.94
0.64 -0.15
0.42 1.42
-0.18 -2.75
-0.94 0.12
0.60 0.12
0.22 0.10
1.17 -0.75
-1.83 1.39
1.55 0.61
0.96 -0.33
0.16 -2.49
0.56 -0.23
0.30 0.69
0.80 0.21
2.23 1.32
2.26 0.28
-0.71 -1.43
-0.13 -0.17
0.26 -1.71
0.09 0.90
-1.50 -1.75
1.56 -0.65
1.25 -0.56
-0.20 0.54
0.44 -1.47
0.77 0.62
0.53 -2.09
-1.35 -0.64
-2.30 0.59
1.64 -0.21
-0.81 -0.02
1.36 1.60
1.89 -0.18
-0.80 0.82
-1.10 -0.08
0.03 0.74
0.26 -0.46
-0.01 1.54
