0.42 1.56
-0.85 -1.74
2.35 -0.74
-0.86 -0.56
0.44 -0.79
0.71 -1.19
-2.64 0.24
1.22 -1.02
1.31 -0.73
-0.10 0.41
-0.71 -0.42
0.31 -0.16
-0.48 -1.09
0.68 0.17
0.36 -0.01
-0.66 1.16
1.23 0.12
1.15 -1.62
-1.15 1.05
-1.73 0.38
-1.37 -1.72
-0.22 1.03
-0.10 -0.79
1.15 -0.30
0.02 -0.50
0.52 1.42
0.44 0.33
0.01 -0.20
0.29 1.92
0.72 -1.27
0.44 0.34
0.07 -0.98
0.82 -2.27
1.12 -0.15
2.92 -0.28
-1.04 -1.25
0.93 0.73
-0.01 -0.82
1.10 0.33
-0.67 -0.85
0.34 0.43
-0.75 0.56
0.62 -0.43
0.78 -0.52
0.33 -1.01
1.13 0.38
1.31 -1.77
-0.62 -0.96
2.40 -0.43
0.15 0.74
-0.45 1.03
1.15 -1.93
-0.27 -0.57
-0.26 0.18
-0.12 -0.49
-1.43 2.03
0.99 0.05
-0.57 -0.78
-0.76 1.17
0.64 0.90
0.25 -0.13
-0.63 0.25
0.50 0.77
0.32 0.96
1.27 -1.54
-0.59 -0.32
-1.12 0.97
0.73 0.84
-1.09 1.84
0.31 -1.55
0.20 -1.23
0.09 2.94
-0.54 -0.52
1.66 1.91
1.44 0.37
0.94 0.04
-1.17 0.01
0.11 0.09
-1.15 -1.05
0.96 1.25
-1.64 -0.10
1.62 -0.89
1.40 -1.60
-0.70 -0.17
-0.35 -1.17
-1.10 0.13
0.33 -0.40
-1.36 1.52
1.04 -0.11
-1.67 -0.06
1.38 -0.31
-0.01 -0.76
0.98 -1.15
-0.50 1.42
-1.85 1.18
1.51 -0.37
0.04 -0.75
-0.14 -0.06
0.05 0.18
-0.29 0.73
