2.09 -2.15
1.43 -0.64
0.42 -0.66
0.36 0.08
-0.61 -0.69
-0.58 0.40
0.56 0.41
0.60 0.07
-0.38 -0.46
2.34 -0.09
-1.84 0.61
0.51 -1.06
1.00 0.48
0.05 -0.88
-1.45 -0.92
-0.25 -1.23
-0.34 -0.32
-0.56 2.57
-0.87 1.41
-0.50 -0.36
-0.32 0.19
1.35 -1.47
-0.53 0.29
-0.39 -0.40
0.28 1.61
0.06 1.51
0.93 1.99
-0.09 -2.37
-0.70 -0.61
-1.39 -2.44
-1.15 1.11
-0.34 0.82
0.45 -1.63
-0.02 0.99
-1.00 0.38
-0.54 0.50
-0.12 -0.35
-0.81 -0.49
-0.89 -0.37
1.83 1.19
-0.28 -0.31
0.04 0.66
-0.81 1.48
0.67 -0.38
0.37 0.60
1.00 0.94
-1.29 -0.97
0.40 -0.86
1.37 0.60
2.04 0.21
1.49 1.83
1.58 0.70
0.06 0.88
0.92 -1.36
0.47 0.52
-2.00 -1.11
0.67 0.89
1.75 0.11
0.40 0.04
0.50 -1.18
-0.07 -0.70
1.99 0.96
-0.85 0.93
0.85 -1.37
-0.19 0.60
-0.92 0.99
-1.64 -1.04
0.20 0.58
-0.33 -1.22
2.45 0.28
0.29 -0.42
-0.11 -0.02
-1.14 -1.58
-1.56 -0.18
-0.08 1.66
0.25 1.14
0.43 1.10
-0.87 -0.54
-0.11 -0.51
-0.74 -0.57
-1.77 -0.92
-0.49 0.17
-0.28 0.62
0.19 -0.42
0.26 -1.22
0.23 0.33
-0.53 1.99
-0.51 1.50
-1.46 -0.54
1.36 -0.38
0.19 0.10
0.93 0.29
-0.01 1.25
-1.24 -0.94
1.61 -0.58
-1.52 0.75
0.66 -0.94
-0.78 -0.40
-1.00 -0.19
-1.63 -0.88
