-0.91 -1.00
0.41 -1.21
-1.12 -1.13
-0.19 0.37
-0.81 -0.76
-0.33 -0.32
0.07 -0.55
0.78 0.33
0.14 0.96
0.05 -0.69
-0.10 0.22
0.50 0.23
-0.93 -1.43
-1.32 0.20
-0.50 -0.31
-0.12 -0.78
0.67 0.34
1.99 0.98
-2.39 -1.82
-0.76 -2.02
1.06 1.15
0.27 0.37
0.91 0.37
-0.83 -1.07
-1.01 0.16
-0.80 -1.35
0.55 -0.52
-0.53 0.25
-0.49 -0.03
0.22 -0.48
1.71 1.21
-0.98 -1.63
1.63 0.21
-2.13 -0.71
0.36 1.75
-0.20 0.66
-0.90 -0.82
1.11 1.14
1.25 1.36
-0.55 -0.66
-0.27 -0.38
0.15 2.16
0.00 -1.67
0.10 0.48
-0.20 0.27
-1.55 0.05
-1.60 -1.13
-0.42 -0.37
-1.49 -0.74
0.51 1.87
0.06 -1.23
-1.44 0.39
0.53 0.43
0.09 0.44
-0.16 1.13
0.27 0.62
-1.27 -0.54
0.05 1.40
0.84 1.18
0.50 -0.48
0.21 0.04
0.21 -1.35
0.19 0.94
0.07 0.62
0.45 1.07
-0.01 1.02
1.94 2.56
-0.26 -0.64
-0.34 1.12
0.55 -0.18
-1.40 -0.47
-0.95 0.68
0.43 0.97
-0.97 -0.51
1.64 1.69
2.15 -0.95
-1.31 -0.49
-0.58 -0.31
1.35 0.42
-1.16 0.74
-1.28 -1.19
0.90 0.63
-1.39 1.43
0.72 0.49
0.58 1.09
0.40 -1.28
1.66 2.11
-1.42 -0.38
-0.73 -0.18
-1.57 -1.18
0.86 -0.84
-1.23 1.43
2.07 2.17
-1.33 -0.04
-0.01 0.77
1.24 -0.08
0.54 0.37
1.33 0.48
1.82 1.23
-0.09 1.46
