0.72 1.33
-1.32 -1.28
-1.32 -0.44
0.33 -0.06
-0.47 -0.79
-0.04 -0.29
-0.65 -0.45
1.84 1.27
-1.01 -1.32
-0.07 0.15
0.81 0.76
-1.57 -1.25
-0.61 -0.15
-0.53 -0.81
1.27 1.27
0.34 0.71
0.13 0.49
1.60 1.82
1.66 1.62
0.48 0.97
-0.31 -0.02
2.00 1.89
0.27 -0.21
-0.37 -0.29
-0.40 -0.63
-0.00 0.77
1.60 1.56
1.13 0.71
-0.03 -0.55
-2.06 -1.75
-1.30 -1.60
0.52 0.66
-0.08 0.41
-0.50 -0.53
-1.47 -0.63
1.06 1.21
1.40 1.12
-0.36 -0.39
0.74 0.58
1.06 0.44
0.45 0.25
0.56 -0.24
1.97 1.89
-1.01 -1.21
1.22 0.80
-0.65 -0.63
1.75 2.20
-0.43 -0.63
1.20 0.96
0.62 0.44
0.43 -0.02
1.29 1.04
0.51 0.41
0.93 0.88
0.34 0.90
-0.71 -0.47
0.11 0.24
-0.60 -1.41
0.11 -0.68
1.96 1.53
1.29 0.70
0.32 -0.04
-0.35 0.19
0.35 0.15
0.45 -0.44
0.46 0.14
1.22 0.42
2.08 1.99
1.91 1.78
-0.55 -0.29
-1.67 -1.23
-0.73 -0.03
-2.01 -1.92
1.08 1.09
0.16 -0.49
-0.43 -0.83
1.15 1.01
-0.59 -0.87
-1.14 -2.01
-0.08 -0.38
0.38 0.72
1.62 1.73
-0.89 -0.24
1.19 1.03
-0.44 -1.15
0.49 0.35
0.03 1.12
-0.49 -0.64
-1.16 -0.53
-0.63 -1.88
