-0.48 -0.04
-1.18 -0.90
0.39 0.88
-0.01 1.05
0.73 0.66
0.47 -0.11
-0.42 -0.18
-0.97 -0.10
1.09 -0.19
-1.05 -1.16
0.11 -1.13
-0.74 1.40
0.32 0.77
-0.01 -0.86
-0.30 -1.48
-0.37 0.22
-0.00 3.07
-0.13 0.37
-3.47 -1.29
-0.49 -0.96
0.41 1.50
1.77 0.84
-0.36 0.00
-0.55 1.29
1.19 1.01
1.26 -0.25
-1.62 0.04
0.96 -0.36
1.13 -0.83
-1.46 -0.35
0.75 -0.77
1.32 1.82
-1.50 1.25
0.59 -0.13
-0.63 1.91
1.07 0.01
1.57 0.55
1.02 -0.55
0.37 1.88
-0.86 0.66
0.33 -1.61
-0.50 -0.33
-1.43 -0.25
1.57 0.78
0.24 0.17
-0.31 1.48
0.66 1.45
-0.56 -0.70
0.25 0.65
-0.77 0.53
