0.30 -1.61
-0.94 -1.24
-1.22 -0.24
0.98 -0.14
1.78 -0.42
0.99 -0.38
-1.44 -1.55
1.44 0.00
0.42 -0.32
0.05 -0.21
0.01 0.72
0.48 -0.19
0.06 -0.44
1.38 0.99
0.71 -0.50
1.40 1.32
0.51 -0.09
-0.67 0.35
0.86 0.96
1.51 0.11
1.21 1.05
-0.45 -1.30
0.21 2.22
-1.28 0.11
-0.41 2.09
-0.56 -2.26
-0.66 0.04
-1.00 0.60
0.49 -0.91
-0.55 -1.53
1.25 0.17
-1.17 -0.46
0.99 1.22
-1.23 1.51
-1.79 -2.81
-0.23 -0.74
2.37 1.85
-0.45 0.18
1.48 2.15
0.85 0.91
0.03 -0.46
-0.52 0.05
-0.24 -0.26
-0.22 -0.24
-0.51 -0.63
-0.50 1.26
1.08 0.29
1.21 0.08
1.09 -0.96
0.49 0.62
-2.52 -0.23
-0.79 -0.53
-1.92 -0.73
-0.82 2.25
0.92 0.54
0.61 1.74
0.92 -0.53
-2.01 -1.21
-1.16 0.38
-0.92 -0.10
-0.07 0.19
0.48 -0.66
1.16 -0.59
-0.81 -0.14
1.36 1.54
0.10 -0.56
-1.60 -1.16
-0.00 -0.13
-0.87 -0.88
-0.34 0.16
0.22 0.63
-0.39 0.06
-1.76 0.33
-0.14 0.11
0.03 -0.37
0.30 -0.11
0.19 -0.47
2.38 2.19
2.50 0.90
-0.09 0.54
-0.85 0.52
0.50 1.26
-1.02 -0.89
0.63 -0.20
-0.21 -1.52
0.77 1.28
-0.14 0.31
1.21 -0.48
0.21 -0.28
0.32 -1.56
0.63 -0.04
-0.37 0.15
-1.28 -0.77
-0.40 -0.31
0.22 -0.47
0.01 0.35
-0.02 0.17
-0.67 -2.65
1.35 1.01
0.24 -0.28
