-0.98 -0.98
-0.26 -1.31
-1.53 1.39
-0.55 -0.81
-1.85 0.36
1.20 0.81
-0.67 -0.12
0.66 -1.26
-0.77 1.20
0.08 1.58
-0.51 -0.08
2.19 1.84
-0.53 0.01
0.65 1.04
-0.80 -1.01
-1.51 -0.60
1.30 1.81
0.27 -0.33
0.14 0.85
0.07 0.27
1.63 1.51
0.67 0.72
-0.16 1.45
-0.09 -0.45
0.34 -0.35
-0.62 -1.33
0.03 0.94
1.82 0.73
0.51 1.88
0.81 1.35
0.29 0.47
-0.35 1.05
0.38 1.11
-1.27 -0.71
-0.51 -2.71
-0.76 0.80
1.35 0.20
0.13 0.12
-1.40 0.74
2.13 0.58
-0.91 -0.47
0.27 -0.23
-1.36 0.42
-0.46 -1.23
0.57 0.60
-1.19 -0.77
0.55 -0.14
-2.13 -1.02
0.30 -0.33
0.96 -0.42
