-0.78 -0.20
2.41 0.73
-1.02 0.58
1.32 0.28
0.64 -0.47
-1.09 1.04
-0.54 -0.80
0.80 -0.32
-0.13 -2.42
-0.22 -0.99
-0.22 0.97
-0.23 0.57
-1.41 -1.89
1.03 -0.63
-0.76 0.70
0.16 0.42
-0.85 0.56
-0.52 -1.21
-0.93 -0.92
0.05 0.01
-0.07 0.94
1.26 -1.28
-0.86 -1.68
-0.63 1.82
-0.67 -0.66
-0.32 0.24
-0.36 1.42
-0.75 0.20
-0.73 -2.67
0.30 0.72
0.76 1.19
0.48 -0.14
0.17 0.95
-1.13 0.81
-1.33 0.39
-0.64 -0.46
2.17 1.83
1.00 -0.09
0.88 0.83
1.24 1.17
0.55 0.85
-2.41 -0.38
0.16 0.79
-0.60 -0.21
0.35 1.01
0.48 -0.13
1.34 0.32
1.10 0.04
2.37 1.25
-0.48 -0.42
