-0.41 -0.48
-0.99 0.21
-0.33 0.53
-0.85 0.85
-2.06 -1.01
0.93 -1.14
0.24 -0.17
0.00 0.51
-1.12 -0.19
0.88 -0.53
0.37 -0.36
0.47 0.36
-1.23 1.67
-1.06 -0.51
1.83 -0.68
-0.81 1.26
-0.72 0.96
-0.06 0.02
1.08 -0.50
-1.12 -0.04
0.45 -1.26
-0.09 -0.45
-0.99 0.83
-0.33 -1.38
-0.31 1.43
-0.25 -0.14
1.59 -1.07
1.55 -0.03
0.39 -0.33
1.34 -0.51
0.75 0.46
0.34 0.32
0.46 -0.76
0.58 0.40
-0.62 -0.48
0.82 0.35
0.99 -3.24
-0.55 2.59
-1.23 0.81
-0.09 1.40
1.20 0.72
0.65 -0.72
0.89 -0.55
0.55 0.09
-2.36 1.35
-1.09 1.10
0.41 1.69
-1.25 1.44
-1.65 -0.52
1.81 -0.87
