-0.07 -1.28
1.91 -0.38
0.02 -0.05
-2.15 1.18
-0.99 0.22
-0.84 0.63
-0.07 -0.95
-1.33 -0.36
-1.42 0.31
0.49 0.22
0.66 -0.19
-0.40 -0.24
-1.65 0.58
-0.13 -1.29
-1.47 1.55
0.34 -1.33
1.53 -2.32
-2.27 0.39
-0.10 -1.54
0.98 -0.11
-0.60 -0.05
-0.14 0.94
-0.26 0.20
2.00 -0.61
-1.09 0.19
-0.92 1.58
-0.45 -0.15
-0.57 1.57
-1.59 1.10
0.61 -0.77
-0.23 -0.34
2.92 -0.21
0.04 0.34
0.25 0.16
-0.67 1.51
1.59 0.29
0.57 -1.16
-0.22 0.97
-0.32 0.92
1.29 -0.89
0.20 0.28
-0.65 -0.60
-1.52 -1.68
-0.28 1.57
1.16 -1.38
-0.23 -0.80
-2.12 -0.61
0.44 0.97
-0.19 -0.10
0.55 -1.23
1.02 -0.10
0.60 -0.53
-1.48 1.50
-0.48 0.50
-0.06 -1.48
-1.15 -1.17
1.10 0.38
-1.33 0.17
0.19 -0.27
0.94 -0.29
-0.27 0.07
-0.45 1.36
-0.77 -0.88
0.03 0.58
-0.65 2.26
0.02 -1.01
-1.06 1.28
-0.98 0.85
-0.17 0.23
-1.43 -0.57
-0.88 -0.17
-1.49 -0.65
-0.05 0.06
-0.22 -0.34
-0.07 -1.59
1.04 0.23
-1.40 0.89
1.95 -1.83
-0.74 0.89
1.07 -1.49
0.70 -0.71
0.27 -0.18
-0.95 -0.23
0.54 -0.60
-0.06 -1.84
1.09 -1.82
0.50 -0.90
0.98 -2.42
-0.33 1.81
0.34 0.17
