-1.43 0.41
0.38 -1.10
0.81 -1.73
-1.00 0.20
1.67 -0.38
1.25 -1.44
-0.63 1.08
-0.55 0.97
1.87 -2.02
-0.88 0.50
-0.13 1.28
-1.39 0.74
-0.37 -0.84
-1.43 0.06
0.12 -0.18
0.43 -0.04
-0.32 0.43
-0.15 -0.14
-0.37 0.68
1.42 -1.35
0.06 0.68
-0.92 0.71
1.09 -1.02
0.36 0.00
1.41 -1.79
-0.01 0.25
-0.88 1.47
0.40 -1.44
0.22 -0.40
-0.20 1.07
-1.51 2.03
-0.54 0.24
-0.20 -0.09
0.12 0.72
-1.56 1.23
0.23 0.59
-1.19 -0.51
1.46 -0.87
-0.87 1.37
-0.71 0.11
0.92 0.74
2.06 -1.65
-0.53 -0.44
-1.08 0.09
1.72 -0.40
0.06 0.72
0.19 -0.07
1.66 -0.88
-0.17 0.49
1.24 -0.32
-1.78 0.65
-0.72 -0.72
-0.21 -0.74
-0.13 0.65
-1.92 1.46
1.28 -1.56
0.09 0.56
-0.42 0.56
-2.53 1.38
-0.06 -0.52
-0.13 0.29
1.47 -0.13
0.74 0.45
0.46 1.15
1.11 1.00
-0.26 0.19
0.09 -0.03
-0.04 3.05
0.31 -0.98
1.47 -0.71
-0.38 1.14
-0.58 1.03
-0.61 0.75
-2.14 2.24
0.71 -0.55
-0.93 0.63
1.59 -1.02
0.07 1.31
0.79 -0.70
-1.78 2.46
-1.41 -0.35
0.56 0.23
0.45 0.33
0.41 -0.60
-0.85 0.74
1.97 -1.87
-0.36 0.03
0.34 -0.43
0.14 -0.35
-0.14 -2.85
-1.17 0.53
0.56 -0.36
-1.18 0.58
-1.60 0.71
-0.85 -0.53
-1.01 0.72
0.90 0.72
0.56 -0.22
0.19 0.91
0.03 -0.08
