-0.12 -1.36
-0.32 1.07
1.28 0.78
0.17 0.09
0.80 1.08
0.08 1.94
0.47 -0.51
-2.15 -0.40
-0.05 -0.06
-0.03 0.56
-0.55 -0.73
0.51 -1.46
-1.02 -1.42
1.46 1.70
0.86 -1.58
-0.32 0.55
-1.09 1.63
0.35 1.19
1.50 -0.88
1.10 1.46
-1.97 -0.29
-1.29 0.20
-1.19 1.13
-2.29 1.41
-0.71 -0.43
0.87 -1.81
0.81 -0.76
-0.93 -1.73
-0.94 0.07
0.63 -0.56
1.24 2.27
-0.63 0.25
-1.17 0.60
0.10 -0.06
0.16 -0.85
0.85 0.89
0.50 -0.57
-0.12 -0.15
0.84 -0.14
1.90 0.07
-0.04 -0.27
-1.02 -0.20
0.55 -0.02
-0.46 0.60
0.56 -1.98
0.77 -0.27
-2.27 -0.46
0.76 -0.62
-0.45 -0.32
-0.46 0.22
