-0.34 -1.59
-0.02 1.35
-0.34 1.71
1.74 -1.30
2.01 1.87
0.32 -0.75
-0.38 -1.15
-1.34 -0.94
-0.99 0.61
-0.23 1.21
-1.96 -0.83
0.44 -0.77
1.08 0.39
-0.47 0.89
0.14 1.15
-0.76 0.96
0.32 0.62
1.10 0.54
0.29 -0.85
0.79 -0.70
-0.21 1.08
-1.11 0.78
-0.15 0.20
-0.49 0.19
0.55 -1.65
1.24 -0.41
1.42 0.20
0.84 2.22
0.24 -0.28
-0.51 1.23
0.16 0.76
-0.50 2.10
0.32 -0.72
-1.77 2.03
1.01 1.01
-0.68 -1.10
0.15 0.62
-0.05 0.68
-1.06 0.04
-0.74 -0.01
1.09 -0.31
-1.64 0.10
1.07 0.12
-0.66 0.15
0.90 -0.07
-0.20 0.99
-0.76 -0.66
0.23 1.42
-0.90 -1.84
-2.51 0.22
-0.66 0.76
0.67 -0.19
0.71 -0.14
1.18 0.92
-0.53 1.05
-0.99 0.70
0.81 1.09
-1.30 0.50
0.59 0.32
0.18 0.12
0.87 -1.10
-0.37 1.34
-0.71 0.61
0.30 -2.38
0.59 -0.79
-0.07 1.59
-0.34 -0.46
0.47 -2.16
-0.57 -0.99
-0.10 0.73
0.45 -0.40
-1.74 0.32
1.02 1.70
1.18 -0.26
0.03 -0.66
-1.58 0.35
-2.97 -1.02
0.94 -0.05
-0.31 0.46
-2.08 -0.47
-2.35 0.55
-2.07 1.06
-0.77 1.88
-0.39 -0.89
0.34 1.41
0.76 0.33
0.85 1.33
0.01 -0.89
-0.92 -0.36
1.18 0.39
