-0.26 -0.54
-1.57 -2.48
-1.92 -0.40
-1.55 -0.66
1.84 -0.26
1.31 0.34
-0.05 -0.90
0.26 -0.74
0.41 0.31
-2.10 -2.13
0.69 -0.13
0.68 -0.09
0.97 0.58
-1.10 -0.92
0.52 -0.06
0.10 -0.12
1.46 0.98
0.25 1.03
-0.16 -0.75
-0.70 -0.93
-0.73 -0.67
-0.33 -0.31
0.96 0.28
-0.06 0.12
-0.89 -0.87
-2.14 -1.83
0.85 1.45
0.66 0.87
1.82 1.41
0.27 1.10
-1.27 -2.18
1.98 0.46
-0.14 0.77
0.28 1.85
0.19 -0.77
-0.95 -0.41
0.33 1.32
-0.26 0.29
2.01 1.59
-0.71 0.12
0.21 0.83
-0.75 -0.49
1.45 0.42
-0.21 -0.60
-1.00 -1.03
-0.69 0.74
-0.53 -2.03
-0.59 0.17
0.18 0.73
1.78 0.93
2.31 2.37
-0.08 0.30
0.77 1.29
-0.22 1.01
-1.46 -1.32
0.66 0.70
-1.06 0.12
0.00 -0.06
-0.83 -1.71
0.75 1.55
0.79 1.11
0.14 -0.42
0.42 -0.23
-0.51 -0.33
1.02 0.62
0.23 1.53
1.92 0.94
-0.12 -1.11
-0.64 -0.11
1.28 1.69
-1.16 -1.21
-0.78 -1.55
-0.18 1.16
-1.52 -0.42
-0.27 -0.25
0.69 1.07
1.91 0.74
-0.60 -0.23
-0.60 0.13
-0.37 -1.02
0.54 0.93
-1.60 0.65
1.69 0.93
-0.32 -0.42
0.88 0.83
1.70 1.42
-0.11 -1.04
-0.84 -1.79
0.66 0.77
-0.85 -1.01
0.86 0.94
0.28 0.50
1.52 0.58
-0.35 -0.55
0.64 -0.25
-0.05 -0.78
-0.93 -0.62
-0.82 -1.02
0.46 -0.30
-0.28 -0.47
