0.33 -0.34
-1.57 0.58
0.68 0.46
0.13 -0.11
-0.52 -0.34
0.33 -0.61
0.63 -0.14
1.39 -0.15
3.11 -1.43
-1.64 -1.47
1.38 -1.00
0.90 0.03
0.77 -1.28
-0.66 1.38
-0.16 -1.23
0.17 -1.11
2.02 -1.49
-0.87 1.05
0.36 -1.33
-0.62 -0.26
2.04 -2.01
0.41 -0.79
-0.77 1.25
1.23 0.40
0.44 -0.77
2.05 -1.41
0.20 -1.68
0.06 2.03
-0.31 0.93
-0.81 1.67
0.79 0.13
1.15 -0.55
0.66 -1.23
1.26 -1.19
1.23 -0.99
-2.24 0.75
1.08 0.55
-0.20 1.82
-0.78 -1.04
-0.72 0.71
-0.29 0.85
0.28 -1.89
-1.10 -0.48
-0.65 0.53
0.36 0.00
0.66 1.39
-1.36 -0.43
-0.88 -1.71
-0.98 -0.06
0.41 -1.58
-0.90 1.14
0.28 -1.93
-1.97 0.56
-0.81 0.36
1.54 -0.66
-0.32 -0.67
-0.13 -0.83
1.57 -0.49
-0.45 -0.58
1.84 -2.07
1.23 -0.82
-1.03 0.16
-0.76 1.44
1.03 -0.53
1.28 0.52
-0.22 -1.05
0.09 0.59
-0.26 0.20
0.01 -0.35
-1.46 -0.06
0.77 -0.58
-0.72 -0.43
-0.14 -1.00
0.80 -0.71
-0.06 -0.33
-0.17 -1.74
-1.58 0.42
-0.46 0.09
-0.33 -0.41
0.32 0.03
-0.88 -0.65
0.69 0.43
0.50 0.47
-0.47 1.58
1.32 -1.30
1.11 -0.99
0.49 -1.29
-1.03 -0.10
-0.58 2.18
0.44 0.92
