-0.18 -0.78
-1.67 -1.16
1.77 0.74
0.56 1.03
-0.80 0.36
0.99 -1.54
-0.31 0.36
0.46 0.79
0.17 -1.31
1.57 2.30
-1.20 0.38
0.81 1.19
0.18 0.72
-1.32 -0.39
-0.16 1.11
1.79 -1.61
0.92 -0.84
0.96 1.91
-0.76 0.97
-1.60 -0.24
0.20 -0.16
-0.31 -1.24
0.51 -1.12
1.02 0.57
0.17 0.52
-2.79 -0.41
0.88 -0.02
0.48 0.65
0.27 -0.29
-0.33 -0.04
1.07 0.39
1.52 -1.43
-0.45 -0.80
0.74 -0.76
1.24 -1.01
0.33 0.87
-0.76 1.81
-0.20 -1.01
0.71 0.56
-0.89 -1.24
-1.87 -1.03
-1.19 -0.72
1.36 1.85
2.23 0.23
-0.86 0.45
0.40 -0.22
-1.20 0.52
0.61 -2.31
-0.88 -0.55
-0.30 0.29
-0.35 -1.19
0.47 0.07
-1.03 -1.69
0.14 0.59
-0.66 -0.44
-1.11 0.18
-0.14 0.41
-0.58 -0.64
-0.29 -0.11
-0.49 -0.48
1.55 0.09
0.27 -1.70
0.56 -0.05
-0.56 0.96
-0.12 -0.56
-0.77 0.67
-1.29 -1.80
-0.80 -0.19
0.45 1.95
-1.46 0.12
-0.15 0.46
1.90 0.89
-0.46 -0.71
-0.38 0.16
-0.64 1.44
-0.35 -0.82
-0.51 -2.22
-0.82 -0.80
1.84 0.28
-1.31 -1.05
0.49 0.70
-1.01 1.26
1.06 1.00
1.01 -1.47
1.38 -0.22
0.82 -0.01
1.64 0.30
-0.40 -0.45
1.15 -0.61
-0.99 -2.19
