0.43 0.27
-0.01 -0.79
0.69 1.44
1.71 -1.58
-1.54 1.24
-0.55 -1.24
-0.84 -0.77
0.24 -1.74
-0.94 0.62
-0.08 -1.94
1.65 1.65
-1.34 0.14
-0.32 0.72
1.59 1.02
0.24 -0.36
-0.87 0.55
-1.83 -0.94
0.13 -0.83
1.90 1.24
-0.81 -1.26
-0.72 -1.13
0.46 0.12
0.18 -1.30
1.23 0.92
1.08 1.97
0.39 -0.14
0.75 -0.57
-0.74 -0.76
-0.94 0.02
1.05 0.75
0.37 -0.40
-0.11 -2.33
-1.64 -0.36
-0.96 0.23
-1.11 -0.68
-1.35 1.03
-0.07 -0.40
2.36 0.36
0.10 0.34
-1.60 -2.05
-0.12 0.67
0.41 0.01
-0.61 -1.88
0.18 0.23
-1.18 -0.82
-0.62 -0.20
0.61 -0.31
-0.80 -0.02
-1.09 0.30
-0.99 -0.23
