-0.37 -0.69
0.91 0.75
2.10 2.22
0.46 0.03
0.59 0.38
0.11 -0.05
0.39 1.01
0.26 -0.17
-1.73 -1.68
-0.61 0.01
-0.91 -0.41
0.50 -0.17
-1.15 -1.42
1.61 2.02
1.26 1.22
-1.06 -0.13
0.57 0.96
1.56 1.39
1.34 1.19
-0.67 -0.58
0.50 0.67
-0.19 -0.95
0.15 -0.19
-0.94 -1.15
0.96 0.44
1.70 0.97
0.27 -0.23
1.62 1.08
-1.08 -1.07
0.06 0.72
1.81 1.51
0.70 0.47
0.55 0.57
-0.87 -0.55
0.39 -0.27
-1.01 -1.69
-0.48 -1.13
1.00 1.34
-1.02 -0.31
-0.30 0.05
1.17 1.70
0.77 0.84
-1.13 -1.35
-1.90 -1.97
2.25 2.30
-0.35 0.17
-1.86 -1.38
-0.07 0.17
0.88 0.87
-1.33 -1.55
0.47 0.17
-0.68 -1.15
1.21 0.83
0.34 0.48
0.54 0.47
-0.45 0.33
-0.60 -0.82
1.49 1.95
-0.33 -0.01
0.12 0.30
2.16 1.91
-0.83 -1.41
0.73 1.01
0.66 1.26
0.94 0.85
0.28 -0.00
-0.04 -0.90
0.07 0.25
0.22 -0.40
-1.75 -0.77
1.56 1.37
-0.82 -0.44
0.40 -0.04
0.70 0.57
0.04 -0.48
-0.33 -0.67
0.86 1.41
-0.20 -0.26
-2.35 -2.35
-1.13 -0.99
1.01 0.11
-0.50 -0.36
0.36 0.17
1.57 1.53
1.38 1.71
-0.53 -0.71
1.05 1.00
1.33 1.34
1.05 0.46
0.80 0.88
-0.77 -1.03
-0.17 -0.31
-0.00 0.77
0.46 0.75
-1.45 -0.34
0.37 0.28
1.87 1.71
-0.34 0.04
-0.40 0.57
-0.74 0.04
