0.99 1.25
1.03 1.51
-0.27 -0.48
1.70 0.27
-0.41 -0.37
-0.82 -1.12
-0.69 0.71
1.31 2.67
-0.25 0.93
0.13 0.33
0.40 -0.29
0.28 0.35
-0.26 -1.34
0.84 -0.45
0.64 -0.25
-2.09 -0.11
-0.07 -0.14
-0.41 -0.41
-0.84 -0.58
0.76 1.83
0.52 -0.18
0.52 1.57
-0.73 0.91
0.52 -0.26
-0.84 -1.98
-1.27 -0.41
-0.63 -1.31
1.27 0.05
-1.46 -0.59
1.63 0.47
0.62 -0.58
0.30 -0.32
0.54 -0.31
1.37 1.31
-0.74 1.69
-1.38 -0.07
-1.02 -0.98
1.88 1.95
-1.64 -1.22
1.33 0.96
1.57 0.36
1.95 1.27
0.32 0.26
-0.43 -1.36
-0.54 -1.33
1.00 -0.58
-0.06 0.44
0.60 0.75
0.67 1.15
-0.01 -1.01
-0.11 -1.13
-1.05 -1.86
1.17 0.12
-0.41 -1.33
-1.45 -1.34
0.10 -1.27
1.51 0.74
1.57 1.58
0.23 -0.06
0.40 -0.78
-0.42 0.01
1.15 -0.11
2.03 0.07
0.62 0.37
-0.84 -0.48
0.19 -0.29
-1.32 -1.72
0.25 0.23
-0.09 1.31
0.17 1.17
1.99 1.27
2.03 0.34
-0.88 -1.11
0.05 0.47
0.44 0.67
-0.81 0.32
0.33 0.80
0.91 0.27
0.41 0.12
2.05 2.82
1.74 1.07
-1.49 -1.81
2.54 1.01
-0.20 -0.49
-0.02 0.48
-0.39 -0.24
-0.24 -0.01
0.37 0.58
0.81 -0.43
0.79 -0.35
