0.54 0.54
1.22 1.22
-0.15 -0.15
1.57 1.57
0.15 0.15
-1.32 -1.32
1.88 1.88
0.41 0.41
0.30 0.30
-1.31 -1.31
-0.02 -0.02
-0.79 -0.79
1.22 1.22
-0.04 -0.04
0.48 0.48
0.43 0.43
0.09 0.09
3.25 3.25
-1.17 -1.17
0.48 0.48
0.59 0.59
1.08 1.08
-0.21 -0.21
0.16 0.16
1.78 1.78
0.49 0.49
0.73 0.73
-1.42 -1.42
0.69 0.69
0.98 0.98
0.49 0.49
0.62 0.62
0.19 0.19
-0.38 -0.38
-1.03 -1.03
-1.57 -1.57
1.00 1.00
-0.56 -0.56
1.39 1.39
0.78 0.78
-0.26 -0.26
1.29 1.29
1.46 1.46
0.39 0.39
-0.35 -0.35
-2.26 -2.26
-0.27 -0.27
-0.28 -0.28
0.80 0.80
-0.23 -0.23
