1.06 -1.06
-0.62 0.62
-1.29 1.29
-1.46 1.46
-0.41 0.41
-1.45 1.45
0.95 -0.95
-0.88 0.88
-0.71 0.71
0.52 -0.52
0.26 -0.26
-1.56 1.56
-0.34 0.34
-1.18 1.18
-0.30 0.30
-1.27 1.27
0.52 -0.52
-0.31 0.31
-1.90 1.90
1.10 -1.10
0.12 -0.12
-0.18 0.18
-1.48 1.48
-0.23 0.23
-0.35 0.35
0.95 -0.95
-1.08 1.08
-0.60 0.60
-0.15 0.15
-1.95 1.95
1.01 -1.01
-1.72 1.72
-0.05 0.05
1.59 -1.59
-0.75 0.75
1.04 -1.04
-1.04 1.04
-0.58 0.58
0.52 -0.52
-0.35 0.35
0.02 -0.02
1.21 -1.21
-1.77 1.77
0.66 -0.66
-1.03 1.03
-0.78 0.78
-0.54 0.54
-1.05 1.05
-0.44 0.44
0.42 -0.42
0.33 -0.33
-0.58 0.58
-1.65 1.65
0.16 -0.16
-1.41 1.41
0.33 -0.33
-1.18 1.18
-0.10 0.10
-0.36 0.36
-1.34 1.34
-1.39 1.39
0.47 -0.47
-0.27 0.27
-1.39 1.39
0.63 -0.63
0.71 -0.71
-2.21 2.21
-0.04 0.04
0.11 -0.11
0.03 -0.03
-0.37 0.37
1.34 -1.34
-1.12 1.12
-1.26 1.26
-2.01 2.01
-1.72 1.72
-1.22 1.22
-0.42 0.42
1.38 -1.38
1.04 -1.04
0.20 -0.20
0.39 -0.39
0.57 -0.57
0.23 -0.23
-0.10 0.10
1.91 -1.91
0.36 -0.36
1.42 -1.42
1.11 -1.11
1.20 -1.20
0.44 -0.44
0.27 -0.27
2.24 -2.24
0.14 -0.14
-0.98 0.98
1.75 -1.75
0.53 -0.53
0.95 -0.95
0.41 -0.41
-0.97 0.97
