-2.33 -0.65
-0.12 0.26
-0.28 0.76
-1.10 -1.21
0.35 -0.64
1.17 0.18
0.82 1.85
-0.43 0.57
-1.69 -1.86
0.49 -0.04
-0.19 -1.84
-0.60 -0.70
0.63 -0.23
0.24 0.47
0.72 -0.19
-0.36 0.70
-0.62 -1.26
-0.06 -0.44
-2.38 -0.06
-0.73 0.03
-0.08 0.74
-2.31 -0.66
0.30 0.14
0.02 -0.44
0.40 2.00
0.07 -0.32
1.09 0.48
-0.14 1.00
-0.58 1.24
1.27 -0.33
0.82 0.35
-0.39 0.73
-0.80 0.52
-1.28 0.61
2.40 -1.51
0.75 0.41
0.73 0.63
1.35 1.14
-1.39 2.31
-1.82 -0.68
0.08 0.10
0.35 1.08
-1.52 1.95
0.42 -1.25
0.42 -0.86
-0.13 -0.94
-1.42 -2.11
-0.02 -0.17
0.41 -0.88
-0.48 -0.73
