0.17 0.71
0.71 0.57
-0.29 0.85
1.79 1.88
0.26 -1.26
1.85 -0.23
1.58 1.88
0.37 -0.63
0.28 0.76
0.19 -0.24
0.20 1.40
0.66 -0.05
-0.26 0.14
-3.33 -1.29
1.02 -0.50
-1.31 0.43
-0.29 -0.57
0.33 0.35
-0.24 0.89
-0.21 -0.03
0.38 0.16
0.37 0.46
0.88 -0.25
1.16 -1.06
0.30 -0.91
0.14 -0.30
-1.17 0.05
0.32 1.48
-1.26 0.22
0.04 0.13
-0.77 1.07
-0.34 0.32
0.40 -1.52
-0.21 -2.43
0.70 0.47
-1.28 -0.64
0.84 0.75
0.96 0.86
-0.29 -0.93
-1.63 0.39
0.08 0.18
1.11 0.65
-0.86 2.10
1.21 -1.18
-0.81 -0.65
0.51 0.24
1.49 1.57
-1.92 0.27
1.50 2.21
1.73 0.78
-0.34 0.29
1.17 0.99
-0.29 0.59
-1.21 -1.02
-0.92 -1.66
-0.49 0.46
0.71 -0.31
-0.73 -0.61
-1.08 -0.25
-0.55 0.08
0.88 0.96
-0.63 -0.51
-0.92 0.71
1.70 -0.79
0.31 -0.40
-0.93 0.97
-0.26 -0.78
-0.05 0.67
-0.61 0.92
1.06 1.73
-2.10 -1.41
0.82 -0.54
-0.89 -1.78
0.83 0.03
-0.07 1.26
0.76 1.22
-2.94 0.01
0.77 0.40
-0.08 -0.69
-0.13 -0.98
-0.43 -1.94
-1.01 0.11
0.13 -0.13
-0.54 0.55
-0.68 0.39
0.31 2.49
1.86 1.36
-0.70 -1.85
-0.54 0.97
-0.05 -1.26
