0.68 0.87
-1.52 -0.64
0.13 -0.01
0.36 0.78
-0.41 -0.68
-0.27 -0.26
-1.73 -2.01
0.45 0.25
-0.67 -0.35
-0.34 -0.74
0.65 0.19
2.44 1.78
-1.71 -0.64
-0.64 -0.63
1.08 1.51
-0.57 -1.08
1.34 0.24
0.64 0.84
1.06 0.42
0.62 0.09
0.15 -0.84
-0.76 -0.43
-0.48 0.16
0.06 0.18
1.21 0.84
-0.28 -0.49
0.02 -0.34
0.94 2.42
1.54 1.51
-0.80 -1.57
1.19 1.75
1.07 0.01
-1.04 -0.33
-1.00 -0.77
-0.24 0.60
-0.68 -0.86
-0.37 -0.32
0.45 -0.18
-0.52 0.27
0.98 -0.20
-0.42 0.01
1.12 1.93
-1.05 -0.47
0.47 0.40
-1.48 -0.72
0.42 -0.61
-1.95 -1.81
-2.07 -1.43
-0.48 0.25
-0.18 -0.16
-1.29 -1.90
-0.13 0.53
-0.23 0.71
0.76 0.48
-0.02 -0.74
0.02 -0.10
-0.69 -1.33
0.29 0.45
0.48 -0.09
-0.52 -0.72
-2.51 -1.25
0.63 1.31
-1.35 -2.38
0.18 -0.33
-1.60 -1.18
-1.42 -1.06
1.01 -1.08
-0.32 0.40
1.48 2.10
-0.19 -1.08
-0.70 -0.56
0.75 0.86
0.22 -0.40
1.57 0.30
-0.83 -0.41
0.20 0.03
-1.31 -2.30
-0.14 0.32
-1.45 -1.14
0.21 0.22
0.82 0.82
0.56 0.07
-0.68 0.41
-0.07 -0.53
0.03 0.03
-0.46 0.42
0.04 0.20
-1.67 -2.40
0.72 0.18
-1.05 -0.72
-0.08 -0.21
0.26 0.62
-1.23 -0.93
2.27 2.28
1.99 1.98
-0.26 -0.66
1.46 1.10
1.93 1.57
0.92 0.62
-0.57 0.26
