-0.33 0.20
-0.14 0.06
0.28 0.14
0.72 0.06
0.60 0.29
-1.07 0.95
-1.11 0.28
1.56 1.90
-0.40 -0.05
-1.38 -1.04
-0.47 1.56
1.18 0.53
-0.38 -1.07
-0.07 0.73
-0.66 -0.77
0.08 -0.84
-0.14 0.29
2.15 1.39
1.06 -0.30
0.14 1.03
-0.04 0.42
-1.19 -0.27
-0.59 -1.03
0.90 1.10
-0.22 -2.17
-0.16 0.61
0.29 1.47
0.68 -0.03
0.30 0.62
-0.68 -0.12
1.05 -0.22
0.94 -1.24
0.97 0.27
2.66 1.82
1.83 1.14
-0.40 -1.21
-0.84 -1.14
0.86 -0.01
-1.42 -0.70
-0.75 -1.08
-0.41 -0.65
-0.20 -0.62
-0.58 -2.00
1.36 0.32
0.77 0.58
-0.82 1.49
1.54 1.03
-1.76 -0.77
-1.28 -0.11
0.53 -0.83
-1.04 -1.24
0.56 1.09
-0.68 0.10
-0.51 -0.80
0.28 2.18
0.44 1.24
-0.19 -0.03
0.18 0.32
-0.22 0.20
0.11 -1.75
-0.02 0.89
0.27 0.19
-0.70 -1.71
-1.66 -1.16
-0.05 -0.26
-0.88 0.92
-0.88 -0.96
1.46 1.21
-0.92 0.77
0.49 1.05
0.51 1.76
0.58 -0.66
-1.02 -1.15
1.03 0.01
-1.62 -2.16
0.93 0.27
0.09 0.96
0.35 -1.55
-0.77 1.02
-2.20 -0.92
-0.99 -1.60
-1.55 1.26
-0.14 -0.29
-0.02 -0.61
-0.14 -1.36
-1.07 -0.38
0.80 0.92
1.73 1.07
0.79 0.86
0.63 -0.78
-0.75 -0.05
-1.29 -0.39
-2.67 -1.51
-0.48 -0.62
1.14 0.60
2.19 1.68
1.56 0.20
-0.23 -0.83
0.18 -0.36
1.44 0.35
