-0.06 -1.25
-0.13 -0.13
-1.00 0.05
0.64 0.92
0.20 -0.67
-0.60 0.55
0.63 -0.69
2.04 -0.46
-2.55 2.38
0.06 0.97
-0.09 1.04
-1.34 1.04
0.49 1.59
0.35 -0.17
0.48 -1.28
0.39 -0.80
-0.04 0.31
0.29 0.64
-0.48 1.35
-0.16 0.85
-1.66 0.87
1.24 0.64
0.22 -0.71
0.42 2.34
-1.41 0.55
1.94 -1.92
-0.87 -0.69
-0.22 -1.87
1.44 -0.70
-0.38 0.11
-0.40 -0.28
-0.02 0.33
0.88 -0.11
-0.45 2.01
-0.63 0.66
-1.18 1.22
0.31 -0.37
1.79 -1.69
0.03 0.73
-0.12 -0.20
1.32 -0.26
-0.16 -0.28
0.27 -0.26
0.42 -0.44
-0.07 0.11
0.45 -0.02
1.09 -1.82
-2.29 0.05
-0.26 0.86
0.23 -0.06
2.33 -2.04
0.55 -1.00
1.59 -1.29
2.23 -0.33
0.03 0.89
-0.97 1.30
0.09 -0.13
0.75 -0.45
0.79 1.48
0.18 -0.35
-0.83 -0.31
0.70 -1.78
0.94 -0.08
-0.31 1.23
-1.10 2.15
0.01 0.23
0.29 1.18
0.68 0.21
-0.27 -0.30
-1.68 1.45
1.20 -1.62
-1.18 0.64
-0.42 0.54
0.29 -0.55
0.43 0.72
0.33 -1.95
-1.75 0.76
1.69 -1.31
-0.16 0.50
-1.52 0.67
0.82 -0.52
-1.26 -1.11
-0.45 0.11
0.08 0.29
0.71 -0.10
0.26 0.56
2.41 -0.56
0.60 -0.97
-1.26 -0.85
1.47 0.01
