0.21 0.59
-0.09 0.69
1.16 0.48
1.10 1.39
0.05 0.30
-0.61 -0.15
1.85 0.55
-0.61 -0.78
0.71 0.49
0.78 -2.10
0.58 0.23
-1.08 0.66
0.66 -0.32
0.60 0.90
-1.14 -1.33
-2.25 0.25
0.12 1.14
1.32 0.22
1.50 -0.14
-2.97 -1.32
0.66 -0.30
0.03 -0.57
-0.78 -1.57
-1.64 -3.38
-1.52 -0.83
-0.92 -0.87
0.31 0.46
-0.75 0.02
-1.06 -0.15
-0.45 -1.08
-0.26 1.22
-0.70 1.63
0.30 -0.31
0.52 0.59
0.70 0.99
-2.87 -0.30
1.74 1.86
-0.06 0.51
0.64 0.53
0.95 -0.60
1.04 -0.21
-0.29 0.02
-0.71 -0.01
0.08 -0.56
0.33 1.31
-0.92 -1.15
-0.58 -0.00
-0.43 -0.47
-0.21 0.79
1.35 1.52
-2.65 -1.82
0.43 -0.03
-0.03 -1.05
-0.22 0.26
1.20 2.85
-0.24 -1.59
-0.35 -0.72
0.57 0.14
-0.30 -0.15
0.30 -0.45
1.89 0.15
0.76 1.24
-0.51 0.06
0.46 0.52
0.21 -1.26
-0.37 0.28
-0.13 0.11
-0.62 -1.34
-0.88 0.21
0.48 -1.18
1.22 1.10
-0.25 1.12
1.31 1.03
-0.02 0.73
0.14 -0.03
-1.04 -0.96
0.10 1.45
-0.81 0.05
-0.61 -0.22
0.47 0.09
1.76 0.18
1.14 1.33
0.92 0.98
0.66 0.07
-0.67 -0.92
-0.21 -1.18
-0.70 -2.85
1.18 -0.09
-0.43 -0.81
-0.34 -0.82
1.81 1.31
-0.27 0.24
0.98 0.15
-2.16 -1.08
0.59 0.56
-1.74 -0.41
0.89 1.30
-0.17 0.72
-0.06 0.77
-0.06 -0.91
