-1.58 -0.79
0.12 -0.22
1.25 1.00
-0.09 0.07
-0.29 -0.61
2.13 1.60
-0.79 -0.79
0.57 1.17
-0.87 -0.44
-0.96 -0.54
-0.00 0.03
-0.97 -0.65
0.78 1.22
-0.80 0.27
2.33 1.88
-1.25 0.06
0.66 0.54
1.02 0.27
-1.14 -1.75
1.69 1.61
1.08 1.45
-1.06 -0.77
-0.30 0.24
-0.01 0.01
-2.09 -1.05
1.82 1.96
0.02 -0.68
-0.10 0.23
-0.56 -0.79
0.11 0.82
0.79 0.03
-1.14 -0.78
-0.49 -0.69
-0.29 0.42
-0.29 -0.47
1.72 1.43
-0.57 -0.20
0.91 1.58
0.04 -0.19
0.95 0.43
0.49 -0.10
1.37 -0.14
-0.39 -0.25
1.25 1.60
0.77 0.56
-0.34 -0.02
-0.46 -0.05
0.43 1.65
-0.95 -0.34
-0.30 0.61
-1.00 -0.75
1.59 1.55
-1.02 -0.74
-0.40 1.37
-1.05 -1.57
-0.18 0.42
-1.11 -1.20
1.46 1.09
-0.57 -1.43
0.18 1.05
0.62 -0.20
0.30 0.49
0.67 0.13
-0.95 -0.73
-0.65 0.21
0.19 0.79
-0.61 -0.28
2.30 1.63
1.20 0.63
-1.58 -0.98
-0.21 -0.27
1.25 1.76
0.78 0.74
1.01 0.41
-0.41 0.12
0.17 0.58
-0.26 -0.35
-0.05 0.21
-0.57 -0.49
-1.72 -1.85
-0.35 -1.60
-1.81 -1.62
1.41 1.57
-0.36 -1.46
-1.40 -1.18
-0.88 -1.08
1.82 1.40
1.49 0.70
-0.74 -0.76
-0.06 -0.40
-0.62 0.46
-0.14 1.35
0.42 0.47
-0.94 -0.72
0.85 1.41
1.68 1.73
0.72 -0.61
-0.25 -0.65
-1.35 -2.90
0.53 -0.46
