-0.73 -1.85
-1.14 1.21
-0.43 -1.18
-0.19 -0.51
-0.03 0.69
-1.11 1.56
0.53 -0.25
-1.93 1.82
1.73 -0.81
0.29 0.62
0.41 -0.98
-0.37 0.31
-0.36 1.43
-0.13 -0.29
-0.97 -0.58
-1.45 -0.15
-0.45 0.56
0.22 1.70
0.16 0.62
0.03 -0.95
1.54 -0.42
0.86 0.20
0.02 0.75
1.06 -0.40
0.13 -0.95
1.31 -1.47
-2.71 0.66
-1.34 0.38
0.18 -0.37
-2.61 0.85
-1.74 1.33
0.34 -2.32
1.33 -1.75
1.65 -0.90
0.56 -1.49
-0.79 -0.22
0.95 -0.13
-0.35 2.05
-0.42 0.91
0.32 -0.77
0.17 0.20
-0.52 -1.45
-1.34 0.36
0.74 -0.57
0.23 0.09
0.20 -0.46
0.72 -0.30
-0.20 0.25
-0.42 -0.06
0.33 -0.33
0.29 -1.11
-1.38 1.79
0.20 0.08
0.78 1.14
-0.60 0.84
1.77 -0.90
0.33 -0.61
-0.28 -0.53
0.53 1.10
-1.66 0.20
-0.46 0.08
1.81 -1.78
1.80 -1.71
-0.60 -0.19
0.99 -0.37
-0.45 -1.24
-1.31 0.83
-0.13 -0.60
-0.63 1.60
-0.12 1.67
0.09 -0.31
1.42 0.12
-1.75 0.63
0.58 -1.37
0.45 -2.75
-0.07 0.12
1.26 -1.11
-0.45 0.04
0.92 0.40
-0.24 0.16
0.70 -1.45
0.46 -0.44
1.04 -1.64
-1.58 -0.21
-0.03 -0.45
-0.27 -0.28
-1.17 0.01
-0.02 -0.50
2.57 -1.08
-0.28 0.90
