-0.21 0.05
-0.13 0.53
-0.81 -0.76
-2.54 -1.81
-1.93 -2.22
-0.21 -0.37
-0.86 -0.79
-0.75 -1.32
1.15 1.34
-0.21 -0.61
-0.48 -0.43
-0.08 0.38
1.08 0.72
0.56 1.04
-0.91 -0.48
-0.87 -0.27
0.02 0.90
1.19 1.41
0.02 -0.25
-0.86 -1.40
1.25 1.13
0.38 0.67
-0.97 -1.14
-0.17 0.61
-0.80 -0.56
1.32 1.49
-1.34 -0.30
0.44 1.10
0.18 1.31
-1.28 -2.05
-0.90 -0.57
0.05 0.62
0.13 0.15
0.89 0.54
0.41 0.52
0.30 0.29
0.05 -0.08
-0.62 -1.01
-1.44 -1.06
-0.72 -0.68
1.62 1.43
-0.26 -0.35
-1.27 -1.22
0.76 0.43
-1.78 -1.21
2.32 2.09
-1.47 -1.00
1.70 1.16
0.06 0.06
0.24 -0.39
