-0.19 -0.73
1.05 0.54
-0.00 2.08
-0.37 -1.49
-0.80 1.34
0.32 -0.60
0.50 2.10
1.06 -0.61
1.12 1.25
0.13 -1.94
-0.52 -1.57
-0.98 -0.40
0.72 -0.71
-1.37 -2.58
-1.46 0.66
-0.61 0.18
0.43 1.03
1.71 0.06
-0.91 1.00
-0.39 -0.43
0.86 2.07
2.56 0.85
-0.06 0.47
0.76 0.04
1.55 -0.29
1.23 0.77
-1.57 0.14
-0.78 -0.97
-0.22 -0.47
-0.54 -0.50
0.32 0.83
-0.97 -0.64
-0.22 0.99
-0.82 -0.05
-0.48 0.34
-0.05 -0.86
-1.26 -2.32
0.83 1.18
0.26 0.39
-0.89 0.07
-1.22 0.09
-0.60 -0.83
-0.75 -0.28
-0.04 -1.32
-1.29 -0.22
-0.66 0.29
-0.44 1.95
0.08 -1.98
1.09 1.32
-0.10 -0.51
0.22 0.38
0.81 -1.66
-0.73 0.50
1.45 0.93
1.30 -0.36
2.11 -0.12
-1.48 -1.59
-0.09 -2.23
-1.58 -0.15
-0.09 -0.86
-0.17 -0.91
-0.15 0.06
1.17 0.12
-1.43 0.58
-1.10 -0.20
-0.79 -0.60
-0.38 -0.01
-0.15 1.01
-0.32 0.96
-0.53 0.31
-2.53 0.19
0.64 0.08
-1.19 -0.80
0.08 1.45
0.89 -0.14
0.62 0.90
-0.67 0.25
1.35 -0.13
-0.11 -1.05
0.54 -0.47
1.89 0.67
1.54 0.17
-2.48 -2.22
-0.46 -0.60
-0.35 -0.75
-0.52 -0.28
-0.01 0.36
-1.06 -0.68
0.58 -0.13
-1.90 -0.94
