0.72 -0.28
-0.28 1.02
0.68 0.29
0.91 0.13
-0.17 0.18
-0.24 -0.26
-0.36 -0.84
-1.22 1.18
-0.80 -0.44
0.66 -0.87
0.98 -0.47
-0.52 0.56
0.05 -1.14
0.85 1.17
-1.34 -0.05
-0.06 -1.24
-1.23 0.61
-0.45 0.95
-2.48 -0.21
-0.72 1.25
0.01 0.97
1.23 0.12
0.42 -1.78
2.75 -0.10
0.44 -0.29
-0.73 0.88
0.05 0.26
-0.15 -0.49
1.71 -0.86
-0.31 1.13
0.27 -0.13
0.56 -1.95
-1.09 0.14
0.22 1.86
-0.48 0.01
-0.46 -0.16
1.84 -0.18
1.62 -0.38
1.15 0.85
-1.05 -1.57
-1.02 1.97
0.94 2.57
0.64 -0.02
0.61 -1.00
1.66 0.59
0.33 0.95
0.16 -0.19
-0.30 -1.32
-2.05 0.67
0.32 2.40
