-0.16 0.16
1.45 -1.45
0.38 -0.38
0.08 -0.08
-1.58 1.58
1.02 -1.02
-1.36 1.36
-0.39 0.39
1.19 -1.19
2.33 -2.33
-0.05 0.05
-1.11 1.11
0.74 -0.74
2.07 -2.07
-0.23 0.23
0.03 -0.03
-0.32 0.32
-0.08 0.08
-0.74 0.74
-0.47 0.47
-0.20 0.20
-1.01 1.01
0.03 -0.03
-1.18 1.18
1.83 -1.83
-0.50 0.50
-0.82 0.82
-0.55 0.55
1.21 -1.21
-0.82 0.82
-0.57 0.57
0.36 -0.36
-0.10 0.10
0.25 -0.25
3.09 -3.09
0.39 -0.39
1.50 -1.50
0.41 -0.41
0.46 -0.46
0.45 -0.45
-0.24 0.24
0.39 -0.39
-0.89 0.89
0.28 -0.28
-1.74 1.74
1.60 -1.60
0.33 -0.33
0.27 -0.27
1.12 -1.12
0.57 -0.57
-0.64 0.64
0.10 -0.10
-0.06 0.06
-0.05 0.05
0.31 -0.31
0.97 -0.97
1.08 -1.08
1.86 -1.86
1.32 -1.32
-0.01 0.01
-1.79 1.79
0.62 -0.62
-1.22 1.22
-0.15 0.15
0.17 -0.17
0.95 -0.95
0.37 -0.37
-0.52 0.52
-0.23 0.23
1.73 -1.73
-0.90 0.90
0.94 -0.94
1.78 -1.78
1.59 -1.59
0.39 -0.39
-1.65 1.65
-2.24 2.24
0.97 -0.97
0.01 -0.01
0.65 -0.65
0.30 -0.30
1.21 -1.21
1.15 -1.15
-0.84 0.84
-0.75 0.75
-0.18 0.18
0.63 -0.63
0.34 -0.34
-1.02 1.02
1.13 -1.13
