0.42 -0.68
-0.49 -0.44
-0.77 0.44
-0.24 -0.22
1.05 0.08
1.06 -1.18
-1.38 -1.68
0.86 0.71
-0.57 0.45
-0.50 -1.12
0.50 1.00
-0.22 -0.68
1.00 2.67
0.47 -0.40
0.98 2.07
-1.56 -0.37
1.62 -0.13
0.12 0.09
2.28 1.12
-1.68 -0.43
1.03 -0.10
0.46 -1.26
0.18 -1.47
-1.04 0.97
-0.48 -2.40
-0.76 0.61
0.17 -1.05
-0.51 -0.49
-0.12 0.56
-0.11 0.91
0.36 1.14
1.50 1.37
-1.27 -0.43
0.10 1.63
-0.26 1.29
1.88 1.70
0.50 -0.54
1.65 -0.69
0.29 -0.26
2.11 1.41
-2.05 -1.53
0.47 0.79
-0.18 0.91
0.51 1.46
-0.10 -0.36
-1.09 -0.14
-0.17 -0.68
0.39 1.61
-0.78 0.77
-0.50 -0.71
-1.49 0.02
0.77 0.20
-0.20 -0.62
-0.88 0.55
1.19 0.25
0.15 0.35
-0.32 1.21
0.79 0.55
0.14 0.55
-0.33 -0.81
-2.38 -1.78
0.36 1.05
-0.32 -0.17
-1.42 1.47
1.15 0.01
0.34 0.07
0.17 -0.35
0.67 0.36
0.02 -0.19
-0.83 0.98
0.40 -0.36
-1.44 -0.90
-0.21 -0.07
0.25 1.21
0.93 0.53
0.65 0.46
-1.16 0.64
1.69 0.07
-0.47 0.22
0.22 -0.45
3.31 1.24
0.08 -0.40
-0.81 1.98
-0.33 0.34
-0.88 -1.21
1.68 -0.62
-0.94 -0.20
0.55 0.47
1.37 -0.59
-0.10 -3.03
