2.08 0.35
-0.54 -0.69
0.25 -0.91
1.23 0.77
-0.42 0.16
-1.88 -1.08
0.28 -2.41
-1.10 -1.12
-0.64 0.93
0.75 0.51
-0.00 -0.24
0.36 0.53
0.26 0.54
-0.13 -1.17
-0.84 0.44
0.79 1.06
-0.27 -0.21
0.46 0.70
0.13 0.51
1.58 1.37
0.49 -0.11
-0.46 -0.84
0.02 -0.49
-1.62 -1.00
-0.64 -0.37
0.41 0.34
1.44 2.58
-1.13 0.42
1.45 1.50
-0.43 0.63
-0.71 -1.24
1.30 0.96
0.71 0.44
0.45 -0.01
0.82 1.36
-1.56 -2.07
0.78 1.08
-0.61 -0.58
0.06 1.04
-1.05 0.33
-0.09 1.44
1.36 -0.73
-0.71 -1.40
0.98 0.29
0.29 0.37
-1.12 -1.95
-1.64 -0.40
1.32 0.37
-1.08 -0.23
-0.60 -1.37
0.17 -0.93
0.87 -0.29
0.12 -0.33
-0.41 -1.28
0.51 -0.73
0.65 2.05
0.36 -0.62
-0.35 -0.84
-1.90 -0.22
-1.39 0.48
0.69 0.34
0.81 0.34
0.55 2.05
0.49 1.43
0.31 0.96
-0.42 0.53
0.77 0.91
0.36 0.22
1.05 -1.05
-0.37 -1.14
1.30 -0.62
-0.52 0.56
-0.79 -0.34
-2.48 0.69
-2.07 0.43
-0.65 -2.02
0.65 0.60
-0.36 0.88
-2.34 0.78
-0.33 0.71
0.76 -0.96
-1.08 0.35
-0.42 -0.81
-1.08 -1.26
-0.29 -0.30
1.21 0.42
-0.53 2.22
0.50 0.13
2.61 0.45
-0.83 -2.33
-1.76 -1.05
-0.88 -0.03
-0.88 -0.81
-0.33 -0.39
0.86 -0.10
-1.84 0.62
0.02 -1.98
-0.02 -0.34
-1.16 -0.11
-1.69 0.79
