0.64 -1.29
-0.22 -0.30
0.29 -0.34
2.03 -2.59
0.20 -0.08
-0.87 0.43
0.12 0.47
-0.52 1.11
-0.32 0.21
0.10 -0.08
1.37 -0.67
-0.26 -0.35
-0.74 -0.97
0.47 -0.45
-0.36 0.57
1.83 -1.85
0.29 0.07
1.50 -0.77
0.05 -0.01
1.52 -3.01
0.43 0.42
-1.95 0.42
0.74 -1.45
-0.74 0.31
-0.37 0.90
-0.22 0.14
-1.35 0.66
0.71 -0.51
0.63 0.42
-0.79 -0.58
-1.17 0.72
0.92 -2.00
-1.13 1.13
-0.58 -0.28
-0.22 0.61
-0.09 1.18
1.16 -1.06
-0.76 0.20
-0.53 -0.31
1.42 -1.34
-0.72 0.06
-0.05 -0.16
1.64 -1.65
0.45 -0.87
1.65 -1.07
1.71 -1.22
0.63 0.33
0.36 -0.32
1.52 -2.19
0.00 0.19
-2.62 2.38
-1.48 1.63
0.10 0.29
-0.23 0.19
1.56 -1.82
1.12 -0.13
0.99 -0.53
-1.09 0.49
-0.03 -1.17
-0.92 0.16
-0.50 -0.34
-0.48 0.48
-1.37 0.74
-1.24 0.33
-0.87 1.01
-0.51 -0.24
-0.70 0.61
-2.04 1.75
-0.68 0.38
0.35 -0.14
0.63 -0.38
0.60 -0.38
0.93 0.14
1.57 -1.33
0.18 0.69
0.78 -0.29
-0.44 1.01
-0.91 0.02
0.01 -0.88
-1.17 1.49
1.42 -1.90
0.29 -0.30
2.39 -1.46
-1.67 1.96
-0.78 0.76
0.25 -0.28
-1.03 1.03
-0.26 0.25
-0.87 0.85
-0.94 1.02
0.33 -0.69
-0.20 0.79
0.51 -0.02
-0.93 -0.30
1.16 -0.04
1.35 -2.27
1.06 -1.05
-0.58 -0.10
-1.29 1.47
0.07 0.61
