0.54 0.61
1.97 -0.02
-0.14 -0.17
-1.10 0.83
-1.58 0.89
0.41 0.49
0.52 -1.20
0.45 0.69
1.72 0.07
0.08 0.57
-0.74 -0.28
0.25 -1.39
-1.16 0.54
0.65 0.50
-1.96 -0.02
-1.68 0.51
-0.01 -1.14
-0.38 -1.19
0.68 -1.41
0.63 -0.65
-1.15 0.97
0.97 1.47
-1.82 0.48
-1.11 2.57
-1.86 2.35
0.10 -0.94
0.89 -1.15
-1.01 0.17
-0.54 0.03
1.18 -0.72
0.06 -0.86
0.47 0.44
-1.33 -1.57
-0.68 1.19
-1.63 1.08
0.26 -0.34
-1.81 0.21
0.53 0.26
-0.52 0.66
-2.13 1.54
-0.05 0.25
-1.28 0.35
0.14 0.70
-0.72 0.47
0.36 -0.40
-0.26 0.40
-1.08 -1.24
-0.92 0.38
1.07 -2.75
-0.27 -0.43
