-0.51 -0.06
-0.03 0.78
-0.63 0.39
0.25 0.29
-0.92 -0.17
-1.43 -0.10
-0.22 1.43
-0.54 -0.26
-0.58 -0.24
-0.60 -1.01
0.17 -0.62
-1.65 -2.16
1.43 0.46
-0.98 -0.75
-0.45 0.68
0.14 0.67
-1.17 -1.50
-0.74 -0.50
0.31 -0.42
0.26 -0.06
0.49 0.22
-1.57 -0.74
-0.14 -0.29
0.26 -0.01
0.09 -0.59
-0.45 1.47
1.13 1.36
-0.92 -0.43
-0.39 0.48
1.70 0.94
-0.06 0.46
-1.16 -0.44
-0.47 -1.53
-0.81 -1.72
0.21 -0.10
-0.88 -1.46
-0.85 -1.19
-0.34 -0.59
1.09 1.71
0.01 -0.44
1.56 0.62
0.75 0.55
-1.74 -0.06
0.88 1.22
1.23 0.99
0.03 -0.51
1.60 1.12
-1.64 -1.58
0.26 0.17
-1.49 -1.69
0.48 -1.87
1.30 1.03
1.25 1.42
1.49 0.59
0.32 0.60
-1.01 -1.49
-0.88 -0.91
1.73 1.83
0.15 0.71
1.40 0.72
1.14 0.38
-0.42 1.22
-0.60 -0.97
2.55 1.18
-1.59 -2.35
1.05 1.29
0.10 0.94
1.83 0.74
-0.78 -0.43
0.41 1.41
-1.43 -0.72
-1.24 -0.91
-1.20 0.14
1.50 1.69
-0.64 -0.35
-0.26 -0.02
-0.11 -0.38
0.43 -0.32
0.67 0.73
0.46 -0.25
-0.49 -1.47
0.49 2.05
-0.47 -1.24
-1.36 -0.81
1.08 1.28
-1.77 -0.54
-1.35 -0.73
1.44 0.70
0.21 1.07
-0.59 -0.43
