0.00 -0.07
0.80 1.21
0.00 0.07
-0.59 -0.69
0.15 -0.05
0.40 -0.02
-0.55 -0.88
0.69 0.84
-0.26 -0.53
-0.53 -1.40
1.75 2.21
2.15 1.97
-1.41 -1.77
0.76 1.39
0.90 0.67
-3.07 -2.20
0.24 0.02
-0.13 0.87
0.86 1.26
-0.58 -0.07
-0.63 -0.25
-0.33 -0.16
1.35 1.53
-0.14 0.02
-0.85 0.10
0.50 0.42
0.10 -0.45
0.18 0.97
-0.52 -0.50
-0.83 -0.35
-0.88 -0.84
0.99 1.36
-1.42 -1.13
-0.02 0.23
1.23 0.84
1.94 2.01
0.75 0.83
1.75 1.95
0.24 1.09
-1.25 -1.79
-0.87 -0.68
-0.29 -0.45
0.33 -0.04
1.38 1.04
-1.15 -1.03
-0.26 0.41
0.35 -0.12
-1.98 -1.73
0.23 -0.54
-1.45 -0.69
-0.49 -0.91
1.16 0.89
0.54 0.74
0.94 1.45
0.19 0.23
1.27 0.40
-0.38 -0.17
0.03 -0.35
-0.82 -0.16
1.04 1.14
0.53 0.50
-0.54 0.03
0.12 0.25
0.17 0.11
-1.72 -2.14
1.02 0.55
-1.56 -1.04
1.28 1.23
-0.53 -1.33
-0.90 -0.38
-1.17 -0.75
-1.13 -1.55
-1.81 -1.57
-0.02 -0.69
0.73 0.54
1.61 1.57
-0.73 -1.02
-0.70 -0.61
-0.37 -0.41
-0.32 -0.31
-1.05 -0.49
-1.67 -1.81
-0.53 -0.27
1.59 1.44
1.11 0.84
0.51 0.93
0.43 0.63
1.44 0.68
-0.74 -1.64
-0.22 -0.14
1.53 0.05
1.67 1.51
-0.30 -0.78
-0.40 -0.44
-0.13 -0.54
0.14 0.09
0.49 0.27
0.60 0.45
-0.07 0.09
-1.91 -2.01
