-0.78 -1.60
-1.78 1.30
-1.22 -0.07
1.27 -1.35
-0.30 -1.69
0.38 -0.58
-1.79 -1.31
-0.86 0.76
0.58 0.02
2.11 -0.48
0.44 -0.03
1.06 -0.64
-1.80 -2.42
0.05 -0.68
0.76 2.41
1.01 0.60
-0.39 1.58
1.02 -0.69
-0.37 0.50
0.41 0.38
-2.18 -0.12
-1.34 0.23
-0.65 -1.58
-0.52 -0.83
0.82 -0.84
-0.18 -0.93
-0.12 0.04
0.58 -0.54
-0.22 1.05
-1.88 1.24
0.06 0.18
1.06 0.35
-0.82 0.42
-0.28 -1.12
-0.34 -0.06
-1.85 1.49
-0.58 0.48
1.19 -1.18
-0.89 0.37
0.46 1.71
0.38 -0.30
-0.54 -1.41
-0.22 -1.74
0.42 -0.04
1.17 -1.11
0.99 0.69
0.32 0.17
-1.76 -0.59
-0.80 0.20
1.39 0.15
1.27 -0.29
0.64 -0.45
0.98 0.76
1.47 0.20
0.11 -0.83
0.65 0.52
-0.86 0.26
-0.86 -0.09
0.35 -1.34
-0.87 -3.02
-0.04 -0.13
1.33 0.68
0.17 0.67
0.15 -0.44
0.98 -0.13
0.31 0.34
-1.08 -1.54
-0.08 -0.57
0.52 -0.85
-2.20 0.18
-1.85 0.96
0.73 0.70
-0.82 1.00
0.21 0.29
0.91 0.79
1.70 1.31
0.70 1.93
1.40 -0.08
-2.13 1.87
-1.84 -0.52
0.97 -1.99
0.25 -0.19
0.39 -0.03
-1.39 0.24
1.40 -0.83
-0.39 0.66
-0.27 -1.74
0.71 1.51
-0.13 -0.56
-1.23 1.37
0.70 1.33
-0.97 0.04
-0.59 0.68
0.64 0.14
-0.97 -0.36
-0.76 0.32
0.40 0.39
0.83 1.08
0.20 -0.03
0.14 -1.50
