0.07 0.27
-1.11 1.51
0.34 0.84
-0.60 1.20
0.30 0.98
-1.30 0.56
0.03 0.35
1.16 1.66
-1.61 -0.15
-0.79 -0.83
0.99 -1.25
-1.29 -0.19
-1.65 -0.42
-0.95 -0.93
0.73 -0.52
-0.46 1.47
-1.09 0.52
-1.20 -0.57
0.14 -0.49
-1.96 1.84
1.93 -0.70
-0.01 0.04
1.03 0.94
-1.62 1.00
-1.52 -0.74
0.63 -1.38
-0.22 0.64
1.15 -0.69
-1.85 0.93
1.01 -0.55
0.69 -0.49
-0.73 -0.45
0.59 -1.71
-1.09 1.74
-0.13 -1.61
0.41 1.08
0.59 0.53
0.68 1.37
0.80 0.64
-0.33 1.41
-1.47 -0.36
0.57 0.71
1.44 -0.35
0.85 0.24
0.42 -1.25
-0.72 0.61
0.79 0.01
1.70 -1.99
-0.08 -0.33
0.79 -1.55
-1.35 0.81
0.81 1.68
0.90 0.22
-0.26 -1.83
-0.54 0.40
-1.08 1.26
-0.00 -0.90
-1.07 1.46
-0.10 -1.41
0.11 -1.80
-0.47 0.26
1.62 -0.93
0.01 1.67
0.39 0.50
-1.04 0.24
-0.95 0.68
-1.39 -1.66
0.87 -0.72
0.84 -0.57
-0.15 1.10
0.72 0.19
-1.35 0.72
-0.86 1.64
-0.92 -0.16
-0.21 0.19
-0.27 0.68
0.00 0.21
0.36 0.62
2.00 0.52
-1.60 -1.82
-0.48 -1.03
2.02 -0.38
1.32 -1.48
0.82 0.08
-0.55 -0.97
1.19 0.19
0.63 1.13
-1.71 0.50
-0.98 1.05
0.86 0.38
