0.93 -0.42
1.13 -0.74
1.12 1.08
-1.57 0.98
-2.59 -1.20
0.40 0.56
-0.98 0.09
0.30 -0.39
1.29 -1.63
-0.77 0.58
0.55 0.02
0.18 0.91
-2.27 -0.37
0.26 0.35
1.48 -0.16
1.07 0.12
0.38 -0.67
0.05 -1.72
0.24 -1.55
0.31 1.87
-0.51 0.13
-0.12 1.03
2.44 0.63
0.32 -0.58
0.19 0.08
-1.04 -1.55
0.13 0.46
0.51 -1.43
1.42 1.05
-0.09 0.08
-0.48 1.32
1.61 -1.23
1.48 -2.27
-0.09 0.05
-0.42 1.15
-0.93 -1.00
0.55 1.36
0.15 -1.41
0.58 0.09
1.32 -0.52
-0.91 1.77
1.08 0.74
2.08 1.29
-0.45 0.08
0.96 1.12
-0.05 -1.03
0.91 -0.05
-0.26 1.24
1.19 -0.28
0.77 -0.29
