-0.71 -0.40
-1.33 1.72
-0.24 0.40
0.09 -1.58
0.97 -0.52
-0.24 0.13
0.16 -0.36
-0.43 -0.59
0.20 0.33
-0.13 -0.11
-1.22 0.88
0.27 0.06
-1.47 1.18
1.72 -1.56
-0.29 -0.43
-0.19 0.35
-1.32 -0.07
-1.32 0.69
-0.07 -0.97
0.11 0.30
-0.60 -0.11
-0.18 -0.82
-1.91 2.55
0.64 -0.42
1.95 -2.26
-0.96 1.31
-0.31 0.65
0.11 0.61
1.28 -0.31
2.00 -1.41
0.69 0.27
-0.78 0.72
0.67 -0.75
-0.21 0.01
-0.62 0.66
0.33 -0.14
-1.75 2.49
-1.72 1.20
-1.34 0.62
-0.47 0.46
2.08 -1.34
0.30 -0.93
2.09 -1.43
-1.51 0.33
0.94 0.17
-1.17 0.65
-1.17 0.35
0.03 -0.48
1.21 -1.07
0.57 -0.40
-0.20 -0.36
-0.13 -0.34
0.74 -0.83
-1.12 1.81
-0.70 1.74
-2.22 2.11
1.18 -1.29
-0.08 -0.16
-0.83 0.32
2.08 -2.92
0.14 -0.03
-0.48 1.10
-1.73 1.78
-1.25 0.50
-1.77 1.82
0.34 -0.60
-0.61 0.33
-0.64 -0.80
0.72 -0.54
-0.76 -0.94
0.87 -0.79
0.44 -0.26
-0.07 0.07
0.33 0.32
0.43 -0.73
-0.27 -0.33
0.75 -1.13
-1.34 1.66
2.00 -2.22
1.29 -0.34
-0.40 -0.83
0.03 -0.30
0.39 -0.94
0.02 -0.13
0.59 -0.03
-2.00 0.16
-0.98 0.52
-0.15 -0.43
-0.07 -1.11
-1.02 0.78
-1.02 1.28
-0.07 0.05
-0.74 0.32
-0.82 0.65
0.40 -0.98
0.31 0.21
-0.57 -0.54
-1.50 1.05
1.41 -1.25
-0.10 -0.52
