-0.66 -0.46
-0.31 -0.93
-1.18 -1.68
-0.30 1.71
-1.49 -0.25
1.04 0.89
1.22 0.90
-1.13 -0.71
1.22 1.23
0.56 -0.35
0.01 0.10
0.37 -0.76
-1.27 -0.95
0.73 0.45
-0.02 1.17
-0.63 1.67
1.07 -0.14
-1.76 -1.92
-0.91 0.43
-1.84 -0.77
-0.68 0.91
1.87 0.03
-1.12 -0.59
0.15 -0.22
2.15 1.91
0.36 -0.83
-0.91 0.08
-0.25 0.15
0.06 0.96
0.75 0.81
1.49 -0.97
0.92 -1.06
-0.70 -0.26
-0.39 -1.33
-0.39 -1.39
0.32 -0.54
-0.91 -0.09
-0.08 0.66
0.53 0.04
-0.56 -0.79
0.73 -0.34
1.00 2.09
0.01 -0.40
-0.40 1.43
0.50 1.28
1.26 0.20
-0.59 -0.77
1.29 -0.11
0.45 -0.09
1.00 0.39
-0.06 -0.78
1.48 1.39
0.98 0.13
-0.18 0.13
-1.32 -0.39
-1.42 -0.70
-1.17 0.80
0.33 1.37
1.87 1.39
0.44 0.30
-0.58 -1.15
-1.00 0.01
1.02 1.21
-1.74 0.21
-0.64 -1.08
2.62 2.38
1.45 0.66
-1.18 -0.81
0.38 -1.10
-0.04 0.31
-0.26 0.20
0.07 0.33
1.81 0.96
0.31 0.32
2.35 3.63
2.10 0.64
0.35 -0.02
-0.04 1.08
-0.34 -0.98
-1.26 -1.70
0.02 -0.46
0.03 -1.25
1.38 -0.93
-0.49 1.57
1.21 1.68
-0.94 -0.81
-0.66 0.32
-0.51 0.66
-1.17 0.31
-1.32 -0.59
0.25 0.57
0.13 1.45
-0.38 0.11
0.92 0.93
1.50 0.48
-0.44 0.34
-0.33 -0.99
-0.39 -1.61
-0.27 -0.60
-0.21 0.03
