1.16 -1.03
0.20 -1.01
0.35 -0.03
-0.57 0.18
0.25 -0.87
2.37 -1.10
-1.09 1.34
0.35 -0.22
0.22 -0.08
0.09 0.89
0.56 -0.17
-0.46 1.07
1.46 -1.81
0.16 -1.11
1.93 -1.21
1.96 -0.60
-0.55 0.29
-0.57 0.64
0.63 0.15
1.45 -0.90
-1.99 2.52
-1.05 2.19
0.29 -0.48
0.23 0.43
-2.25 2.94
0.03 -0.08
1.14 -0.52
-0.74 1.04
0.70 -0.21
0.45 0.31
-0.21 1.10
-0.49 -0.51
-0.27 -0.36
1.73 -2.10
2.69 -1.73
0.06 -0.38
-0.47 -0.15
-0.21 1.14
0.19 0.40
-0.45 0.42
-0.56 1.51
-0.19 0.39
-0.63 1.34
-0.71 0.29
1.20 -1.03
-1.64 -0.30
0.42 0.56
-0.88 0.57
-2.01 1.95
0.46 -0.41
-1.50 0.69
-0.48 0.87
0.48 -0.27
0.69 -1.41
-0.47 -0.31
0.79 -0.90
-0.62 0.81
1.27 -0.98
0.83 -1.14
-0.65 0.22
0.46 -0.58
0.74 -1.12
-1.52 1.37
1.10 -0.29
0.15 -0.47
0.19 0.38
-1.34 1.43
1.58 -1.84
-0.09 -0.47
0.35 0.21
0.61 0.11
1.19 -1.23
0.90 -0.47
-0.27 0.14
0.09 -0.96
1.17 -1.17
-1.72 1.31
1.15 -0.35
-1.39 1.21
-0.19 -0.47
0.80 -1.56
-0.74 1.54
-0.40 -0.35
-1.64 1.03
0.07 -0.33
-0.50 0.26
-0.58 0.72
-0.74 -0.65
-1.15 0.61
0.89 -0.34
