-0.91 -1.43
-2.34 1.04
-0.62 1.50
0.09 -0.27
2.32 0.81
0.73 -0.70
-0.27 0.40
0.18 -0.65
-0.90 0.34
2.23 2.20
-1.32 0.06
0.67 -0.88
-0.55 -0.54
-1.07 1.19
-0.66 -0.63
-0.01 -0.47
-0.18 1.02
1.96 1.17
-1.77 0.57
-0.14 0.53
1.48 1.47
-0.02 -2.03
1.05 0.85
-1.38 -0.67
0.28 -1.33
0.67 -1.48
-0.68 -0.57
0.89 1.84
0.94 1.22
0.43 -0.32
1.08 -0.64
0.63 2.19
0.48 -0.97
0.55 -0.13
1.11 -0.06
-1.17 0.50
-1.82 -0.25
-0.88 0.34
-0.37 -0.95
0.77 1.39
-1.16 -0.32
0.67 1.03
0.47 -0.05
-0.05 1.06
0.89 -0.38
0.58 -0.67
-0.10 0.46
-0.94 -1.92
0.56 -1.90
-0.72 0.17
-0.47 -1.15
0.52 -1.17
0.02 -0.58
1.20 0.17
1.26 0.13
-0.97 0.40
-0.73 1.20
-1.07 -0.68
1.00 1.23
-0.86 -0.58
0.50 1.05
1.67 -0.32
-0.94 -1.22
0.11 0.67
-1.14 1.03
0.13 -0.74
0.13 -1.94
-1.35 1.91
-0.99 0.47
-1.17 0.58
-0.61 -0.34
-2.67 0.01
0.46 -0.96
-2.12 -0.62
-0.50 -1.10
-0.75 0.74
-1.19 0.13
1.14 1.43
-0.74 1.91
-0.42 0.99
-0.31 -1.44
-0.25 -0.86
1.09 0.08
-0.47 0.66
-0.47 0.99
-0.16 -0.38
0.63 -0.16
1.55 -0.50
-0.36 -1.05
-0.47 0.10
