1.47 -1.47
0.45 -0.45
0.97 -0.97
-2.26 2.26
0.39 -0.39
-0.67 0.67
-0.80 0.80
1.25 -1.25
0.92 -0.92
-1.41 1.41
-0.08 0.08
-0.12 0.12
-1.68 1.68
0.50 -0.50
-1.46 1.46
-0.42 0.42
0.35 -0.35
-0.03 0.03
-0.05 0.05
2.16 -2.16
-0.20 0.20
-0.66 0.66
0.18 -0.18
-0.75 0.75
-1.67 1.67
0.38 -0.38
-0.31 0.31
-0.19 0.19
1.55 -1.55
0.84 -0.84
0.69 -0.69
0.39 -0.39
-0.71 0.71
0.49 -0.49
-1.44 1.44
0.08 -0.08
2.12 -2.12
-0.84 0.84
1.76 -1.76
1.00 -1.00
-0.95 0.95
0.25 -0.25
1.13 -1.13
-0.80 0.80
0.89 -0.89
1.96 -1.96
-0.92 0.92
2.85 -2.85
-0.04 0.04
1.24 -1.24
-0.38 0.38
0.09 -0.09
0.81 -0.81
0.20 -0.20
-0.51 0.51
-0.43 0.43
0.02 -0.02
1.83 -1.83
-0.02 0.02
0.93 -0.93
1.87 -1.87
-0.24 0.24
0.10 -0.10
-1.01 1.01
-0.57 0.57
-0.07 0.07
2.59 -2.59
1.46 -1.46
0.26 -0.26
0.45 -0.45
0.45 -0.45
0.45 -0.45
0.99 -0.99
0.49 -0.49
-0.02 0.02
-0.94 0.94
1.57 -1.57
0.21 -0.21
-0.60 0.60
-0.92 0.92
-0.10 0.10
-0.10 0.10
-0.15 0.15
-1.66 1.66
0.32 -0.32
0.27 -0.27
0.69 -0.69
-0.21 0.21
0.63 -0.63
-0.88 0.88
