-0.08 0.60
0.19 -0.44
-1.06 0.00
-1.29 -0.28
-1.86 -0.14
0.50 1.43
-0.84 -1.19
0.63 -1.19
-1.08 1.48
-0.80 0.75
1.52 0.11
0.48 0.52
0.97 0.98
-1.62 1.03
-0.53 -0.58
0.28 1.43
-1.02 -0.87
-1.86 -1.09
-0.66 0.72
0.14 -0.92
0.23 0.12
-0.58 0.78
-0.42 -0.14
-0.30 -0.45
-0.34 0.44
-0.07 -0.56
-2.45 -0.01
-0.75 -0.71
-1.23 -0.43
-3.59 -2.44
0.09 1.11
-0.77 0.30
0.94 0.60
-0.54 -0.83
-0.21 -0.20
-0.92 0.54
1.37 -0.30
-0.85 1.95
0.39 2.18
-0.23 -0.42
-0.65 1.06
1.79 -0.04
0.10 0.13
-0.58 1.68
-0.53 1.36
-1.11 0.60
-1.38 -2.25
-0.62 -0.16
-1.83 0.30
0.84 -1.13
1.43 0.85
1.42 -0.21
-0.01 0.80
-1.21 -0.38
0.14 0.30
-0.37 -0.74
0.30 0.08
-1.18 -0.71
0.26 -0.93
0.01 0.09
0.03 1.42
0.91 -1.25
-0.44 -1.57
-0.26 -1.05
0.80 -0.31
-1.10 -0.25
1.07 -1.13
0.07 -0.37
1.39 2.27
0.83 0.16
0.08 -0.70
1.07 -0.15
0.39 -0.30
-0.12 0.21
-1.13 -0.19
0.80 -0.65
0.99 -1.17
-0.88 -1.68
0.86 -0.47
-0.82 0.68
-1.25 -2.04
-1.26 0.56
-0.48 1.06
-1.16 -0.40
1.22 0.49
-0.04 0.55
0.54 -0.73
-0.25 0.85
0.31 -0.47
1.13 1.93
1.67 0.39
-0.10 -0.53
-0.28 -2.30
1.88 0.40
0.73 2.16
0.13 -0.18
-1.32 1.51
1.68 -0.49
-0.56 -0.44
1.28 1.85
