0.29 -1.22
0.90 -0.39
0.20 1.34
0.99 1.30
0.10 1.21
1.19 0.63
0.04 2.08
-0.34 -0.78
-0.66 0.72
0.84 0.39
0.04 0.56
0.13 0.54
-0.19 0.54
-0.65 0.52
0.02 -1.23
0.09 -1.20
-1.33 0.42
0.19 0.30
0.24 1.90
-0.33 -1.06
-0.98 0.23
0.21 1.66
0.25 1.96
-0.44 -0.14
1.04 0.22
1.20 0.47
0.05 -1.46
-0.40 -1.33
-0.10 1.49
-1.61 0.75
0.12 -0.99
-0.92 -0.62
-0.84 -0.86
-0.26 -0.67
-0.03 -1.52
0.44 -0.33
2.95 1.58
0.30 -0.84
-1.48 -1.12
0.81 -0.30
-0.91 -0.54
-0.13 -0.99
-1.36 -0.73
1.02 -0.21
1.63 -0.10
1.39 1.79
0.28 1.15
1.16 -0.59
1.53 0.63
0.26 -0.21
1.79 1.14
-1.19 -0.43
-0.99 -0.68
0.47 0.90
1.00 1.17
2.49 0.42
-0.12 1.96
-0.32 -0.28
0.81 0.46
-0.31 0.39
0.83 0.16
0.13 -0.64
0.16 -0.07
0.59 1.73
-1.66 -0.45
0.17 0.68
1.20 1.24
0.23 -0.14
-0.90 -2.53
-2.13 0.82
-1.07 -0.27
-1.14 0.34
1.94 1.22
1.68 1.68
-0.64 -1.06
-0.29 -0.79
-1.13 0.04
0.18 0.30
0.20 1.21
-1.02 -0.62
-1.53 0.39
0.75 -1.32
1.08 0.24
0.66 0.37
-0.09 0.14
0.77 0.27
2.19 0.84
-0.22 -0.06
1.11 0.59
-2.08 -2.60
