1.73 -0.80
-1.36 0.32
0.24 0.32
-1.04 1.05
1.55 -1.41
0.06 -0.12
0.28 0.90
-0.75 -0.32
-0.75 0.71
-1.50 0.32
0.08 -0.17
0.60 -2.11
-0.98 0.32
-0.15 -1.03
-1.25 -0.19
0.82 -0.58
-0.52 0.17
-0.39 0.70
-0.17 1.19
0.68 -0.77
-2.45 1.59
-0.29 0.75
0.84 -0.53
0.42 0.05
1.52 -1.26
-0.07 0.19
-0.62 0.20
0.42 -0.02
0.71 -0.01
-0.84 0.83
1.10 -1.19
0.44 -0.91
0.72 -0.26
2.06 -0.82
2.80 -1.17
0.56 1.13
-1.29 -0.09
0.71 0.47
0.70 -0.30
-0.06 0.43
1.13 -1.52
0.62 -0.89
-0.45 0.95
0.10 -0.27
-0.63 0.54
1.74 -1.32
-1.35 -0.12
-0.06 -0.29
-1.05 1.28
-0.78 1.58
-1.55 1.79
-0.17 0.37
1.32 0.02
0.57 -0.65
-0.12 0.86
1.65 -2.03
0.02 0.33
0.50 -0.85
1.06 -1.62
-1.34 1.25
-0.08 -1.64
0.05 -1.06
-0.60 0.03
1.00 -0.97
-1.39 1.20
-0.74 -0.19
1.26 -1.04
-1.34 0.74
-0.02 -0.42
-0.53 -0.12
1.60 -3.03
-0.72 1.61
-0.88 0.40
0.65 -0.98
-1.99 1.32
0.09 0.60
-1.94 0.17
0.45 -0.75
-1.35 -0.04
-0.48 0.80
0.88 -0.70
0.97 -1.31
0.83 -1.84
-0.54 -0.82
0.44 1.00
-0.37 -0.19
-1.03 0.54
-0.74 -0.08
-0.91 1.62
1.59 -1.49
0.45 0.39
-0.07 -0.15
0.08 1.08
0.53 -0.72
0.72 -0.22
-1.37 1.89
-0.52 -0.17
0.04 -0.42
0.20 -0.35
-1.88 2.81
