0.60 -0.43
0.34 -0.09
0.93 -0.24
1.60 -1.05
-0.31 -0.26
-0.44 0.63
-2.22 1.78
-0.89 0.85
0.46 -1.12
0.45 -0.78
0.54 -1.56
-0.13 -0.24
-0.88 1.45
-0.08 0.18
1.18 -1.11
-1.28 0.76
0.88 -2.09
1.29 -0.45
-0.56 0.95
-0.07 -0.10
-1.61 0.95
-0.38 -0.13
-0.93 0.67
-0.02 0.53
-0.48 -0.07
-0.27 1.11
0.59 -0.20
-0.22 0.50
-0.42 0.60
-0.27 0.38
-0.52 0.04
-0.94 0.81
1.65 -0.74
0.46 0.01
-1.27 1.17
0.71 0.67
-0.21 0.01
0.14 -0.95
-0.69 -0.00
0.72 -0.15
0.27 -0.55
0.66 -0.67
-1.03 1.24
0.24 -0.52
-0.74 1.06
-1.34 -0.73
0.86 -1.81
0.84 -0.52
-0.66 0.15
0.20 -0.10
-1.46 1.27
0.01 -0.04
1.33 -2.25
0.27 -0.42
0.73 -1.28
0.29 -0.82
-2.17 1.61
2.10 -0.59
-0.27 0.58
-0.67 1.87
0.09 0.10
-0.91 0.99
0.50 -0.45
-0.84 0.39
0.88 -0.84
-1.95 1.80
-0.78 0.90
1.18 -1.41
-1.95 2.61
-0.72 1.35
-1.66 1.46
-2.57 3.00
-1.41 0.23
0.96 -1.65
0.99 -0.65
0.08 0.77
0.81 -0.29
0.13 -0.91
1.27 0.05
-0.42 -0.43
0.27 -0.53
0.21 -0.23
1.27 -2.03
0.63 -0.67
-1.02 0.10
2.27 -1.83
0.11 -0.10
-0.64 0.09
1.23 0.22
0.01 0.83
-1.47 0.38
-1.36 1.07
-1.17 0.92
-0.37 -0.23
-0.60 0.65
0.99 -0.81
-1.38 1.66
1.55 -1.22
1.29 -0.15
-0.16 -0.05
