-0.49 -0.14
0.64 1.06
-1.06 -0.17
0.47 -0.01
1.27 1.63
0.02 0.95
0.81 -0.84
-0.27 -0.80
-0.23 0.13
-0.21 -1.05
-0.12 0.56
0.35 0.93
0.38 -0.16
0.47 -0.13
0.24 0.80
-1.02 0.71
-0.07 0.08
0.40 -0.82
-0.44 -0.61
-0.98 -0.72
-0.28 0.21
0.31 1.59
1.00 0.56
1.29 1.70
2.03 1.50
2.16 1.19
1.58 -0.00
-0.99 -1.67
1.39 1.67
-0.80 -1.30
1.74 1.66
1.10 0.59
1.22 0.38
0.47 -0.30
0.17 -0.01
0.70 0.82
0.94 0.57
2.05 2.26
0.89 0.88
1.24 0.47
1.93 2.49
1.31 1.22
-0.14 1.39
0.71 -0.40
-0.56 -0.22
0.58 0.06
-1.49 -0.48
-0.77 0.56
-2.24 -1.30
-1.40 -2.11
