-0.22 -0.05
-0.23 -0.53
1.13 0.38
0.05 -0.73
0.21 -1.62
0.03 0.05
-2.11 -0.65
-1.61 -0.92
1.45 0.76
0.95 0.51
-0.01 -0.54
-0.69 2.34
1.10 0.29
-0.16 0.73
1.71 0.17
-0.16 0.61
0.19 0.10
-1.12 -1.11
2.48 -1.26
-1.25 -0.81
0.60 1.09
-0.96 -1.65
0.58 -1.66
0.62 0.77
0.53 0.66
-1.06 0.82
-1.63 1.85
-0.45 -1.75
0.02 0.25
-0.06 0.90
1.18 -0.43
1.97 -1.10
-1.57 0.37
-0.46 1.06
-0.39 -0.08
1.09 0.41
-0.42 1.04
1.56 -0.97
-0.34 1.21
0.72 0.84
-1.49 -0.23
-0.73 0.10
0.70 -0.81
-0.37 -1.51
-0.00 -0.88
0.49 1.09
-0.33 1.85
1.35 -0.19
-0.23 0.07
0.84 -1.69
