-0.43 0.15
0.28 1.15
0.44 0.68
1.19 -0.56
0.23 -0.19
-1.69 -0.39
1.88 0.40
1.21 1.52
1.10 -0.59
-0.49 0.92
-0.06 0.95
-1.41 -0.35
0.49 -0.63
1.63 1.16
1.68 -0.66
1.94 -1.88
-0.05 0.17
-0.09 2.12
0.47 -0.75
-1.19 -0.19
0.22 1.75
1.40 -0.26
0.23 -0.48
0.02 0.34
0.07 -1.89
0.84 0.25
0.45 -1.30
0.75 0.91
-0.19 0.00
-0.45 0.97
-1.07 1.42
-0.12 -2.44
-1.14 3.27
0.45 0.38
-0.77 -0.30
-0.32 0.76
-0.52 -0.92
1.60 -1.76
1.17 0.37
0.02 0.05
-0.12 -0.63
-0.46 -0.41
0.22 0.43
-2.02 0.24
-0.87 0.20
-0.18 -0.42
-1.40 1.22
-1.27 -0.83
1.38 -0.33
-0.77 0.10
-2.49 -0.21
-0.20 -0.46
-2.10 0.06
0.01 -0.12
-1.29 1.09
2.31 0.47
0.18 -0.65
-0.33 -0.65
0.46 2.42
-1.64 -2.13
0.82 1.85
-1.61 -0.52
-1.49 -0.96
1.34 0.21
-0.17 0.12
0.45 -0.76
-0.58 0.96
-0.40 1.35
-1.74 0.62
-0.39 1.48
0.90 0.13
-0.03 -0.45
-1.77 -0.05
0.09 0.18
-1.42 -0.33
-0.13 1.27
0.21 -1.22
0.87 0.32
0.16 -0.37
0.41 -1.68
0.17 1.77
-1.09 -0.62
1.17 0.26
0.95 0.64
-0.65 -1.34
0.15 -0.62
0.85 0.30
0.34 -0.10
0.88 0.77
-0.84 0.22
-0.98 0.01
-0.66 1.94
0.57 0.47
0.24 0.15
1.08 -0.93
-0.63 -0.05
-1.83 0.07
-0.36 -0.48
-0.65 0.18
1.04 1.89
