-1.07 -0.88
-1.82 -1.06
0.93 1.19
-1.22 -0.80
0.09 -0.37
-0.28 -0.40
-1.16 -2.00
0.45 0.35
-0.82 -1.43
-0.45 -1.25
0.65 1.70
-1.43 0.83
-1.40 -0.31
0.02 1.76
0.98 0.51
1.33 1.42
-1.16 0.48
1.13 0.10
-0.82 -0.29
-0.74 -0.79
-1.50 -0.59
0.32 0.78
1.87 2.16
0.20 1.54
0.90 0.83
-0.04 0.04
0.55 0.21
1.67 0.09
0.93 1.82
1.06 -0.16
-0.81 0.50
1.49 0.96
-1.50 -1.30
-1.04 -0.23
0.03 -0.22
1.17 1.30
0.09 -0.08
-1.35 -2.11
-0.59 -0.63
1.06 0.97
0.24 0.53
0.11 0.65
0.55 1.04
0.59 0.53
1.84 1.30
0.94 0.51
-0.72 -0.92
0.19 -0.24
0.99 0.40
0.84 1.56
