0.94 -1.14
-0.54 0.33
-0.05 0.21
-0.03 -0.66
0.05 -0.40
-1.07 0.98
1.12 -0.72
0.81 -1.31
0.43 -0.32
-0.66 0.85
-0.81 1.03
0.23 -1.02
0.30 -0.65
0.39 -0.31
0.21 -0.93
-1.08 0.84
0.67 -0.65
-0.31 1.10
-0.62 0.03
-0.18 -0.71
-1.20 0.89
0.47 -0.99
-1.78 1.65
0.24 -0.86
0.55 -1.10
0.45 -0.51
-0.22 0.36
-0.11 1.16
0.71 0.49
0.10 -0.21
-0.19 0.10
0.62 -1.03
0.87 -0.86
0.85 -0.77
-0.41 -0.12
-0.19 0.14
0.23 0.51
-1.41 1.62
-0.95 1.04
-0.44 0.73
-1.06 0.42
1.58 -1.00
-0.80 0.89
0.33 -0.47
0.44 0.09
3.23 -3.02
-1.65 1.29
-0.14 -0.77
-0.76 0.76
-0.58 0.09
-1.41 1.18
0.56 -0.12
-0.94 1.07
-1.31 0.83
-2.06 1.78
0.80 -0.40
-0.95 0.91
-0.61 -0.02
-0.81 1.00
-0.44 0.07
0.19 -0.64
-0.80 0.72
-1.99 1.85
-0.55 -0.15
0.98 -0.24
-1.23 1.12
-1.26 0.58
-1.35 1.34
1.47 -1.00
0.45 -1.05
0.37 -1.01
0.65 -0.15
1.68 -1.66
0.93 -0.21
0.56 -1.09
0.53 0.10
-0.38 0.34
-1.45 1.81
0.37 -0.67
1.91 -2.16
-0.84 0.74
1.69 -1.60
-1.22 1.67
0.78 -1.24
1.58 -0.99
2.61 -2.23
-0.86 1.36
-0.18 0.33
-0.91 0.89
0.06 -0.06
