0.01 -0.77
-0.16 -0.68
1.03 -1.57
1.13 -0.81
1.79 -1.95
-0.17 -0.78
-0.21 1.02
1.09 -1.61
0.46 -0.77
1.20 -0.76
1.05 -0.87
-1.65 1.42
0.37 0.29
-0.87 1.60
0.07 0.99
0.52 0.00
-0.88 0.49
-0.05 -0.02
1.20 -0.40
-0.24 0.55
1.61 -0.94
-0.23 0.24
-0.66 0.24
-0.55 0.17
0.82 -1.76
0.33 0.46
-0.58 -0.25
0.80 -0.50
-0.03 0.49
-0.11 0.23
-0.83 1.08
-0.48 1.53
-2.70 2.52
0.84 0.07
-0.11 -0.81
0.37 -1.10
-1.05 1.35
1.03 -0.74
-1.77 0.34
-2.24 0.88
0.71 -0.00
-0.00 -0.62
0.32 -0.41
-0.41 0.16
-0.48 1.00
-0.13 -0.41
1.60 -1.14
-1.86 1.50
0.80 -0.93
1.46 -1.93
