0.15 1.30
1.31 -0.83
-0.15 -0.37
0.23 -2.21
-2.08 0.67
-0.83 -0.03
-0.53 -0.31
-0.80 0.92
0.31 0.91
0.24 0.64
1.92 -0.85
0.13 2.33
-1.77 -0.90
-0.13 1.04
-1.98 1.16
0.13 -0.48
0.72 2.18
-0.58 0.81
-0.10 0.94
-0.89 -0.06
-1.47 0.28
-0.62 1.45
-0.63 0.92
0.58 -0.88
-0.04 0.25
-0.16 0.31
0.50 0.75
-0.34 2.25
0.47 0.24
2.29 0.25
-1.33 0.02
-0.86 -0.75
-1.54 -1.62
-0.75 0.50
-0.64 -0.13
0.52 -0.03
-1.38 -0.35
-0.65 -0.83
1.11 -1.56
-0.97 1.45
1.10 0.26
-0.74 -0.57
-0.65 1.13
-0.91 -0.01
1.17 2.07
0.52 -1.28
1.14 -0.68
-0.06 1.47
1.13 -1.79
0.25 0.16
-1.22 1.07
0.64 -0.47
-0.12 -1.11
1.76 0.57
-0.64 -0.20
-0.71 1.16
-0.33 -0.91
0.60 -0.12
0.61 -0.59
-1.02 -2.28
-1.55 -0.53
1.70 0.58
1.14 -0.44
1.33 -0.82
1.29 1.48
1.85 0.74
-0.22 -0.09
-0.43 1.53
-0.21 -0.35
-0.51 0.42
-0.88 0.60
-0.18 -0.63
-0.68 -0.49
0.93 0.80
-0.08 -0.72
1.18 0.20
-0.22 0.38
-0.49 0.84
-0.73 1.69
0.18 -0.64
-0.50 1.90
1.56 1.31
-0.97 -1.28
2.13 0.49
2.20 -0.65
0.35 0.19
-0.20 -1.12
0.86 1.09
1.52 0.65
-0.53 0.22
