0.68 -1.25
2.45 -0.76
-1.06 0.19
1.09 0.70
-1.32 0.39
1.70 -0.71
0.28 -0.63
-0.89 -0.10
-0.71 -0.11
0.29 -0.11
0.59 -0.23
-1.11 0.05
0.23 0.89
1.79 0.49
-0.12 0.90
1.55 0.13
0.88 -2.07
-1.97 1.18
1.71 -0.92
1.23 0.65
0.11 0.53
-1.08 -1.93
-0.60 0.61
-0.48 0.43
-0.50 0.85
1.00 0.70
0.79 -0.20
0.87 -0.42
0.40 -1.08
1.30 -2.21
-0.18 -0.89
0.07 0.59
-0.54 -1.58
-0.32 0.33
-0.81 -1.36
-0.60 0.82
-0.93 2.40
-2.00 0.25
0.52 -1.19
0.40 -1.63
0.56 1.72
0.50 0.25
1.11 -0.31
-1.66 -1.21
0.47 0.58
1.13 -1.45
-0.30 0.00
-0.44 -0.52
-0.21 1.52
0.57 0.41
