-0.34 -0.54
1.08 0.88
1.40 0.81
0.11 0.62
-1.26 -0.85
-2.30 -2.06
-0.71 -0.99
-0.40 0.31
0.21 0.55
1.07 0.20
-0.57 -0.08
0.43 0.34
1.58 1.94
-0.05 0.17
-1.38 -0.74
0.56 0.75
0.83 1.12
-0.22 1.24
-0.19 -1.11
1.32 1.84
0.61 0.20
-1.75 -1.76
-0.66 -0.62
-2.05 -1.57
0.33 0.10
0.34 -0.01
0.89 0.51
-0.10 0.22
-0.86 -0.39
0.32 -0.16
-1.04 -1.09
-2.62 -2.24
-0.59 -0.25
1.19 1.91
0.54 0.64
-0.31 -0.10
-0.40 -0.54
-0.35 -0.51
-1.04 -1.05
-0.94 -0.76
0.64 0.13
-0.41 -0.71
1.97 1.22
-1.10 -0.98
-0.05 0.29
-0.05 0.13
-0.98 -0.63
-0.20 0.26
-1.34 -1.24
0.70 0.57
-0.08 -0.41
0.57 1.48
1.65 1.93
0.21 0.06
-0.08 -0.34
0.65 0.42
1.60 2.07
0.56 0.84
0.22 -0.23
-1.44 -1.06
-0.32 0.55
-0.32 0.08
0.30 -0.31
0.82 0.38
0.97 0.61
0.32 0.04
0.67 1.08
0.95 0.71
0.62 -0.14
-2.04 -1.64
0.62 0.25
0.01 -1.02
0.17 0.36
-1.06 -1.13
0.31 -0.09
-1.41 -1.71
-1.23 -0.96
-0.08 -0.09
0.51 -0.14
2.10 2.27
-0.37 -0.72
1.00 1.50
-0.23 -0.36
1.72 1.83
0.46 0.88
0.99 0.44
-0.23 -0.28
0.60 0.74
0.44 0.57
-1.79 -1.61
0.19 0.57
0.79 1.64
-1.07 -0.27
0.17 0.20
1.36 2.12
2.68 2.53
0.55 0.59
0.87 0.55
0.72 0.81
-1.26 -0.63
