0.75 -1.06
-0.88 -0.47
-1.54 0.96
1.50 -0.99
0.38 -1.48
1.11 -1.36
0.35 -0.65
0.19 -0.76
-0.05 -1.57
1.06 -1.08
0.41 0.42
-0.59 0.18
-0.87 -0.38
1.26 -1.63
0.69 -1.28
-0.26 0.72
1.20 -0.42
2.28 -0.97
-0.58 -1.18
-0.21 0.66
-1.45 2.30
2.15 -1.35
-0.85 0.24
1.12 -1.49
1.48 -1.55
1.32 -0.66
1.97 -2.16
-0.56 0.99
0.48 -0.82
-1.91 0.31
-0.86 -0.73
-0.26 1.18
-1.03 0.36
1.76 -1.16
0.59 -0.08
-0.48 1.07
-1.08 1.10
0.42 -1.20
0.58 -0.25
-0.43 1.00
1.10 -1.54
-0.77 0.82
0.22 -0.02
0.27 -0.05
-0.92 -0.46
-0.38 -0.55
0.95 -2.04
-0.79 1.30
0.43 0.11
0.18 -0.59
