1.74 -0.72
-0.14 -0.17
-0.69 1.48
-0.22 1.84
0.68 -1.36
-2.03 2.17
-3.29 0.41
-0.97 -0.44
0.19 1.27
0.51 -0.00
0.60 0.16
0.03 0.62
-0.89 -0.60
-0.22 -0.05
1.47 -0.51
1.63 -0.98
-0.72 0.33
-0.25 0.61
1.74 -0.92
-1.05 0.05
-1.12 0.99
-0.85 0.77
0.57 0.86
-0.15 0.27
0.27 0.15
0.31 1.62
-1.12 -0.40
-2.46 0.16
0.44 -0.40
0.48 -0.41
-0.06 -0.83
-2.81 1.82
0.63 -0.88
-0.06 -0.98
0.50 0.01
-0.56 -0.66
-1.13 1.13
-0.76 -0.49
0.60 0.76
-0.85 -0.40
-0.52 0.42
-0.29 1.09
-2.13 1.15
0.43 -0.25
1.31 -1.30
0.58 0.76
0.01 0.58
0.42 0.26
-0.20 -0.34
-1.71 -1.35
-0.77 -0.97
-0.61 -0.68
0.29 -0.63
-0.93 2.72
0.47 0.32
1.55 -0.23
0.95 -1.13
-0.39 0.20
0.24 -0.74
0.01 -0.57
-0.56 0.58
0.50 1.85
-0.05 -0.36
-0.90 -0.04
0.73 -0.35
-0.09 0.25
-0.30 0.93
1.31 -0.81
0.41 -2.02
-1.20 1.03
-0.38 -0.83
-0.14 0.44
-1.27 -0.52
0.48 -1.13
-1.16 -0.01
1.08 -1.66
-1.21 -0.21
0.24 -0.29
-0.20 1.19
-0.22 -0.13
-0.06 0.12
0.95 -0.94
-0.19 0.70
1.96 -0.16
2.09 0.20
0.29 2.31
-0.73 -0.98
0.83 0.82
-0.49 1.06
-0.05 -3.49
