1.36 0.51
0.37 -0.41
0.63 -0.79
-0.84 2.31
0.11 -1.12
0.28 0.09
1.23 0.20
-0.55 0.76
-0.21 0.22
1.18 0.33
0.57 1.62
0.21 -0.61
0.10 0.62
0.98 0.10
-0.94 -0.80
-1.91 1.42
-0.64 -0.23
-0.03 -0.41
-1.96 -1.84
-0.27 0.81
-1.99 0.98
-0.72 1.06
0.97 -1.22
1.43 -1.03
0.48 -0.31
0.96 -1.98
0.39 1.75
-1.47 0.13
0.24 1.31
0.56 -0.20
0.47 0.76
-0.74 1.89
-2.42 1.33
-0.47 1.18
-1.15 -0.29
1.18 -1.37
-0.86 -0.23
0.14 -0.77
0.28 1.04
-1.15 0.45
0.76 -0.21
1.94 -0.59
-0.68 0.33
1.51 -0.06
-0.91 -0.58
-0.90 -0.28
0.03 0.02
-1.63 3.45
-0.26 2.01
-1.48 0.94
-0.08 0.00
1.04 -0.70
-0.51 1.07
0.90 0.07
-1.38 -0.66
-0.06 -1.75
1.09 0.25
0.30 -0.09
0.27 -1.07
-0.26 -1.18
0.63 -0.03
-0.45 -0.84
0.87 -1.46
-0.38 -1.31
2.12 -2.07
-0.92 0.28
-1.72 0.96
1.08 -1.14
1.34 -0.27
-0.73 0.95
0.42 0.99
-0.46 0.47
0.75 -0.83
0.27 -0.66
1.21 -0.50
0.60 -0.10
1.10 0.56
-1.97 0.29
0.21 -0.44
-0.43 -0.02
1.06 -0.26
-0.68 0.90
-0.96 0.63
0.61 0.32
0.78 0.02
1.89 -1.84
0.77 0.06
0.14 0.33
-1.47 0.36
-0.16 -0.93
