0.18 0.27
-1.34 0.02
-0.25 1.42
-1.05 0.27
0.24 -0.19
-1.26 -0.22
-0.96 -1.03
1.29 -0.14
-0.52 -0.40
0.19 -0.64
1.02 0.55
0.76 2.05
0.40 1.06
0.51 0.23
-0.36 1.55
0.64 1.11
0.83 1.17
1.25 0.70
1.37 -0.24
-1.56 -0.50
0.54 0.75
0.61 1.36
-1.23 -1.05
-2.16 -1.66
1.44 1.48
-1.71 -1.49
0.36 -0.55
0.21 -1.05
-0.03 -0.39
-1.35 -1.40
1.13 0.12
1.11 1.46
-0.48 0.55
-0.64 -0.16
-0.83 1.05
1.14 1.07
-0.88 -0.98
1.28 1.59
0.44 -0.21
0.97 1.59
1.78 -1.87
0.63 -0.72
0.01 -1.12
0.94 0.08
0.61 -0.52
0.14 0.52
0.21 1.13
0.65 2.00
-2.39 0.39
-0.11 0.43
