0.20 1.14
0.58 1.18
-0.05 -0.45
1.15 0.48
1.76 1.98
-0.30 -0.37
1.02 0.67
-0.56 0.79
-0.66 -1.12
-1.34 -1.15
1.33 0.67
1.97 1.68
-0.74 0.74
-0.62 -0.81
-1.72 -0.08
-1.95 -2.52
0.45 0.81
0.25 -0.59
-1.02 -0.81
-0.37 -1.29
-1.37 -0.46
-1.39 -1.61
1.19 0.12
-0.59 -0.27
0.48 -0.59
-0.30 -0.64
-0.50 -0.31
1.26 1.62
-0.52 -0.96
1.60 0.03
-0.47 -0.18
-1.25 -1.30
-0.02 0.94
-1.13 -0.09
1.02 1.96
-0.29 -0.46
1.81 0.09
0.16 0.26
-0.56 -1.82
-0.54 -1.14
0.71 0.10
-0.81 -1.21
-0.31 -0.70
-0.35 -1.00
0.75 0.23
0.05 0.41
1.89 1.21
-0.84 0.42
0.82 1.30
-1.09 -0.35
