0.48 0.48
-1.14 -1.14
0.85 0.85
0.04 0.04
0.43 0.43
1.04 1.04
-2.10 -2.10
1.30 1.30
-0.02 -0.02
1.46 1.46
-1.74 -1.74
-0.15 -0.15
-0.52 -0.52
-0.46 -0.46
-0.33 -0.33
1.34 1.34
-0.03 -0.03
0.57 0.57
1.48 1.48
-0.38 -0.38
1.33 1.33
0.29 0.29
-1.47 -1.47
0.44 0.44
0.62 0.62
-1.59 -1.59
-1.52 -1.52
0.56 0.56
-0.28 -0.28
-0.81 -0.81
1.75 1.75
0.38 0.38
0.47 0.47
-0.10 -0.10
-0.50 -0.50
0.33 0.33
1.22 1.22
-0.14 -0.14
1.28 1.28
-1.08 -1.08
0.34 0.34
0.55 0.55
-1.77 -1.77
0.97 0.97
-0.82 -0.82
0.61 0.61
1.27 1.27
0.35 0.35
2.18 2.18
0.89 0.89
