0.61 0.72
0.32 -0.86
-0.02 -0.15
0.55 -0.22
1.26 0.60
0.22 -0.05
0.56 0.72
-0.55 -0.86
0.27 0.45
-0.15 -0.99
-0.91 -0.57
-0.17 -1.14
1.76 -0.22
-0.16 -0.88
0.82 2.05
-0.66 1.33
1.78 0.30
1.01 -0.53
0.40 0.99
0.67 -0.88
0.48 0.16
0.73 0.38
0.51 0.87
0.51 0.99
-1.18 0.65
0.22 -0.65
-0.81 -2.16
-0.66 1.37
-0.98 0.37
1.26 0.57
-0.70 -0.29
-0.60 0.50
-1.59 -0.71
0.85 -1.14
-0.58 -0.91
-0.28 -0.28
-1.02 -0.94
3.37 0.85
-1.44 -0.68
-0.13 -0.98
0.41 0.68
0.39 0.57
-1.28 0.93
-0.05 1.64
2.17 0.67
1.13 1.89
-0.24 1.92
0.06 -1.35
0.15 -0.98
0.53 0.36
2.32 2.74
1.11 -0.96
2.94 1.25
1.12 0.57
0.59 1.20
0.99 -0.33
0.28 -0.13
1.60 1.34
-0.41 -1.56
0.63 0.36
-0.38 1.27
-0.94 0.40
-0.92 -1.69
0.63 -0.13
0.71 0.50
-0.71 0.72
0.73 -1.84
0.15 -0.27
-0.32 -1.62
0.49 -0.74
-0.92 1.10
-0.13 -1.02
-1.88 0.14
0.14 -1.07
-0.91 1.04
-0.61 -0.19
-0.93 1.02
-0.09 0.23
-1.92 -0.59
-0.15 -1.37
-1.45 -0.74
0.33 -0.09
-1.58 -0.94
-0.60 -0.61
-0.07 -1.54
0.18 0.39
-1.02 -0.36
-1.36 0.24
-0.50 -1.93
-0.14 0.44
