1.22 0.25
-2.11 -0.87
0.23 0.72
1.58 0.87
-1.92 -0.43
0.75 -1.13
0.64 1.04
1.63 -0.04
0.20 -0.48
0.35 0.37
1.22 2.37
0.82 0.64
0.87 1.76
-0.29 -0.67
-0.21 0.84
1.49 0.10
-0.48 -1.44
-1.67 -1.55
1.33 -0.17
-0.03 -0.33
0.74 0.08
-1.88 -1.36
0.55 -0.95
-0.17 -0.11
1.88 1.49
0.36 0.29
0.46 -0.46
-0.85 -0.05
0.34 1.23
-0.20 -0.34
1.33 2.66
0.64 1.12
-0.30 -0.08
1.12 0.25
2.05 2.03
-0.42 -0.07
-1.54 -1.13
-0.61 1.19
0.17 -0.31
-0.51 -0.48
-0.57 1.24
-0.97 1.19
-0.73 1.01
-0.22 -1.20
1.00 -0.44
-0.15 -0.31
0.04 0.99
-0.17 0.52
0.76 1.83
-1.12 -0.14
