0.80 -0.77
-0.93 -0.21
0.77 -0.48
-0.65 0.30
0.14 0.52
1.11 -1.08
1.91 -1.78
0.51 0.62
0.47 -0.03
0.06 0.21
0.53 -1.06
-0.07 0.24
-0.65 0.58
-0.31 -0.80
-0.20 0.98
1.34 -1.61
0.02 -0.25
-1.48 1.43
-0.87 0.61
2.01 -2.03
0.25 0.08
0.42 0.20
0.92 -1.85
0.82 -0.20
-1.36 1.86
-0.98 0.49
-0.49 0.23
0.37 -0.83
-0.52 -0.92
-1.53 1.73
0.22 -0.52
0.53 -1.31
0.31 -0.28
1.30 -1.12
-0.84 1.30
-0.64 0.95
0.13 -0.48
1.70 -0.75
-0.20 0.20
0.18 0.01
0.31 -0.96
-0.51 -0.10
0.80 -0.46
-0.96 2.31
-1.60 1.69
-0.64 0.73
-1.16 0.72
-0.31 0.52
-0.44 -0.68
0.05 0.16
-2.29 1.96
1.89 -1.54
0.16 0.12
0.85 0.03
-0.01 0.28
0.69 -0.44
-1.52 1.12
0.89 -1.71
-1.64 0.66
1.18 0.08
-0.47 0.66
1.12 -0.58
-0.72 -0.04
-1.33 0.42
-1.15 0.70
0.21 -1.05
-0.91 0.73
0.89 -0.25
0.11 0.87
0.27 0.57
-1.35 1.87
0.02 -0.25
1.38 -1.49
0.50 -1.00
-0.08 -0.19
0.55 0.26
0.49 -1.26
2.98 -2.67
1.33 -1.55
-0.04 0.89
-0.19 0.45
0.87 0.84
-0.93 0.94
-0.30 0.20
-0.20 0.60
1.49 -2.44
-0.46 0.28
1.23 -0.43
-1.73 2.24
-0.12 0.40
0.45 -0.33
-0.63 0.00
1.17 -1.31
0.68 -0.19
-0.20 -0.22
-1.21 0.72
1.84 -0.68
-0.35 -0.05
-1.52 -0.05
-2.12 1.21
