-0.25 1.27
-0.65 -1.07
-0.29 -0.90
0.28 1.27
-1.68 1.18
-0.01 -0.06
0.35 0.17
0.87 0.58
0.02 -0.41
-0.07 -1.18
1.61 0.85
-0.17 0.76
0.06 -1.55
-0.48 1.37
-1.13 -1.33
1.06 1.12
0.98 -0.77
-1.38 -1.36
-0.27 -1.31
-0.25 0.22
2.44 -0.07
-0.52 1.34
1.34 -0.83
1.66 -0.71
0.68 -1.45
-2.15 -0.30
0.69 0.77
-0.45 0.65
-1.21 1.25
-0.17 0.20
0.65 0.74
-0.98 1.05
2.08 0.15
0.28 -0.38
1.07 1.46
-0.42 0.31
1.25 -0.46
1.40 1.00
-1.29 0.01
1.01 -2.58
0.66 -0.14
-0.60 -0.24
-0.97 -0.96
-0.43 -0.04
-0.54 -1.48
-0.57 0.32
-0.43 0.99
-1.74 -0.43
0.00 1.68
-0.52 1.30
