-1.16 -0.63
0.31 0.83
-0.55 -1.55
-0.55 0.60
-0.33 -0.10
0.74 -0.28
0.28 -0.21
0.27 1.71
0.44 -0.74
-0.12 -0.42
1.72 1.14
0.20 0.81
-1.11 -0.40
-0.15 -1.24
0.72 1.72
0.58 -0.63
-1.56 -1.09
0.81 -1.65
-1.69 -0.57
-0.52 0.05
0.22 -0.60
-0.06 1.43
-0.19 0.85
0.08 -0.12
1.51 0.29
1.48 0.27
-0.92 1.71
-0.23 1.61
1.12 0.65
0.71 0.50
0.25 -1.71
0.10 -0.34
0.68 -0.25
1.90 -1.19
-0.06 -0.18
-0.09 -0.07
-0.04 -0.63
-0.01 -3.48
2.01 0.79
-0.43 0.02
0.08 -0.18
1.04 -0.09
0.85 0.18
-2.03 0.12
2.14 0.07
-1.00 0.79
0.87 0.74
-1.01 -2.55
-0.17 -0.46
1.20 0.48
-0.81 -0.01
-0.14 0.55
-0.47 -0.00
1.45 -1.03
-0.83 -0.28
-0.82 0.81
0.18 0.03
-1.07 0.76
0.55 -0.01
-0.61 -0.41
-0.70 -0.30
0.39 1.52
-1.14 0.19
-0.34 1.44
1.12 1.05
1.98 -1.34
0.27 0.77
0.96 0.97
-1.72 -0.63
-1.59 -1.36
1.07 -2.34
0.72 -2.09
-0.77 1.33
-1.83 0.45
0.82 -0.81
-0.08 0.81
-0.49 1.32
-0.82 0.99
-0.69 -0.43
-2.40 0.58
1.83 0.77
1.26 0.81
0.76 -0.53
0.25 0.23
1.70 0.29
-1.09 0.81
0.89 -0.43
-1.00 0.23
-0.65 -0.75
-0.39 1.47
