-1.70 -1.00
-0.65 -0.92
-0.51 -1.07
-0.96 -0.10
0.81 0.38
-0.42 -1.08
2.27 1.55
3.01 1.51
-0.56 -0.80
0.59 -0.18
-0.46 -0.32
0.77 1.30
-1.41 -0.86
-1.37 -1.03
0.29 1.14
1.49 0.13
-0.45 -0.02
1.45 1.70
-0.33 -0.99
0.02 -0.47
-1.27 -1.14
1.08 2.07
0.00 0.26
0.07 0.99
0.90 0.70
-1.98 -0.11
-0.60 -1.58
-0.77 -0.24
0.86 0.78
-1.00 -0.47
1.16 1.66
-1.53 -0.10
0.40 1.16
-0.03 -0.35
-1.28 -1.35
1.12 1.98
0.03 0.09
0.82 -0.15
0.22 1.26
0.49 -0.17
0.00 0.96
1.45 1.40
-1.78 -2.24
-0.35 0.04
0.94 -0.27
-0.67 1.03
1.92 3.35
0.29 0.48
0.90 0.32
1.59 0.26
-1.51 -0.49
0.28 -0.32
0.60 0.51
-0.28 0.77
-1.76 -1.77
-0.71 -0.68
-0.12 0.34
0.33 -0.96
-0.92 -0.23
0.33 1.54
-0.59 -1.09
-0.82 -0.69
-1.08 -0.60
0.92 -0.05
0.73 0.36
0.65 1.42
-0.15 -1.61
0.41 0.43
0.09 -0.43
1.46 0.64
0.53 0.34
0.14 1.48
0.02 1.14
-0.54 -0.49
1.13 0.19
0.30 0.27
-0.61 -0.31
0.34 -0.68
0.15 0.69
1.96 0.62
-1.34 -0.79
-0.35 -1.10
-0.51 -0.24
0.26 -0.25
-1.57 -1.01
-1.17 -0.98
0.36 -0.27
-0.57 -1.03
0.88 0.69
-1.14 -1.37
