-0.11 -0.54
0.85 1.99
0.06 1.02
1.55 -1.20
1.65 0.02
-0.94 0.23
1.40 -0.37
0.58 -0.19
1.38 1.29
0.46 -0.23
0.60 0.23
-1.96 0.29
-0.14 -1.01
0.43 0.23
0.65 0.22
-0.69 -0.03
1.95 1.23
-0.79 1.12
0.84 0.34
-0.77 1.70
-1.51 0.24
-1.21 0.16
-0.45 -1.57
0.05 -0.94
0.90 2.34
-0.29 0.37
1.67 0.61
-0.03 -0.52
0.62 -0.01
2.86 0.75
-0.42 -0.37
0.43 -0.31
-1.10 0.76
0.30 -1.74
0.51 -0.18
-0.34 -0.84
0.36 -0.40
0.77 0.04
0.43 1.22
0.17 -1.82
-0.85 0.18
-1.14 -0.26
0.00 1.62
1.73 -1.36
-0.26 0.26
-0.68 -0.51
1.34 -0.47
-0.42 -1.59
-1.43 -1.97
1.03 -1.75
