0.60 0.17
0.31 0.31
-0.19 -0.22
-0.27 0.39
-0.65 -0.27
-2.48 -1.85
-1.79 -1.70
-0.01 0.60
-1.96 -1.29
-0.42 -0.41
-1.21 -1.12
-0.83 -0.80
-0.00 0.96
0.10 -0.20
-0.39 -1.01
-0.17 -0.39
-0.93 -0.48
0.19 -0.02
2.12 3.07
-1.34 -1.24
-0.93 -0.67
1.28 0.94
-0.91 -1.11
0.88 -0.09
-0.29 0.04
0.96 0.67
0.53 0.67
-0.05 0.12
0.05 -0.30
0.28 0.07
-0.03 0.32
-0.02 0.04
-0.74 -0.29
1.18 0.36
-0.42 -0.11
-1.57 -1.23
-0.65 -0.76
0.45 0.62
0.12 0.11
-0.41 -0.18
0.42 0.70
1.01 0.04
1.48 1.80
0.20 0.59
0.29 0.63
-2.84 -2.97
1.40 0.77
-0.48 -0.44
-0.60 -1.35
1.48 1.97
