0.76 1.13
-0.93 1.44
-0.90 -0.04
-0.69 -0.20
0.59 -0.77
0.14 1.59
-0.84 1.53
0.16 1.57
0.11 -0.75
-1.19 1.18
0.40 0.40
-1.27 1.21
-0.45 0.21
0.10 0.28
-0.75 1.57
-0.17 0.57
0.68 -0.61
0.01 0.22
1.67 -1.55
0.15 0.21
0.95 1.71
-0.34 -0.69
-0.40 -0.53
-0.84 -1.04
-0.02 -2.25
-1.43 -0.76
0.63 -1.95
0.55 1.17
-0.72 0.02
-0.41 -2.23
0.72 0.56
-1.28 0.23
-1.66 -0.76
-0.24 1.32
0.55 0.69
-0.22 -0.71
-0.24 -0.68
-0.72 0.34
-1.00 -2.00
0.44 0.40
1.10 -0.97
-0.26 -0.34
-0.27 0.16
0.79 -1.44
-0.89 -0.03
-0.05 -0.32
-3.21 -1.16
-1.19 -0.84
0.65 1.65
-1.34 -0.59
0.65 0.59
-0.12 0.36
-1.66 0.42
-0.07 -1.11
-1.08 -0.81
-0.36 -0.92
0.86 -1.19
0.22 0.06
1.27 0.78
-0.01 0.25
-1.27 0.41
0.55 0.72
-0.44 -0.45
-0.13 -0.26
-1.42 0.02
1.54 1.18
0.20 0.46
0.05 1.07
0.35 2.22
1.09 -0.07
-0.05 -0.18
-0.53 0.44
0.92 0.16
2.14 -1.01
-1.30 -0.84
1.21 0.88
-0.84 0.79
-0.35 1.39
0.52 0.71
1.59 0.64
1.58 -0.82
0.85 1.77
1.46 1.25
-0.30 -0.59
2.03 -1.26
-0.98 -0.13
0.62 0.23
0.54 -0.77
-0.03 2.09
0.69 0.76
-0.34 -0.53
-2.18 0.36
0.28 -0.68
0.16 0.07
0.14 -1.18
-1.01 1.66
-3.29 0.82
1.92 -0.62
-0.93 1.65
0.21 -0.76
