-1.37 1.76
0.32 1.73
-0.55 0.80
0.28 -0.20
-0.07 1.06
-1.49 2.27
0.13 1.28
2.18 1.05
0.01 -1.00
0.87 -0.21
1.20 -1.10
-0.12 1.16
0.20 -1.80
-1.04 -0.22
-0.96 -0.27
0.37 1.01
1.40 -1.17
0.45 0.19
1.01 1.55
0.49 0.35
-0.34 -0.99
1.44 -0.95
-0.33 0.35
1.30 -0.82
-0.13 0.36
-0.18 -1.11
-0.37 0.55
-0.17 -0.53
-2.61 0.56
0.12 -0.49
-0.45 0.47
-1.09 2.26
1.04 -1.47
-0.73 0.50
-1.23 0.35
0.44 1.18
2.04 -0.51
-0.00 -0.52
0.62 0.25
-0.64 -0.19
-0.19 1.65
0.09 -0.29
-0.69 -1.37
-0.05 0.87
-0.17 1.11
2.49 -0.69
-0.97 -1.03
2.06 -0.37
0.74 0.07
0.58 0.40
