0.11 0.10
0.96 -0.42
0.87 0.08
0.44 1.02
1.66 1.48
1.72 1.72
0.90 1.27
-0.92 -0.28
0.25 -0.11
-1.57 0.65
-0.83 -0.07
0.50 1.84
-1.61 -0.20
-0.82 0.54
-1.10 -0.85
-0.24 -0.08
-1.35 0.52
0.66 -0.29
0.68 -1.02
-1.17 0.09
-1.76 -0.28
-0.75 -1.51
-1.41 -0.44
1.30 1.92
-0.08 1.89
1.04 0.39
-0.67 -0.23
-0.19 -0.38
1.00 2.42
-0.56 0.05
-0.02 -0.36
-0.84 1.13
-1.10 0.72
1.82 2.38
-0.46 -0.11
0.76 -2.00
-0.99 -0.51
1.54 1.38
0.53 -1.70
0.69 0.77
-0.28 0.54
0.98 -0.98
0.17 -0.89
0.70 0.12
0.30 -0.17
0.08 -0.89
-0.78 0.97
-2.34 -0.03
0.50 -0.65
0.60 0.12
