0.43 -1.79
0.37 -0.90
-1.48 -0.13
0.61 0.42
-0.96 -0.89
1.83 0.43
0.43 0.18
1.39 1.09
0.72 -0.04
-0.80 0.46
0.44 1.91
-0.65 0.73
-0.47 -0.40
-0.24 0.92
0.47 2.31
0.31 -0.68
-1.27 -0.60
0.68 0.42
0.47 -2.14
1.73 0.59
1.33 -0.28
0.15 -0.91
0.61 -0.40
0.57 -0.34
2.26 -0.83
-0.95 -0.86
-2.87 1.35
-0.30 -1.52
0.08 1.92
-0.58 -0.37
-0.94 -1.09
-1.26 2.14
0.57 -1.44
0.32 0.60
0.11 0.36
0.71 0.27
0.16 -0.13
-0.51 -0.12
1.58 -0.30
-0.30 0.57
-0.01 0.89
1.31 0.69
0.02 0.70
0.16 0.26
-1.66 0.61
0.57 -2.82
-1.74 -1.06
-1.28 0.44
-0.12 -0.73
-0.20 0.04
-0.44 0.01
0.95 1.13
-0.37 -0.90
1.69 -0.17
-0.03 -0.46
0.16 -0.45
-0.05 0.34
0.38 -1.04
-0.39 -0.56
-0.16 1.50
-1.65 -1.05
0.75 1.80
0.90 -0.79
-0.84 -1.26
-0.26 -0.33
-0.98 -1.03
-1.24 -1.52
1.45 0.57
-0.33 -0.20
-1.55 0.03
0.04 -1.33
-0.70 -1.28
-1.30 0.92
-1.20 -0.49
-0.33 1.51
0.52 0.19
-0.50 -0.26
0.77 0.91
-1.21 -0.94
-0.04 -0.60
-0.38 -2.11
-0.74 -1.21
2.10 -0.18
1.41 0.24
0.54 -0.44
-1.24 0.57
0.25 1.36
0.14 -0.19
-0.80 0.12
-0.62 1.65
1.68 -1.27
0.13 -0.25
-1.29 -0.27
3.05 -0.93
-0.42 1.01
-0.58 1.20
1.09 -1.48
0.59 1.08
-0.40 0.46
-1.13 -0.81
