-1.16 -0.02
0.06 -0.41
0.13 -0.37
-0.76 0.79
0.27 1.49
-2.07 2.08
0.20 -0.39
-0.25 -0.55
-1.30 1.76
-0.02 -0.94
0.98 -0.48
-0.67 0.91
-1.56 1.11
-0.40 0.96
0.20 0.56
0.28 -0.65
0.24 1.34
0.54 -0.74
-1.14 -0.53
-0.76 -0.40
0.29 -0.44
0.47 -0.61
-1.25 0.62
-0.26 2.09
-1.56 0.18
-0.03 0.01
-0.27 -0.08
1.58 -0.46
1.55 0.60
0.89 -1.87
0.49 -0.71
1.89 -0.74
1.86 -0.50
2.04 -2.52
-0.79 0.40
-0.07 0.12
1.36 -1.33
0.18 -1.25
0.52 -0.47
-0.10 -0.15
0.26 1.56
0.67 0.25
-0.43 0.17
1.27 -0.51
0.80 -0.51
-0.85 1.01
-1.60 1.69
-0.40 -0.18
-0.83 -0.80
2.07 -1.71
