-1.88 1.88
0.68 -0.68
-0.15 0.15
0.13 -0.13
0.37 -0.37
-0.94 0.94
0.03 -0.03
-0.54 0.54
1.58 -1.58
0.66 -0.66
1.49 -1.49
-1.44 1.44
0.29 -0.29
0.43 -0.43
0.58 -0.58
0.38 -0.38
0.57 -0.57
0.63 -0.63
1.17 -1.17
1.29 -1.29
-1.18 1.18
0.64 -0.64
-1.54 1.54
1.62 -1.62
0.95 -0.95
-0.80 0.80
-1.04 1.04
-1.85 1.85
-0.78 0.78
0.58 -0.58
0.06 -0.06
0.34 -0.34
-0.66 0.66
0.88 -0.88
0.77 -0.77
1.64 -1.64
-0.65 0.65
0.64 -0.64
-2.55 2.55
-0.32 0.32
-0.91 0.91
-0.35 0.35
0.56 -0.56
-2.21 2.21
-0.60 0.60
-0.90 0.90
0.47 -0.47
-0.06 0.06
-0.89 0.89
-1.55 1.55
0.57 -0.57
0.34 -0.34
-0.74 0.74
-2.41 2.41
0.16 -0.16
-0.13 0.13
0.36 -0.36
0.41 -0.41
-2.17 2.17
0.63 -0.63
-0.23 0.23
0.07 -0.07
-0.52 0.52
0.18 -0.18
1.29 -1.29
-0.69 0.69
0.74 -0.74
1.39 -1.39
0.38 -0.38
0.46 -0.46
-0.30 0.30
-0.78 0.78
-0.85 0.85
-2.05 2.05
0.51 -0.51
0.15 -0.15
-0.54 0.54
0.76 -0.76
-0.19 0.19
-0.07 0.07
0.94 -0.94
-1.47 1.47
-1.80 1.80
-0.63 0.63
-0.53 0.53
0.01 -0.01
-0.70 0.70
0.31 -0.31
0.11 -0.11
2.31 -2.31
