0.19 1.47
0.92 -0.78
-1.29 0.67
1.34 -0.41
0.20 -0.52
-0.35 -1.07
-1.06 -0.47
-1.15 -1.48
-0.55 -0.25
-0.75 -1.66
-0.18 -0.36
1.28 1.84
-1.62 -1.23
-0.28 1.38
-0.77 -0.10
0.11 -0.98
-1.65 -1.69
-1.19 -1.96
-0.17 -0.48
1.55 1.47
0.75 0.93
-1.08 -0.28
0.08 -1.25
-0.26 -0.65
-0.45 -0.08
1.27 1.34
1.19 0.22
-1.42 -1.03
-0.68 1.05
0.40 -0.19
-1.62 -1.51
-1.27 -0.44
-0.75 -0.17
0.18 0.57
0.90 0.59
-0.65 -1.17
-1.66 -0.74
1.78 0.88
1.84 1.39
0.86 -0.08
-0.31 -1.41
-1.10 0.90
0.98 0.71
-0.14 0.22
0.13 1.61
0.77 0.13
1.98 1.12
-0.17 -0.26
0.11 0.17
-0.58 -1.19
