-0.64 1.04
1.88 1.70
-0.67 0.13
-0.18 -0.85
-1.19 -1.29
-0.13 0.60
-0.85 -0.81
-0.04 -0.11
-0.71 -0.80
-0.13 1.10
0.06 -0.14
0.22 -0.37
1.05 -0.30
2.70 0.99
1.06 -1.75
-2.11 0.38
0.21 1.14
-1.51 -1.18
-1.01 -0.52
-0.08 0.84
1.13 -0.42
1.35 -0.83
0.79 2.14
1.16 0.22
1.25 0.93
1.01 -0.16
1.17 0.13
0.39 1.51
-2.03 -2.79
0.98 0.05
-0.70 0.02
-0.56 2.04
-1.05 -0.07
-0.82 -0.28
0.05 1.67
0.79 -0.14
1.65 0.78
1.40 1.05
0.14 -0.83
-0.27 1.27
0.37 0.95
-1.75 -0.28
1.04 -0.18
-1.11 0.06
-1.40 -0.95
1.45 1.07
-1.29 -1.32
-0.14 -0.38
0.65 0.08
0.22 -0.52
-0.50 0.76
0.37 0.11
0.78 0.10
0.03 -1.02
-1.10 -0.73
-0.05 -1.07
-1.69 -1.50
1.11 0.03
-0.14 1.88
0.69 0.44
0.10 -0.06
-1.68 -0.94
-1.38 -1.26
-0.16 -0.87
-0.24 -0.69
-1.95 -0.80
-0.89 0.27
-1.06 -2.69
0.99 -0.08
0.16 1.50
-1.11 -1.29
-0.11 -0.01
-0.07 -1.77
-0.07 -0.81
0.26 0.26
0.78 -0.39
-0.77 -1.60
1.69 1.28
-1.29 -1.03
-0.90 1.96
-0.73 0.25
0.20 0.36
-0.19 1.13
0.17 -1.01
-1.80 0.28
-0.61 -0.64
0.30 0.72
0.42 0.19
-0.37 0.23
0.85 0.52
-0.40 -1.44
-0.48 -0.14
0.37 -0.99
0.42 1.47
-2.48 -0.21
0.36 -0.48
0.93 0.18
-0.41 -1.12
1.19 1.19
0.99 -0.12
