1.60 -1.03
1.33 -0.62
-0.97 0.07
-1.09 1.61
1.10 -1.07
-0.18 -0.09
1.29 0.53
0.52 -0.75
0.24 -0.31
1.19 -0.24
-0.62 0.63
1.56 -1.16
-0.21 0.87
0.15 0.11
-1.15 0.86
-0.81 -0.03
0.32 -0.98
0.77 0.29
-0.04 -0.89
1.06 -1.46
-0.34 0.12
1.04 -0.70
0.48 -0.70
0.52 0.51
0.78 -0.37
1.21 -0.79
1.97 -0.88
-0.33 0.44
-0.06 -0.31
-0.35 2.30
-1.01 -0.59
0.60 -0.59
-1.56 -1.08
-0.22 -1.34
-0.36 1.27
0.40 -1.17
1.07 -0.71
0.57 -0.34
-0.66 -0.15
0.14 1.32
-0.40 0.75
-0.00 0.26
-1.93 2.03
2.23 -0.59
0.09 1.71
0.06 -1.60
-0.96 0.84
-0.23 0.12
-0.18 1.28
0.20 0.61
-1.18 1.47
0.84 1.37
0.55 -0.18
-0.26 1.94
0.01 1.30
-0.40 0.09
-0.87 0.15
0.07 0.77
1.59 -0.36
0.25 -0.73
-2.18 0.67
0.94 -0.65
-0.41 0.43
1.51 -0.61
0.58 -0.04
0.09 0.70
0.03 0.74
-0.87 0.07
0.22 0.98
-2.77 2.09
-1.07 1.45
1.28 -0.94
-0.18 -2.73
-2.88 1.93
1.11 0.43
0.14 0.61
-0.26 -0.28
0.78 -2.16
-0.44 -0.66
0.64 -1.72
1.06 0.67
0.40 -0.42
1.07 -1.30
1.55 0.22
-1.20 0.27
1.41 1.06
0.50 0.40
0.57 0.40
-1.54 0.77
-1.54 1.19
-0.88 0.67
0.20 0.15
0.07 1.02
1.35 0.22
-0.21 -0.31
-0.87 1.72
0.21 -1.31
-1.85 1.69
-1.17 0.74
0.45 -0.46
