-0.84 -0.33
1.04 1.58
1.38 -0.17
-0.22 0.32
-1.04 -0.89
0.94 1.38
-1.67 -0.56
-0.64 0.68
0.63 0.99
2.10 1.36
0.81 0.52
-0.08 0.85
-1.21 -1.58
0.80 -0.48
-0.72 -0.87
-0.43 -1.96
-0.95 -0.75
-1.81 -0.41
0.85 1.36
-0.41 -2.02
2.08 2.22
-1.42 0.79
1.49 1.08
-0.43 -0.33
-0.79 0.34
0.94 -0.08
-0.29 -0.11
0.84 0.13
-0.16 -1.32
1.32 0.50
1.22 0.86
-0.49 -0.91
0.23 0.22
0.06 -0.68
-0.94 0.03
-0.96 -0.78
-1.60 -0.26
1.07 0.76
0.12 0.04
0.11 0.09
-1.52 -1.66
-0.36 -0.26
-1.19 -1.20
0.23 -0.13
-0.71 0.04
0.24 0.73
-0.64 -1.56
-0.93 -0.50
-0.73 -1.76
1.27 0.64
-0.75 -0.52
-0.51 0.03
-0.31 -0.35
-1.91 -1.70
-0.25 0.71
0.07 -0.38
0.66 0.33
0.79 1.48
-0.30 0.30
0.46 0.53
1.39 1.42
0.48 0.37
1.49 0.94
-2.16 -1.07
0.31 -0.42
0.50 0.16
-1.05 -2.01
-0.09 -0.12
1.01 1.17
-0.53 -0.60
0.04 -0.23
0.99 1.26
-1.04 -0.89
-0.02 -0.46
-0.24 1.60
0.28 -0.83
2.04 2.45
-1.79 -0.56
-0.84 -2.28
0.53 0.60
-2.01 -1.00
-1.41 -2.72
1.56 0.23
-0.58 -0.79
0.29 -0.18
-0.28 0.24
-0.18 1.06
-1.01 -0.38
0.48 0.99
-1.34 -0.54
1.04 0.84
0.38 1.33
1.28 0.10
-1.25 -0.54
1.69 1.67
-0.23 0.24
-0.88 -0.78
-1.30 -0.60
-0.35 -0.09
-0.60 -0.20
