0.35 -0.94
0.57 0.27
-1.34 -0.39
-0.34 1.56
0.35 2.61
0.65 -0.45
-0.70 1.58
0.80 0.10
1.95 0.61
0.83 -0.30
-2.31 -0.64
-0.03 1.07
1.15 -0.37
-1.83 -1.16
0.00 0.09
1.52 0.28
0.47 0.57
0.17 -0.38
0.47 1.53
-0.92 0.63
-0.15 0.59
-0.65 -0.52
-0.23 -1.05
0.44 -1.40
0.65 -0.78
-0.61 1.52
0.36 -0.19
-0.03 -2.24
-0.99 -0.90
0.93 -1.11
-1.40 -0.66
1.19 0.06
-0.69 0.83
0.10 -1.66
-0.46 -0.28
-1.85 -0.32
1.77 0.50
0.37 -0.65
-0.65 -0.30
-0.22 -0.25
-1.29 0.20
0.35 -1.33
1.22 -1.67
0.69 0.04
0.00 1.60
1.39 1.35
0.41 -0.05
-0.58 -0.08
0.96 -0.25
-1.63 -0.84
0.69 1.27
-0.76 0.75
-0.35 1.03
0.47 0.03
-1.35 0.16
-0.31 0.54
1.04 -0.36
0.71 -2.25
0.87 -0.41
-1.30 0.96
0.38 1.43
-0.29 -0.63
-0.45 -2.38
-1.20 -1.18
-1.09 0.20
1.03 -0.84
-2.40 0.71
0.00 1.35
2.15 0.08
0.83 -1.88
0.17 1.16
-1.78 0.19
2.12 0.22
-1.02 0.57
0.60 0.12
0.31 1.49
-0.77 -0.31
1.63 2.02
-0.64 0.45
0.62 -0.22
0.51 -0.99
1.01 1.66
-0.46 0.46
-1.43 1.53
-0.01 -0.19
1.05 0.67
-0.76 -0.36
-0.96 0.68
0.20 1.09
-0.00 0.58
-1.13 -1.75
1.45 -1.44
-2.03 1.37
-0.51 0.07
-0.11 -0.90
-0.18 -0.06
1.16 0.32
0.11 0.82
0.33 0.25
1.51 -0.10
