0.14 0.02
-0.89 -0.11
-1.03 -0.37
0.62 0.91
-0.14 -0.92
-1.75 -0.69
-1.85 -0.01
0.14 -0.89
1.54 1.49
-1.83 1.41
-1.27 -0.61
-0.09 -0.02
1.21 -0.57
-0.23 -0.34
1.42 1.24
1.33 1.47
-2.01 -0.98
0.64 1.25
0.48 0.17
2.08 1.57
-0.73 0.15
0.28 -0.79
1.12 0.59
2.32 2.21
-0.60 -1.29
-1.14 0.31
-0.79 0.40
-0.37 -1.12
-0.54 -0.29
-1.04 -0.31
-0.73 -0.22
-0.93 0.00
0.90 -0.75
-0.48 0.97
1.19 0.09
0.57 0.56
0.01 0.35
0.79 1.24
-1.74 -0.22
-0.86 -0.54
-0.43 -0.88
0.30 0.60
1.54 -0.24
-0.58 -1.33
-0.75 -1.05
0.29 -0.60
0.40 0.20
0.37 1.25
0.38 -0.98
0.13 0.26
1.05 2.17
0.81 0.53
0.80 0.44
0.79 -0.10
-0.55 -1.09
0.64 0.81
0.67 -1.87
2.03 1.51
0.81 1.42
-0.70 -0.69
0.57 -1.24
-1.22 -1.25
-0.62 -1.09
0.36 0.22
0.59 -0.65
2.85 1.02
-0.82 0.08
0.34 0.30
0.10 2.19
-0.52 0.11
-1.83 -0.95
0.42 0.93
0.03 1.73
0.84 1.18
-0.35 -0.74
-0.42 -0.08
0.50 -1.27
0.08 0.99
-0.89 -2.48
1.65 -1.38
0.19 -0.85
1.19 1.65
1.29 0.45
-0.69 -0.85
-0.43 0.79
-1.04 0.86
0.10 0.69
0.15 -1.28
0.44 -1.05
-1.23 0.91
