-0.20 1.05
0.23 -1.26
-0.56 1.26
-1.51 1.82
1.18 0.14
-0.44 0.02
0.26 -0.28
0.58 1.94
-0.35 -0.37
-0.82 -0.88
-1.05 -0.38
-0.71 1.73
-0.13 -2.15
2.17 0.28
-0.08 1.27
0.72 -1.41
-1.12 1.58
-1.77 -2.15
1.06 0.27
1.70 -0.38
2.10 -1.19
-0.54 0.80
1.20 -0.89
0.03 0.10
-1.79 -0.28
-0.02 -0.89
0.32 0.94
0.19 -0.39
0.97 -0.22
0.01 0.75
1.74 -0.23
-1.92 1.01
-1.83 -0.56
-0.76 -0.55
0.37 1.16
1.00 -0.31
0.17 0.19
-0.04 -0.38
0.14 -0.52
1.17 -0.28
-1.05 0.67
0.74 0.25
0.95 1.15
0.43 -0.73
-0.39 0.25
-0.33 0.88
0.50 0.34
0.33 -0.38
1.44 -1.86
-0.66 1.74
