1.75 1.75
0.55 0.55
0.68 0.68
0.14 0.14
-0.11 -0.11
-1.21 -1.21
-0.67 -0.67
0.31 0.31
0.38 0.38
-0.67 -0.67
2.04 2.04
-1.17 -1.17
0.63 0.63
-0.69 -0.69
-0.55 -0.55
0.60 0.60
0.92 0.92
-0.01 -0.01
0.06 0.06
1.20 1.20
-0.21 -0.21
0.01 0.01
0.38 0.38
-1.20 -1.20
-1.27 -1.27
0.46 0.46
-0.78 -0.78
-0.33 -0.33
-0.28 -0.28
-0.22 -0.22
-1.64 -1.64
0.03 0.03
-0.43 -0.43
0.91 0.91
-0.47 -0.47
-1.20 -1.20
-0.49 -0.49
1.79 1.79
1.61 1.61
0.90 0.90
-0.17 -0.17
-1.19 -1.19
-0.06 -0.06
0.61 0.61
-0.92 -0.92
-1.52 -1.52
-0.54 -0.54
-1.14 -1.14
-0.54 -0.54
1.37 1.37
0.03 0.03
-1.10 -1.10
-0.44 -0.44
0.74 0.74
-1.67 -1.67
-1.05 -1.05
-0.76 -0.76
0.58 0.58
-0.14 -0.14
-0.04 -0.04
1.53 1.53
0.37 0.37
0.47 0.47
-1.28 -1.28
1.45 1.45
-1.74 -1.74
-0.90 -0.90
-1.87 -1.87
-0.46 -0.46
0.40 0.40
0.39 0.39
-2.14 -2.14
0.07 0.07
-1.28 -1.28
-1.27 -1.27
-1.29 -1.29
0.47 0.47
-0.08 -0.08
2.67 2.67
-1.76 -1.76
-0.09 -0.09
1.25 1.25
0.17 0.17
-1.12 -1.12
-2.12 -2.12
-1.20 -1.20
0.44 0.44
0.95 0.95
0.06 0.06
0.37 0.37
