-0.90 -0.68
0.31 -1.61
0.08 -0.21
1.05 -0.94
-0.80 -0.81
-0.04 -0.24
-1.41 0.68
-0.13 -0.27
1.05 1.98
-0.31 1.00
-0.48 0.70
0.71 0.95
1.46 -0.76
-0.41 -0.95
-0.08 -0.39
0.15 1.66
-0.34 -1.04
-1.21 1.65
1.40 0.02
0.99 -0.82
1.21 -0.55
1.13 0.01
-0.47 0.01
-1.21 -0.88
0.21 -0.80
-0.09 -1.06
-1.83 0.02
0.76 -0.24
-0.46 1.86
-1.93 -0.20
-0.97 1.92
0.01 -0.60
0.42 -1.36
0.53 -0.62
-0.99 -0.39
0.69 -1.16
0.11 -0.05
0.38 0.62
-2.34 1.31
-0.85 -0.11
-0.76 0.15
-0.58 2.18
0.58 1.53
0.57 0.04
-0.63 0.11
0.39 -0.70
-0.43 1.80
1.31 -1.82
1.15 -0.46
0.69 -0.29
2.17 -0.86
1.86 -2.32
-0.05 1.02
-0.46 0.79
0.76 -1.57
-0.90 0.46
-1.32 1.85
0.47 0.61
0.35 0.20
-1.35 0.84
2.27 -1.39
-1.24 1.01
0.29 0.59
0.16 0.21
-0.50 0.67
0.50 -0.02
-1.65 -0.47
0.90 -0.02
0.25 0.54
0.53 -0.45
2.63 -1.24
1.18 -0.38
-1.59 0.29
-0.89 2.12
-1.74 -0.48
-0.41 0.80
-1.04 -0.40
0.86 -1.27
1.03 0.63
0.58 0.25
1.36 0.04
-0.83 0.67
-0.66 0.38
-0.21 2.72
-0.73 1.34
-0.74 -0.60
-0.66 0.16
0.61 -0.24
1.17 -0.27
0.16 0.50
