-0.41 0.38
2.81 -2.27
0.78 -0.46
-1.67 1.66
-0.41 1.40
0.91 -1.06
1.87 -1.45
-1.21 0.33
-0.64 0.13
0.46 -0.19
-0.38 0.38
0.71 -2.00
-0.09 -1.41
0.37 -1.22
0.16 -0.45
0.02 -0.85
0.40 -0.25
-1.47 0.78
1.10 -0.59
-0.12 -0.78
0.28 -0.60
-1.71 0.61
0.20 -0.04
0.40 0.55
-0.14 0.16
0.55 -0.39
-0.65 -0.27
-1.15 0.69
-1.18 1.66
1.41 -1.62
-0.81 1.05
0.96 -0.37
0.92 -0.88
-0.51 1.56
1.52 -1.13
-1.33 2.00
-1.46 1.04
-0.73 0.54
0.77 -0.08
1.36 -0.84
0.04 -0.19
-0.34 0.92
0.16 -0.81
-1.08 0.19
-2.13 1.36
-0.17 0.36
0.43 -1.11
-0.78 0.45
0.30 0.50
0.62 -1.54
