0.13 0.84
1.80 1.15
-0.27 0.72
-1.57 -1.73
-1.21 0.39
1.55 0.78
0.06 0.49
0.44 -0.24
1.81 1.79
-0.63 -0.97
0.23 -0.32
-1.39 -0.19
-0.61 -0.54
-0.16 -0.07
-0.43 -1.54
0.81 -0.39
1.84 1.09
0.43 0.40
0.23 -0.07
-1.11 -0.55
-1.75 -0.93
-1.15 -0.29
0.16 0.54
-0.83 -2.32
-0.43 -1.05
-0.06 -0.96
-0.56 -0.76
0.26 1.14
-0.93 -1.91
-1.31 -0.89
0.21 -0.50
0.21 0.24
0.22 0.59
-0.10 -0.15
0.74 1.73
0.36 -0.12
0.73 0.91
-1.55 -1.97
-1.01 -1.08
-0.81 0.01
-0.37 -0.23
0.71 1.04
-0.76 -0.19
-1.05 -1.09
0.88 0.31
0.85 0.38
-0.87 -0.66
1.28 1.58
-0.75 -0.07
0.24 0.25
0.54 0.34
-0.44 -0.10
1.35 1.58
1.27 0.36
-0.24 -1.08
0.02 -0.82
-0.33 -0.83
-0.74 -0.61
-1.41 -1.85
0.88 1.08
0.30 -0.25
-2.34 -1.90
-1.27 -0.64
-0.88 -0.28
-1.37 -1.49
-0.54 -0.78
1.82 0.68
0.41 0.14
-1.55 -0.80
1.10 1.65
0.24 -0.05
-0.94 -0.50
-0.53 -0.75
-1.49 -0.51
0.36 0.73
1.18 1.00
-0.56 -0.14
-0.80 -1.22
0.84 1.70
-1.43 -1.82
0.35 0.65
-0.09 0.68
-2.06 -1.88
1.47 0.71
-0.75 -0.53
-1.90 -1.34
-1.34 -2.34
-0.19 -0.54
2.77 2.39
-0.06 -0.39
-0.41 0.28
0.88 0.34
0.20 0.30
-1.12 -0.93
0.96 2.18
-0.98 -0.22
0.47 -0.66
1.25 0.26
-0.07 -0.08
0.13 -0.23
