0.79 -0.19
1.39 -1.53
-0.90 1.58
0.23 1.74
-0.52 -0.03
-0.58 1.16
0.28 0.57
2.21 -0.80
-1.22 1.59
1.08 -0.40
0.47 -0.53
-0.76 -0.09
1.87 -0.05
1.02 -1.54
0.47 -1.32
2.45 -0.20
0.54 -1.04
0.61 -0.68
-1.25 -0.37
-0.88 -1.10
1.82 -0.93
1.05 0.43
0.13 0.06
0.80 1.09
-0.98 -1.16
-1.46 0.94
-0.48 1.07
0.76 0.96
0.30 -0.01
0.38 -0.35
-0.18 0.43
-0.79 0.83
-0.43 -0.23
-0.25 -1.52
-0.15 0.03
-0.40 0.65
-0.21 -1.34
-0.28 0.40
-0.86 -0.69
-0.05 -0.08
-0.35 0.60
0.07 0.47
-0.68 1.77
-0.29 -1.31
-1.22 1.15
-2.13 1.15
-0.50 0.22
1.45 -0.43
0.74 0.99
1.12 -0.27
0.57 -0.51
-1.62 -0.32
0.97 -0.75
-1.95 1.60
-0.43 0.58
0.55 -0.45
0.25 -0.19
-0.01 -0.46
2.48 -1.22
1.92 -2.23
0.90 -0.40
0.37 -0.88
0.25 -0.52
-1.40 1.87
-1.19 1.23
-0.62 0.50
0.49 0.55
0.28 0.92
-0.09 0.71
-0.79 1.62
-0.64 0.52
-0.92 -0.30
-1.04 0.27
-0.94 -1.34
2.10 -2.33
-0.52 0.62
0.24 -1.45
0.42 -1.59
-0.37 -0.08
-0.45 -0.74
-1.63 2.52
-0.78 0.76
-0.56 2.12
1.35 0.00
-0.09 0.12
0.25 -0.74
-0.26 1.08
-2.25 -0.60
0.64 0.32
1.15 -2.16
-0.24 0.17
1.90 -1.20
0.97 -0.55
-0.28 -0.36
-0.21 0.02
-0.69 -0.41
-0.76 0.62
-1.17 1.09
-0.25 0.84
-0.15 -0.61
