1.68 1.52
0.17 1.28
-0.50 0.36
-0.69 -0.83
0.43 0.20
0.80 0.28
0.49 0.87
1.06 -0.32
-0.38 -0.67
0.50 0.01
2.72 2.41
-1.07 -0.05
0.48 -0.67
0.98 0.40
-1.94 -1.68
-1.63 -1.15
0.97 0.88
1.35 1.24
-0.22 -1.48
0.96 1.74
0.46 0.66
1.32 1.41
-1.34 -1.01
0.66 -0.57
-1.15 -0.26
0.73 0.74
-0.45 0.17
1.72 2.48
1.03 0.46
-0.39 0.51
-1.18 -1.69
0.29 0.77
-1.20 -0.51
0.07 -0.78
1.16 0.94
0.30 0.18
1.10 1.03
0.65 0.21
-1.15 -0.61
0.40 0.13
-0.82 -0.99
-1.53 -1.86
0.46 0.59
-0.33 -1.28
0.92 1.02
0.93 0.52
-0.94 -0.72
0.48 0.54
0.48 0.56
-0.98 0.41
