-0.22 0.44
0.30 -0.22
1.02 0.43
-0.48 -1.11
1.43 -0.03
1.43 1.04
-0.33 0.92
0.30 1.49
0.83 0.11
0.99 -0.88
0.65 -0.57
0.04 -0.17
0.29 -0.73
-1.04 -1.85
0.37 0.90
0.03 -0.45
-0.91 -0.87
-0.16 0.11
-0.14 1.15
0.56 -1.70
-0.30 -0.32
-0.17 0.04
0.94 -0.82
1.91 -0.23
0.63 -1.40
-0.36 -0.17
0.27 1.09
0.31 0.05
0.69 -0.58
0.36 0.92
0.40 0.43
0.12 1.37
-0.07 0.83
1.64 -0.07
1.63 -0.02
-2.53 0.70
-0.66 0.75
-1.03 -2.50
-1.69 -1.54
-0.88 0.44
-0.84 0.63
-1.20 -0.26
-1.21 -0.95
0.67 0.90
-1.28 0.11
0.09 1.98
-2.28 -0.66
-1.63 1.91
0.08 0.54
1.77 -2.20
