-0.37 0.36
-1.14 -0.53
0.14 1.14
-1.02 1.15
-0.26 0.15
0.19 -0.86
1.01 -1.52
-0.15 0.27
-0.04 -0.73
0.24 0.66
0.25 0.97
0.90 -0.65
-1.37 -0.32
-0.07 -0.70
1.83 -0.58
-0.56 0.45
-3.14 2.40
0.29 0.26
0.94 -2.49
-1.88 2.09
-0.54 0.17
-1.10 0.45
-1.13 0.76
0.48 0.96
0.45 -1.23
0.03 0.17
1.26 0.49
0.07 1.61
-1.47 0.42
-1.16 0.38
-0.09 -0.58
0.93 -1.72
-0.13 0.33
-1.05 -0.24
0.51 -0.34
0.49 -0.44
-1.42 1.24
0.83 0.26
-0.07 0.48
-1.43 1.66
0.83 -0.90
-0.51 -0.19
0.14 -1.01
2.77 -2.09
0.02 -1.22
0.81 0.50
0.53 0.79
0.06 0.51
0.82 0.11
-0.16 -0.60
