1.13 -0.21
-0.28 -1.04
0.46 0.37
-1.20 -2.24
0.65 -0.36
1.05 -0.09
1.30 -1.10
-0.30 1.12
-0.34 0.60
-2.37 -1.15
-1.28 -1.29
1.13 -0.66
-1.03 1.05
-0.51 1.09
1.89 0.20
-0.61 0.43
0.95 -0.89
-0.12 -0.25
-0.15 0.93
0.66 -0.63
-1.40 0.42
-1.20 -1.41
0.86 1.78
0.65 0.27
-0.67 0.42
0.67 0.97
0.96 0.57
-0.44 0.59
0.51 -1.77
0.76 -0.05
0.83 -0.15
0.37 -0.46
0.09 0.53
-0.10 -1.44
0.35 1.07
-1.23 0.63
-1.66 0.94
-1.29 -1.63
-1.04 0.81
-1.93 -0.34
0.39 0.67
1.20 1.09
0.02 -0.59
-1.48 -0.66
-0.70 0.34
0.01 0.90
-0.46 -2.02
-0.87 -1.01
-0.11 -1.12
-1.94 -1.48
-0.75 0.35
1.01 0.68
0.93 -0.30
1.20 -0.31
-2.11 -0.44
1.66 0.81
-0.21 0.82
-0.46 0.62
-0.71 0.09
-0.15 1.08
-0.20 -1.58
-0.24 -1.93
-0.13 0.31
-0.44 0.87
0.23 0.67
0.08 0.51
0.74 0.32
1.06 1.54
-0.28 -0.03
0.36 0.62
-0.27 -1.70
-2.09 -1.19
-0.26 -0.55
0.72 0.79
-1.63 0.39
-2.50 0.02
-0.74 -0.52
-0.74 -0.69
-1.59 -1.20
-0.85 0.69
-1.63 -1.43
-1.60 -0.77
0.44 -1.22
0.56 1.02
1.27 0.69
-0.95 0.17
-1.29 -2.13
-0.76 -2.21
-0.44 0.47
0.96 -1.08
1.23 -0.20
1.31 0.33
0.99 -0.28
1.10 2.83
0.64 -0.88
-0.12 0.30
1.01 -0.76
-0.05 -0.20
0.97 1.94
0.04 0.47
