-0.67 -0.67
0.33 0.33
-0.74 -0.74
1.68 1.68
-1.00 -1.00
1.57 1.57
0.43 0.43
1.16 1.16
0.01 0.01
1.67 1.67
0.01 0.01
2.15 2.15
-0.29 -0.29
-0.01 -0.01
0.15 0.15
0.88 0.88
0.39 0.39
-0.39 -0.39
0.67 0.67
0.45 0.45
1.80 1.80
-0.50 -0.50
0.55 0.55
0.43 0.43
-0.09 -0.09
0.93 0.93
-0.39 -0.39
-0.50 -0.50
-1.33 -1.33
-1.06 -1.06
-0.88 -0.88
-1.26 -1.26
-0.73 -0.73
0.20 0.20
0.23 0.23
-0.28 -0.28
1.32 1.32
0.44 0.44
-1.74 -1.74
-1.75 -1.75
-0.02 -0.02
-0.73 -0.73
-0.61 -0.61
-0.51 -0.51
-1.15 -1.15
0.33 0.33
-0.85 -0.85
-1.16 -1.16
0.02 0.02
2.35 2.35
0.18 0.18
-1.10 -1.10
0.22 0.22
-0.76 -0.76
1.46 1.46
1.20 1.20
-0.25 -0.25
-0.87 -0.87
-3.00 -3.00
-0.25 -0.25
0.29 0.29
1.06 1.06
-0.60 -0.60
-0.81 -0.81
-0.09 -0.09
-0.25 -0.25
-1.18 -1.18
1.58 1.58
-0.92 -0.92
0.04 0.04
-0.36 -0.36
0.71 0.71
0.69 0.69
1.94 1.94
0.52 0.52
-0.58 -0.58
0.59 0.59
-0.33 -0.33
1.17 1.17
0.93 0.93
-0.92 -0.92
-0.28 -0.28
-0.97 -0.97
0.73 0.73
0.41 0.41
-1.98 -1.98
-1.25 -1.25
-1.83 -1.83
-0.30 -0.30
-0.78 -0.78
