1.24 0.15
-0.99 -0.26
0.14 1.09
-0.17 2.14
0.73 0.40
0.88 1.41
-1.10 -2.23
0.83 2.24
0.15 0.13
-0.32 -0.48
-1.97 -1.33
-0.61 -0.18
0.50 -0.38
-1.67 0.95
2.08 0.25
-0.54 0.76
-0.78 0.23
1.16 -0.10
-0.78 0.85
-0.97 -1.12
0.59 0.08
1.54 1.31
-1.13 -1.30
1.30 1.21
-0.76 -0.40
2.19 1.14
1.00 0.42
-1.95 -1.83
-0.04 1.21
2.00 1.11
-0.33 1.56
-0.85 -1.39
-0.31 -0.72
-0.37 0.13
-0.70 -0.62
-0.57 -0.48
-0.54 -0.13
0.54 0.45
-0.15 1.59
0.32 -1.03
0.28 -0.39
0.88 1.43
0.19 0.87
0.95 -0.13
0.01 1.01
1.08 -0.43
-0.78 -0.29
0.97 0.25
-1.32 -1.07
0.29 -0.26
