1.22 1.22
1.48 1.48
1.87 1.87
-0.63 -0.63
0.08 0.08
-1.14 -1.14
-0.31 -0.31
0.50 0.50
1.58 1.58
0.13 0.13
0.06 0.06
-1.82 -1.82
2.02 2.02
0.25 0.25
1.09 1.09
-0.61 -0.61
0.86 0.86
0.60 0.60
-1.49 -1.49
0.95 0.95
-0.81 -0.81
0.14 0.14
0.44 0.44
0.44 0.44
-0.21 -0.21
-0.17 -0.17
0.86 0.86
0.08 0.08
-0.15 -0.15
-0.00 -0.00
0.65 0.65
-0.30 -0.30
1.59 1.59
0.27 0.27
3.01 3.01
0.45 0.45
0.83 0.83
1.00 1.00
-0.30 -0.30
-0.91 -0.91
0.58 0.58
-0.27 -0.27
2.58 2.58
0.08 0.08
-0.32 -0.32
0.58 0.58
-0.45 -0.45
-0.66 -0.66
0.77 0.77
-1.91 -1.91
