0.38 -0.38
0.04 -0.04
1.35 -1.35
0.69 -0.69
-0.97 0.97
0.45 -0.45
0.49 -0.49
-0.65 0.65
0.06 -0.06
0.02 -0.02
-0.97 0.97
0.87 -0.87
-0.45 0.45
1.26 -1.26
0.64 -0.64
1.18 -1.18
-0.79 0.79
-0.63 0.63
0.45 -0.45
-0.60 0.60
0.47 -0.47
-0.10 0.10
0.53 -0.53
-0.57 0.57
-0.17 0.17
-1.62 1.62
-0.57 0.57
-0.19 0.19
0.03 -0.03
0.82 -0.82
2.79 -2.79
-1.03 1.03
-1.67 1.67
-1.93 1.93
1.25 -1.25
-1.10 1.10
-0.68 0.68
0.47 -0.47
-0.39 0.39
0.15 -0.15
-1.85 1.85
-0.28 0.28
-0.98 0.98
0.93 -0.93
-1.09 1.09
0.00 -0.00
0.84 -0.84
0.55 -0.55
0.35 -0.35
-0.05 0.05
-1.67 1.67
-0.56 0.56
0.12 -0.12
-0.01 0.01
-1.53 1.53
-0.68 0.68
-0.21 0.21
-2.55 2.55
0.06 -0.06
-0.42 0.42
-0.05 0.05
1.46 -1.46
0.80 -0.80
-0.80 0.80
-1.56 1.56
-0.23 0.23
-1.62 1.62
0.66 -0.66
-0.69 0.69
-0.59 0.59
1.47 -1.47
2.06 -2.06
-0.94 0.94
-1.17 1.17
1.09 -1.09
2.11 -2.11
-0.76 0.76
-0.48 0.48
0.74 -0.74
-2.07 2.07
-0.19 0.19
0.57 -0.57
1.38 -1.38
-1.35 1.35
-0.36 0.36
-1.10 1.10
0.11 -0.11
0.87 -0.87
-0.59 0.59
-0.61 0.61
