-0.75 -1.05
0.80 -0.23
1.15 -0.57
0.26 -0.71
-0.60 1.35
1.78 -0.30
0.42 -0.70
1.33 0.93
0.09 -0.91
-0.40 -2.29
0.94 -2.19
1.35 0.00
-0.67 -1.45
2.24 0.78
-0.04 -0.44
-0.83 -0.82
-1.16 -0.59
1.15 0.29
-1.78 -0.24
-0.66 -0.13
1.28 -0.74
-0.14 -0.55
0.10 0.44
-0.34 0.44
-0.09 2.67
0.66 0.20
0.24 0.64
-0.81 1.68
-0.73 -0.80
-0.29 -0.38
-0.77 0.44
-0.38 -0.46
-0.08 0.19
-0.10 0.08
0.29 0.09
0.31 0.37
0.26 0.65
0.18 1.10
1.12 1.15
0.84 0.02
0.63 1.77
-2.39 -0.13
1.83 0.61
-0.14 -1.10
0.61 -1.30
-0.47 0.39
0.09 -1.00
-1.24 0.50
-1.34 0.37
-0.84 0.20
-1.65 -0.14
-0.44 -0.34
0.36 -0.41
2.16 -1.50
0.55 -2.44
0.27 -0.53
-0.35 1.00
0.25 -2.07
1.09 0.13
0.74 1.05
0.53 1.44
0.19 1.06
-0.28 1.35
1.22 0.80
0.13 -0.99
1.52 0.64
-2.93 -1.42
-0.25 0.43
-2.06 -1.11
-0.30 0.18
-0.79 1.02
0.64 -0.79
-0.49 -0.85
0.40 0.87
1.52 -0.26
1.16 0.49
-0.29 1.09
1.18 -0.49
-1.96 0.16
0.20 1.13
-0.11 0.69
-1.64 1.07
1.23 -0.26
-1.26 0.01
-0.27 -0.17
-1.61 -1.96
0.34 -0.83
1.01 0.40
0.39 -1.33
0.88 0.04
-0.56 -0.03
0.98 -1.62
-0.83 1.25
-0.19 -0.87
0.44 -1.02
2.03 -1.28
-0.94 1.56
0.71 0.54
0.54 -0.21
-0.29 2.35
