0.52 -1.41
-0.03 1.14
-2.15 -0.48
0.46 0.34
1.22 -0.43
-1.20 0.11
0.31 1.55
-1.20 0.19
1.17 -0.65
0.44 -1.19
-0.53 0.99
-1.21 0.07
-0.20 -0.15
-0.55 -1.56
-0.41 0.72
-0.72 -0.35
-0.23 -0.37
-0.48 -1.66
0.78 -1.75
-0.40 0.36
1.30 0.19
-0.05 -0.25
1.04 0.00
1.85 -0.66
-0.48 0.75
0.84 0.65
0.51 1.43
0.75 -0.67
-1.06 0.32
0.66 3.08
-0.29 0.88
0.71 1.49
-1.27 0.34
-0.19 1.35
1.38 0.68
-1.67 -0.68
-0.31 -2.55
1.79 0.24
-1.13 -0.04
0.60 0.35
1.75 -0.52
-0.73 0.45
-0.58 -1.63
-0.74 0.18
0.04 -1.32
-0.38 0.13
0.11 1.31
-0.86 -0.75
-0.24 1.19
-1.09 -0.88
-0.81 -0.43
1.02 -0.93
-1.34 -0.61
2.42 0.03
0.95 -1.70
-0.00 0.48
0.17 -1.47
0.21 1.01
0.50 -0.97
0.14 0.43
-0.69 0.94
1.65 -0.85
0.64 -0.02
-1.20 0.31
-1.03 -0.55
-0.39 1.53
1.15 -0.23
0.01 -1.63
-0.23 -0.79
1.01 -2.27
0.07 0.63
-0.78 -0.00
1.17 0.29
0.79 -0.05
-0.73 -0.05
-0.34 0.94
0.92 -0.77
-0.88 -0.09
1.85 -0.02
-0.88 0.56
-2.05 0.12
-1.35 0.90
0.99 0.88
1.30 1.16
-0.38 -0.80
-0.93 1.40
-1.98 1.12
-1.06 1.95
-1.53 1.14
-1.40 -0.57
