-0.25 -0.59
0.28 -0.42
-0.18 -0.46
-1.33 1.07
1.17 0.59
-0.76 0.75
0.34 0.28
0.34 -0.52
-0.10 -1.34
0.25 0.45
-0.30 -0.59
-0.19 0.32
1.61 -1.78
0.96 -0.87
-1.22 0.81
-0.83 1.55
0.76 -2.25
0.93 -0.66
-0.02 1.25
1.85 -0.84
0.75 -1.38
0.77 -0.61
0.29 -0.50
-0.02 0.15
-0.50 1.00
-1.43 0.95
0.51 -1.76
1.17 -0.44
-0.57 -0.74
-0.78 0.27
-2.17 1.60
0.60 -0.11
-0.28 -0.14
-1.56 0.65
-1.97 2.37
1.28 0.60
-1.07 0.83
0.20 -0.80
1.03 -1.87
2.41 -1.86
1.00 -0.37
-0.08 -0.66
-0.84 1.25
0.97 -0.57
0.76 0.65
-1.12 0.88
0.46 -0.33
1.07 -0.25
-0.93 0.24
-1.11 0.61
