-0.30 0.30
0.57 -0.57
-0.41 0.41
-0.13 0.13
0.72 -0.72
-0.31 0.31
1.22 -1.22
-0.40 0.40
-0.53 0.53
-1.79 1.79
-0.68 0.68
2.88 -2.88
1.41 -1.41
-0.53 0.53
0.60 -0.60
2.08 -2.08
1.35 -1.35
1.16 -1.16
1.81 -1.81
-1.23 1.23
0.76 -0.76
-0.42 0.42
-0.06 0.06
0.46 -0.46
-0.12 0.12
-1.03 1.03
-1.35 1.35
0.65 -0.65
0.42 -0.42
0.35 -0.35
0.18 -0.18
-0.24 0.24
-0.18 0.18
-0.47 0.47
-0.55 0.55
2.31 -2.31
0.12 -0.12
-0.97 0.97
-0.80 0.80
-0.48 0.48
-0.35 0.35
1.21 -1.21
1.00 -1.00
-0.47 0.47
0.11 -0.11
-1.40 1.40
-0.84 0.84
0.54 -0.54
1.27 -1.27
1.28 -1.28
