-0.72 -0.10
-0.38 1.05
-0.63 -0.94
1.53 0.52
0.28 -0.48
-1.01 -0.20
-1.48 -1.90
-0.78 0.01
-1.13 -1.10
-1.12 -1.71
-0.16 -0.28
0.52 -0.60
-0.24 0.45
-0.99 -1.60
-1.46 -0.59
0.05 0.24
0.01 -0.42
0.12 0.20
1.76 1.32
-1.58 -1.97
-1.52 -1.65
0.98 1.67
-0.04 -0.74
0.07 0.72
-0.10 -0.52
-0.74 -0.09
1.42 0.47
0.99 0.26
1.33 1.24
0.64 0.97
2.35 0.79
-0.56 -0.81
-1.00 -1.25
-0.82 0.04
-0.47 -0.74
0.95 1.30
-0.23 -0.16
0.32 -0.98
2.55 1.47
-2.71 -2.60
0.17 0.21
-0.51 -0.11
-1.33 -0.51
-1.05 -0.51
0.58 0.29
0.82 0.91
-2.09 -1.58
0.46 1.28
0.83 0.44
0.27 -0.29
-1.36 -1.24
-1.57 -1.06
-0.61 -1.30
0.43 0.50
1.11 1.21
-0.54 -0.45
-0.39 -0.08
0.23 -0.15
-2.35 -1.96
-1.54 -1.34
1.03 2.03
0.16 0.53
-0.17 -1.36
-1.72 -0.98
0.11 0.73
0.52 0.83
-0.75 -1.41
-0.23 0.83
1.18 0.91
-0.20 -0.47
0.49 0.32
0.96 0.64
0.25 1.04
-0.67 0.58
-0.37 0.30
0.82 0.50
-0.75 -0.54
0.45 0.21
0.70 0.72
0.62 1.40
0.13 0.20
-1.07 -1.49
-1.09 -0.76
1.89 1.62
0.42 1.22
-0.48 -0.31
0.54 0.78
0.20 0.47
-1.66 -1.57
0.66 0.63
-0.65 -0.14
0.31 -1.35
-0.48 -0.08
0.96 0.13
-1.48 -2.91
-0.70 -0.76
-0.48 -0.37
0.01 0.17
-0.26 -0.34
-1.61 -0.62
