0.41 0.01
1.16 -0.14
-1.11 1.06
0.99 0.12
-0.08 0.13
0.68 -0.43
-0.55 0.27
1.16 -0.06
-1.48 0.38
-0.10 2.00
-1.07 0.38
2.67 -1.08
-1.53 1.35
-0.62 -1.26
2.05 -1.11
1.18 -1.74
-1.40 0.73
-0.14 0.17
-0.52 -0.11
0.03 -0.50
-0.35 -0.50
1.17 0.55
-0.89 1.64
-0.78 0.06
0.07 -0.15
-0.23 -0.18
0.80 0.17
-0.78 -0.90
-0.48 0.37
1.07 -0.88
0.75 -1.36
-1.48 0.63
0.05 0.49
0.01 -0.00
-0.63 -0.80
-1.04 1.64
-1.19 1.68
0.26 -0.13
-0.69 0.61
0.64 -1.51
-1.33 1.24
0.52 -0.89
-0.24 0.52
0.88 -1.51
-1.65 1.48
-0.34 2.10
0.46 -0.18
0.44 -0.63
-2.00 1.36
-0.70 0.39
-1.15 0.96
0.62 -0.05
-0.71 0.15
0.30 -0.54
-2.07 1.95
1.33 0.09
-0.01 -1.17
-0.55 -0.45
0.50 -1.33
2.00 -1.23
-0.52 0.50
0.97 -0.02
0.17 -0.90
1.43 -0.69
-0.72 0.91
0.20 -0.67
-0.71 0.09
0.08 0.58
-1.08 0.33
1.51 -2.55
-1.40 1.07
1.40 -0.17
0.32 -0.74
0.08 1.17
-0.57 -0.42
-1.55 0.63
-1.95 0.51
-0.88 -0.82
0.08 1.00
0.68 -2.09
-0.45 0.65
-0.32 0.06
-1.52 -0.45
-2.48 2.23
0.43 -0.22
-0.52 1.20
0.38 -0.40
0.05 -1.61
0.86 -0.78
-0.80 1.24
1.90 -1.99
-1.37 0.01
0.08 -0.48
-1.00 -1.29
-0.85 1.23
0.85 0.41
0.30 0.54
0.03 0.43
0.61 -1.52
-0.48 -1.54
