0.35 2.24
-1.27 -0.08
-0.79 -0.98
-0.31 0.73
0.89 0.02
-1.66 -0.86
0.29 -0.84
0.56 0.73
1.75 -0.34
0.36 -0.57
-0.77 -1.83
1.51 0.73
1.84 1.06
-1.43 -0.37
-0.66 -1.37
0.90 0.42
1.73 0.12
0.84 0.53
0.21 0.59
0.80 -0.28
0.65 0.55
0.52 0.25
-0.16 0.74
0.36 0.07
1.21 1.66
-1.43 -1.95
-1.34 -1.00
-0.16 -0.79
-0.72 -0.95
0.13 -1.22
0.37 -0.19
-0.36 1.28
-0.33 -1.01
-0.55 -1.54
-0.08 0.47
-1.16 0.84
-0.73 -1.68
0.13 0.91
0.06 -0.32
-1.68 -0.37
2.22 2.34
0.24 0.46
-1.63 1.00
-1.00 -0.56
-1.19 -1.02
-1.14 0.40
1.08 -0.24
-0.11 1.87
0.87 0.85
-0.28 -0.20
-1.00 -1.81
-1.65 0.08
-0.76 -1.63
0.83 -0.71
0.47 -0.47
0.16 0.59
0.56 -0.32
-0.36 -1.06
-1.12 -0.05
-1.51 0.38
-0.35 1.27
-0.32 0.36
-1.47 -1.08
-1.11 -0.32
1.78 1.09
-0.14 0.61
0.65 0.58
0.92 0.70
0.03 1.45
1.00 0.57
0.01 1.18
0.68 1.35
1.50 1.68
-0.76 -0.37
0.70 0.37
1.04 0.33
0.09 -0.51
0.06 0.01
-0.16 -1.56
0.68 1.26
1.42 0.44
0.82 1.86
-0.97 -0.77
2.21 -0.11
-1.13 -1.42
1.04 1.72
0.75 0.55
0.06 -0.66
3.03 1.73
0.69 0.77
-0.84 -0.38
-0.19 -0.36
1.05 -0.55
-1.51 -1.27
0.68 -0.40
-0.01 -1.11
0.30 -1.34
0.05 0.96
-0.31 0.78
1.39 1.51
