0.92 -1.27
2.68 -1.70
-0.93 1.62
-0.11 0.10
-1.10 1.28
-1.27 2.11
-2.02 1.37
0.26 0.16
1.19 -1.25
-0.21 0.19
-1.91 2.20
-1.28 1.28
0.37 -0.94
0.86 -1.28
-0.90 0.56
-1.12 0.90
0.97 -1.67
1.49 -1.87
0.89 -1.27
-1.17 0.81
-0.19 0.74
1.26 -0.47
-0.46 0.31
0.54 -0.74
-0.22 0.20
1.53 -1.91
-0.92 1.22
0.17 -0.54
-0.27 0.40
0.24 0.10
-0.78 1.17
0.11 -1.01
-0.05 -0.28
-0.73 0.76
0.52 0.04
-1.45 1.38
1.17 -0.92
0.07 -0.78
0.97 -1.10
-1.42 1.21
-1.08 1.29
1.10 -0.85
1.35 -1.27
1.42 -0.95
2.41 -2.32
-0.07 0.59
-0.75 0.35
-0.86 0.63
0.46 -0.06
-1.14 1.35
0.55 -0.92
0.87 -0.40
0.25 0.45
0.25 -0.24
-1.58 1.54
0.57 -0.23
-0.23 0.51
-0.32 0.09
-0.09 0.17
0.92 -1.02
-0.24 1.55
0.43 -0.20
1.26 -1.56
-0.13 0.01
0.58 -0.08
-0.63 0.16
0.85 -1.14
0.12 -0.06
0.78 -1.31
-0.32 -0.32
-1.26 0.43
0.74 -0.64
2.33 -1.46
-0.38 0.61
-0.05 0.32
1.10 -0.62
-1.01 0.69
0.62 -0.11
-0.16 -0.21
-1.12 0.97
-1.47 0.49
-0.57 -0.18
-1.43 1.21
0.70 -0.98
1.57 -1.09
0.30 -0.32
-1.29 1.09
-0.21 0.47
0.02 -0.50
0.35 -0.12
-0.70 -0.14
-1.89 1.81
-0.56 1.10
-0.76 1.14
-1.31 1.69
0.78 -1.03
-0.91 0.24
-0.06 0.10
0.70 -0.66
1.48 -1.22
