-0.51 -0.52
-0.68 -1.13
0.96 0.48
-0.19 -0.70
0.44 0.33
0.60 -0.66
-2.42 -2.70
-0.59 0.68
-0.46 -0.72
1.05 0.57
0.80 0.64
-0.76 -0.93
0.78 0.15
-2.54 -2.14
-1.27 -0.65
-1.59 -1.40
-0.81 -0.49
1.29 0.97
-0.19 0.21
0.66 0.32
-0.80 -0.55
1.67 0.98
-1.48 -1.09
0.15 -0.31
0.38 0.17
-0.09 0.31
0.17 0.52
-0.19 0.13
1.42 1.59
3.11 3.26
0.00 -0.34
0.64 1.02
-1.45 -0.70
0.97 1.11
1.20 1.71
-0.85 -0.39
1.20 1.60
-0.11 -0.23
1.15 0.90
0.63 0.38
-1.02 -0.47
2.63 2.73
-0.61 -0.36
-0.13 -0.55
0.16 1.00
0.14 0.08
-0.97 -2.04
0.53 0.27
-0.60 -0.87
-0.40 -0.00
0.77 0.44
-1.24 -1.14
-0.37 -0.89
0.39 0.06
0.89 0.21
-0.19 -0.32
0.24 0.12
-0.26 -0.43
-0.46 -0.99
-1.18 -1.53
0.89 0.68
2.01 1.27
-0.52 -0.32
0.95 1.21
0.95 0.68
-0.62 -0.78
-1.84 -2.34
0.48 0.88
0.74 0.46
1.29 0.55
0.09 0.24
-0.64 -0.75
-0.34 0.19
-0.20 -0.48
0.73 0.78
2.09 1.66
-0.20 0.02
-0.62 0.14
0.16 0.32
0.01 0.07
-1.13 -1.67
0.06 0.03
-0.77 -0.51
-0.11 -1.00
2.28 1.90
0.30 -0.29
-0.87 -0.60
-1.77 -2.47
-0.64 -0.39
0.59 0.67
-0.01 0.50
0.46 -0.03
0.99 0.06
-0.58 -0.98
-0.39 -0.45
0.11 0.33
-0.38 -0.37
-0.24 0.15
0.24 0.88
-0.95 -0.63
