0.88 0.73
-0.82 -2.89
0.66 -0.63
0.34 0.52
-0.46 -0.87
0.59 0.01
0.15 0.22
-0.06 0.56
-0.12 -1.78
1.50 -0.74
1.24 2.47
0.34 0.24
-1.19 -0.38
-1.05 -0.88
0.75 0.95
-0.45 0.65
-1.41 0.73
-0.20 0.09
1.85 -0.92
0.66 0.59
1.95 -1.27
0.86 -0.50
2.57 0.25
-0.31 0.09
0.40 0.50
-1.20 -2.12
0.81 -0.71
0.72 0.27
1.87 -0.37
-1.26 -0.76
0.49 1.60
0.96 -0.04
1.19 -0.23
-1.25 -1.08
-1.85 0.01
-1.11 -1.02
0.13 1.18
-0.26 -1.72
0.93 1.25
-1.11 -0.09
0.34 0.33
-0.02 0.08
1.05 -0.03
-0.15 0.40
-0.66 -2.79
0.85 -1.40
-1.97 -1.13
0.21 -0.81
-0.33 -0.73
0.39 -1.78
-1.82 -1.71
-0.50 0.45
0.47 0.09
-2.76 -0.52
-0.11 0.28
-0.56 -0.15
0.30 0.86
0.25 0.44
0.35 -0.13
-0.35 -1.02
1.20 2.34
0.08 -0.72
0.69 -0.35
0.46 1.36
0.86 0.60
1.17 -0.18
-1.12 0.48
-0.23 0.11
-0.87 0.37
-1.15 -0.85
0.42 -0.78
2.53 1.28
-0.24 -0.54
-1.04 0.15
-0.52 0.79
0.01 -1.11
-0.80 -0.45
-0.62 0.26
-0.36 1.90
1.78 -0.14
0.37 1.65
1.65 1.67
-0.32 0.29
0.76 0.24
-0.18 0.78
0.94 0.41
-0.57 0.69
-0.24 -0.81
-0.90 0.14
0.70 0.72
