-1.06 0.18
-0.01 0.70
-1.57 2.14
0.55 -1.03
0.60 1.91
-0.88 -0.77
0.76 -0.55
1.07 -0.62
1.49 -0.02
1.18 -0.47
-2.64 1.56
0.56 0.39
1.95 -1.61
0.82 -1.95
1.56 0.64
-0.44 -0.47
-0.95 0.94
-0.62 -0.31
0.26 0.53
-1.47 1.41
-1.28 -0.07
-0.43 1.02
0.64 0.35
-0.79 2.10
0.62 -0.51
0.15 0.12
0.98 0.38
1.04 -1.33
-0.85 0.48
-0.36 -0.82
-1.33 -0.41
-0.67 0.19
-0.04 2.13
0.18 0.26
-1.51 -0.31
0.91 0.30
-0.21 0.52
-0.38 -0.06
-1.67 -0.18
-0.17 0.20
-0.31 0.94
-1.88 0.31
-0.11 0.98
1.76 -0.01
1.56 -1.53
-0.17 0.08
-1.02 -0.53
0.94 0.63
1.03 -0.57
-0.70 0.99
0.00 0.35
-0.48 0.14
-1.37 0.58
0.40 1.31
-0.73 0.44
-0.02 2.73
-0.06 -1.16
0.24 -0.18
-0.46 1.78
1.51 -0.42
-0.80 0.03
-0.58 1.72
0.21 0.26
-1.54 2.95
0.24 -0.60
-0.11 -0.56
-1.47 1.48
1.14 -1.26
0.26 2.18
-0.37 0.69
1.25 0.04
-0.72 -1.24
-1.85 -0.36
1.06 -0.03
0.50 -0.23
-0.16 0.82
-0.97 -0.79
-1.13 0.53
-0.56 0.24
-0.81 -0.61
0.76 0.47
-0.41 1.87
0.45 0.19
-1.26 -0.73
-1.96 1.31
-0.67 0.77
-1.66 1.07
0.56 -0.47
0.79 -0.78
1.73 2.05
