2.37 0.52
-0.62 1.73
-0.06 -0.49
0.71 1.22
0.60 1.74
-0.22 -0.85
2.32 0.30
-0.55 -1.97
2.02 0.21
0.69 -0.49
0.38 0.25
0.18 -0.20
0.51 0.13
1.70 -0.18
0.52 -2.07
0.24 -0.19
-2.85 0.81
1.35 -1.75
0.23 -1.81
-0.80 0.84
1.08 0.33
-1.24 -0.93
-0.74 -0.89
3.15 2.24
0.77 0.23
0.18 0.71
0.07 -0.25
-0.86 -0.08
-0.46 1.06
-0.67 -0.31
0.36 1.33
0.87 0.31
-0.08 1.81
0.68 0.54
-1.88 0.93
1.31 -0.48
0.29 0.24
1.10 -0.50
-0.80 -1.18
-0.35 -1.75
1.65 0.44
1.18 0.98
-0.58 -0.36
-0.21 -1.19
0.09 0.52
1.16 0.96
-0.63 0.25
-0.16 -0.76
0.64 -0.97
-1.72 0.16
2.21 -1.02
0.00 0.94
1.07 -0.30
0.14 0.15
-1.38 -1.18
1.62 1.19
-0.36 -1.09
0.34 -0.51
1.98 -1.34
0.19 0.55
1.90 -0.50
0.83 0.36
-0.58 0.50
0.42 0.77
-0.52 -1.20
1.60 1.50
0.63 0.16
1.92 0.39
-0.13 1.90
-0.21 -0.10
1.37 1.94
0.34 -0.86
0.16 0.08
0.03 -1.55
1.98 -1.53
0.40 1.01
1.01 -0.19
-0.18 1.30
0.57 0.98
0.56 0.71
0.68 -0.94
0.29 0.54
-0.16 0.15
1.14 0.44
-0.00 -1.03
-0.15 0.55
-0.16 -0.60
0.89 1.84
0.99 -1.51
-0.19 0.46
