0.65 -0.25
0.12 0.30
0.12 -0.79
-0.86 0.08
-1.49 0.78
-0.41 -1.30
-0.28 -0.05
0.67 -0.75
-0.17 2.12
-0.85 0.75
-0.31 0.28
0.25 -1.26
-0.28 -1.27
-0.73 0.30
1.17 -0.57
1.03 -1.91
-0.17 -0.69
1.22 -0.56
-0.64 1.39
0.75 1.47
0.93 -0.56
-1.03 -0.86
1.16 -0.26
1.03 0.94
-0.80 0.17
1.40 0.18
2.02 -1.23
0.47 1.38
-0.80 0.96
-1.05 0.64
-0.25 0.48
-0.64 0.56
0.53 0.10
-3.35 0.59
-0.63 -0.34
-1.20 0.65
1.12 -0.21
-1.24 -0.41
0.41 0.06
-0.15 1.35
0.47 0.96
-0.15 -1.19
0.95 -0.52
1.31 -0.29
-0.16 -1.56
-0.99 -2.82
-2.14 -0.31
-1.12 1.28
0.19 -0.65
-0.58 1.89
