-0.14 0.16
-0.54 -0.15
-0.70 0.05
1.39 -0.58
0.56 -1.79
0.12 0.81
-0.50 0.76
-0.91 0.31
-0.33 0.47
0.52 -1.85
-0.97 0.32
-0.71 0.74
0.53 -0.74
-1.19 0.71
-0.16 1.32
-1.42 0.13
1.79 -0.86
1.74 -1.50
-0.74 1.12
-0.05 0.19
1.06 -0.09
0.64 -0.12
-0.15 0.59
-0.80 1.36
0.29 -0.26
-0.92 0.42
0.49 0.47
0.08 -0.00
1.44 -1.20
1.36 -1.41
0.57 -0.56
-0.55 -0.08
-0.91 0.17
0.16 -0.38
-0.03 0.57
1.45 -1.58
1.01 0.03
-0.85 0.63
0.59 -0.51
-0.75 -0.11
0.86 -0.93
-0.57 -0.26
-0.39 0.23
1.20 -0.24
2.61 -2.01
-0.30 -0.61
0.03 0.69
1.62 -1.47
0.44 0.01
0.81 -0.91
-0.12 -0.39
1.22 -1.04
-1.73 1.11
0.52 -0.23
-0.22 -0.42
-1.36 1.42
1.01 -0.66
1.12 -1.16
-0.05 -0.36
-1.23 1.61
-3.12 2.60
-0.55 0.16
0.10 -0.47
0.79 -1.96
0.13 0.34
1.15 -0.88
-0.87 1.03
-1.80 1.97
-1.71 1.20
0.13 -0.48
1.21 0.44
-0.68 -0.86
-0.99 0.85
-0.04 -0.18
0.70 -1.43
0.45 -0.60
-0.04 -1.29
-2.45 2.64
0.27 -0.79
-1.66 1.14
-1.31 1.40
0.66 -1.46
-0.89 1.01
-0.69 1.09
0.33 -0.44
0.19 -0.55
-1.29 1.80
0.18 -0.11
-0.10 0.69
-0.09 1.39
