0.47 -1.03
1.51 -0.70
-0.24 0.24
1.68 -1.37
-0.95 0.11
0.13 -0.15
1.54 0.58
2.02 -1.44
1.14 0.82
0.05 -0.33
0.70 0.90
2.37 -0.81
-0.04 1.31
-0.20 -0.52
-0.31 0.37
0.31 -0.67
0.58 1.57
1.69 -0.85
-1.00 1.05
-0.70 2.18
0.79 -0.02
-1.83 2.65
-1.59 1.05
-1.25 0.01
0.87 -0.85
-0.77 -0.72
-1.31 0.69
1.18 -0.65
0.56 -1.11
-0.76 0.50
-0.77 0.27
-0.30 1.82
1.24 -0.27
-1.25 0.69
1.17 -1.26
-0.31 1.50
-1.28 1.82
0.84 -0.91
-1.80 0.58
-0.14 0.35
-0.73 -0.05
0.47 -0.84
0.86 1.77
1.26 -0.51
0.21 -0.26
-1.53 0.62
-0.10 1.26
0.11 -0.82
-0.04 0.25
-0.11 -0.38
2.04 -1.32
-0.64 -0.58
-0.47 1.31
-0.29 0.49
1.51 -1.82
1.56 -0.69
-1.63 1.80
1.00 -0.53
0.69 -0.67
0.31 0.54
1.71 -1.18
-1.03 -0.15
-0.38 0.40
0.93 -2.09
-0.17 0.54
0.40 0.86
0.72 -1.66
-0.40 0.31
0.39 -1.13
0.95 -0.67
1.42 -2.20
-0.42 1.26
-0.95 0.43
0.49 -0.04
-0.26 -0.55
1.42 0.47
-0.40 1.15
0.46 -0.45
1.78 -0.15
0.44 0.06
-0.78 0.27
0.13 -1.40
-0.50 0.85
-0.34 0.62
-1.92 0.85
0.47 -0.21
-0.58 1.55
1.16 -0.66
0.87 0.22
0.58 -0.24
