0.94 -0.70
0.78 1.83
-1.22 -0.80
1.46 0.05
-0.26 1.28
0.40 0.74
-1.27 0.98
-1.16 0.59
-0.70 -0.82
0.19 -0.98
0.08 -2.05
-0.67 -0.57
0.62 0.18
-1.28 -1.80
-0.50 -0.52
-0.29 -0.76
0.73 -0.04
0.71 -1.36
1.02 1.31
-1.11 -1.18
1.07 0.65
0.60 -1.80
0.17 0.39
-0.08 0.26
0.90 1.43
-0.33 -0.38
0.28 -0.06
-0.17 0.18
-0.41 0.35
-0.34 -1.96
1.07 0.85
0.02 -1.03
1.22 0.50
0.11 0.87
-0.16 -0.33
0.34 -2.12
0.05 -0.15
0.21 -0.47
0.45 -0.23
0.04 -0.43
-0.44 0.22
0.07 0.61
-0.02 -1.05
0.76 0.06
-2.11 0.24
-0.29 -0.53
0.28 2.44
-2.04 -1.15
1.46 1.88
0.46 0.33
-1.40 -1.45
0.38 1.14
-0.99 -1.23
0.41 0.37
2.18 1.53
0.06 -0.73
-0.40 -1.19
-1.74 -1.22
-0.24 -0.42
-1.49 -1.81
0.31 0.95
0.26 0.87
-2.97 -1.16
-1.01 -0.69
0.93 -0.49
-0.57 0.24
-1.55 -1.18
-1.43 1.16
-0.68 -0.70
0.86 0.87
-1.78 -0.22
-1.49 0.65
-1.03 1.28
1.09 -1.57
-0.82 1.41
0.14 0.80
-0.81 0.14
0.03 0.97
0.95 0.50
-1.19 -0.43
-0.37 0.31
-0.93 0.14
1.91 1.19
-1.35 0.26
1.40 -0.20
-1.14 1.25
1.54 0.26
1.51 -1.04
-0.21 0.02
1.41 1.10
