0.42 -0.24
-0.85 -0.23
1.22 0.11
0.60 -1.16
1.54 -1.10
-2.50 -1.00
-0.08 -0.34
-1.33 -1.09
0.16 -0.07
-0.61 0.26
-0.60 -0.96
0.55 0.42
2.09 0.86
-0.07 -0.01
0.86 -0.21
-0.18 0.99
-0.47 0.61
0.40 0.52
-0.87 -0.48
-0.32 0.18
0.60 -0.62
1.35 0.37
1.50 -2.78
-0.10 0.54
1.26 -1.15
0.24 -0.24
0.86 -0.26
-1.51 -1.32
0.14 -1.73
-0.37 -2.44
1.13 -0.13
-1.27 -0.45
0.51 -0.79
-0.97 -0.52
0.44 1.53
1.58 1.03
0.54 -0.83
0.91 -1.10
-0.38 2.78
-0.60 1.29
0.84 0.52
0.31 -0.62
1.33 0.64
0.45 1.19
1.01 -0.50
-0.67 0.44
-2.75 -1.06
-0.43 1.14
-0.54 -0.43
0.15 0.60
