-0.99 0.53
0.86 -1.03
-1.87 1.39
0.47 0.12
-0.02 0.00
-0.39 0.36
-2.32 1.84
-0.94 0.86
-0.91 0.97
0.38 -0.57
-0.38 0.97
-0.45 0.58
-0.96 1.39
1.36 -1.23
0.45 -1.09
0.93 -1.02
-1.37 2.40
-1.21 1.23
-1.01 1.26
0.29 -0.25
0.70 -0.99
-1.48 0.95
-0.60 1.27
-1.22 1.68
1.22 -1.00
0.50 0.08
0.30 -0.96
0.09 -0.33
0.29 0.01
0.03 0.12
1.33 -1.07
-1.01 1.50
0.24 -0.31
-0.93 0.72
-0.54 -0.10
-0.41 -0.52
0.92 -0.95
0.62 -0.31
2.33 -1.97
0.01 0.57
-0.39 0.40
-0.78 0.03
1.17 -0.75
0.42 -0.60
0.44 -0.12
0.33 0.08
1.82 -1.63
0.26 -0.10
-0.74 0.53
-2.40 2.13
0.89 -0.45
0.08 0.02
-0.05 0.28
0.29 -0.26
2.11 -2.86
-0.12 -0.27
1.43 -0.20
-0.55 0.11
0.46 -0.16
0.25 -0.54
-0.18 -0.26
-0.97 1.00
-0.52 -0.29
-1.63 1.51
0.47 -0.62
0.41 -1.03
0.64 -1.74
0.76 -0.63
-2.66 1.73
1.67 -2.17
0.24 -1.08
0.69 -0.52
-0.70 0.71
-0.13 0.25
-1.52 0.79
0.52 -0.39
-0.28 0.45
-1.11 0.22
1.84 -1.66
-1.57 1.17
-1.81 1.91
-0.13 0.28
0.58 -0.59
-1.42 1.81
-0.77 0.65
-0.19 0.17
1.00 -0.99
0.32 -0.49
-0.58 1.27
0.55 -0.57
-0.58 0.17
0.97 -0.63
0.63 -0.57
1.77 -1.76
0.26 -0.61
-0.53 0.21
-0.82 0.15
1.01 -0.63
0.52 -0.65
0.10 0.80
