-1.67 -0.46
1.42 -0.51
0.65 -2.07
0.77 1.79
-1.95 -1.32
-0.19 -1.54
0.20 0.03
1.18 -0.32
-0.25 0.45
-2.72 -0.36
0.03 0.57
1.00 2.12
1.80 1.31
0.58 1.13
-1.19 -0.28
0.71 0.15
0.51 -0.26
-1.45 0.28
-0.42 -0.88
-0.67 -0.58
0.65 -0.81
-1.36 -1.74
-0.23 1.20
0.43 0.49
-0.23 -0.62
0.26 -0.93
-1.11 -0.25
0.15 -0.10
1.62 0.80
-0.83 -0.93
0.88 1.95
-1.06 -2.04
0.10 0.80
0.65 0.56
-0.19 -0.29
-0.56 -0.50
0.46 0.04
-0.08 -0.89
0.79 1.21
-0.75 0.46
0.99 0.79
-1.39 -0.26
0.58 0.88
0.16 1.07
1.54 0.26
-1.28 0.19
1.61 2.22
-0.77 -0.83
0.41 0.47
-0.28 0.16
