0.94 -1.11
0.42 -2.58
-0.74 0.09
-0.09 -0.32
-0.75 0.83
-0.66 0.48
0.47 -0.04
2.77 -1.23
-0.28 2.16
-0.10 0.35
0.57 -0.08
-2.27 0.81
-0.66 -0.53
0.28 -0.66
-0.33 -0.06
-0.02 -2.52
-0.03 -0.57
0.03 -0.65
-0.54 1.35
1.14 0.54
-1.03 0.75
0.16 0.01
1.16 0.05
-0.91 0.19
0.01 -0.06
-0.21 0.10
2.85 -0.64
-1.02 2.22
1.46 -0.34
0.54 0.27
-1.11 0.83
0.86 -2.13
-2.37 1.62
-0.28 -1.44
-0.70 0.81
-1.15 0.61
-0.52 0.93
0.35 0.29
1.79 -0.49
-0.86 -0.04
-1.29 0.95
-0.48 -0.92
-0.61 -0.28
-0.19 -1.08
-0.14 0.83
0.51 0.94
0.21 -1.16
-0.28 0.45
-0.02 -0.14
-0.27 0.03
1.05 1.53
1.14 -2.03
-0.70 0.27
-0.83 2.12
0.43 0.13
1.69 -0.70
-1.60 2.18
-0.77 0.28
0.39 -0.48
-1.29 1.05
0.94 1.26
-0.11 -0.93
-1.29 1.57
0.81 -0.23
1.28 -0.75
0.03 0.11
-0.44 0.94
-1.44 1.21
0.61 -0.08
2.04 -0.39
-1.10 -0.03
-0.33 1.19
-1.24 -0.28
-0.79 0.88
0.32 -0.60
-1.42 0.60
0.15 -0.78
-0.88 -0.36
0.86 -0.29
0.03 0.66
1.40 0.09
-1.28 1.67
0.76 -0.68
0.36 1.29
-0.93 0.29
0.32 0.19
-0.29 -0.91
1.30 -0.58
1.47 -1.96
-0.91 0.59
