1.76 -2.33
0.65 1.21
1.04 -0.29
0.56 -1.02
-0.67 -0.25
0.29 1.80
-0.40 -0.86
1.70 0.17
-0.93 0.87
0.34 0.36
0.21 -2.01
-1.03 1.55
-0.78 -0.39
1.41 -1.95
-1.29 -1.63
-1.01 1.49
-1.06 0.34
-0.91 2.37
-0.39 -1.58
-0.46 -0.75
0.23 0.24
-0.07 0.26
1.19 0.20
-0.17 -1.07
-0.16 -0.92
0.21 -0.34
0.90 -1.78
-0.56 -1.21
-0.22 1.95
-0.66 1.15
0.07 0.61
0.67 -0.80
-0.18 -0.60
-0.53 1.69
1.21 0.48
0.08 -0.42
0.27 0.84
-0.66 0.31
1.06 0.15
0.13 -0.24
0.40 -1.19
0.11 1.40
0.54 0.26
0.62 0.74
0.14 0.33
-1.78 -0.26
-0.36 -0.76
1.77 0.11
1.95 -0.25
-0.87 1.71
-0.74 -0.46
-2.22 0.12
0.19 0.61
-1.22 -0.88
2.08 0.01
0.22 -1.10
-2.00 1.43
1.10 0.86
0.69 0.77
0.11 1.36
0.26 0.48
0.17 0.84
-1.33 0.10
0.37 0.71
-1.03 -0.97
0.33 -1.04
-1.13 1.02
-0.83 -0.07
0.59 -0.02
1.23 -0.79
-0.51 -1.77
0.76 -0.72
0.11 -0.21
-0.17 0.83
0.92 -0.88
0.77 0.19
0.55 -1.86
-0.35 -2.24
1.68 0.66
0.72 -0.69
-1.92 0.02
-0.66 -0.38
1.03 0.25
-0.48 0.90
-2.08 -1.04
-0.72 -0.25
0.76 1.21
1.75 0.86
-0.88 -0.28
1.28 0.48
1.86 -0.69
1.70 0.33
1.10 0.47
-0.75 0.83
-1.77 0.08
-0.47 -0.20
-0.46 0.36
-0.70 -0.72
0.60 -1.78
-2.01 0.52
