-1.27 0.04
-0.03 -2.46
-0.84 0.20
0.73 0.44
-0.10 1.12
1.56 0.67
1.52 0.66
-0.79 -1.11
-0.79 1.12
-1.15 1.20
-1.79 -0.81
0.12 -0.57
-0.34 -1.25
-1.99 -1.09
0.15 1.14
-0.27 -0.56
1.78 2.31
-0.85 1.27
-0.18 -0.55
0.59 -0.05
-0.33 0.39
-1.27 0.49
0.24 1.58
0.42 -0.66
-1.28 0.63
0.49 -0.90
0.73 0.47
-1.75 -0.39
-1.83 -1.12
0.97 -0.91
0.30 0.98
0.16 -0.62
1.22 0.99
-0.63 1.42
-1.25 -0.91
0.07 -0.75
0.77 0.35
1.16 0.52
0.05 -0.24
0.66 -1.84
-1.77 -1.44
0.47 0.68
0.47 0.01
0.51 0.84
-2.18 -1.38
-1.51 0.64
0.57 -0.92
0.73 0.81
0.02 -1.12
-0.22 -0.46
