-0.68 -0.61
0.13 -0.19
-0.03 -0.71
-0.93 -0.36
-0.73 -0.68
0.99 -0.06
0.51 -0.85
-0.56 -0.68
1.18 0.63
0.22 1.01
0.80 0.29
0.80 -0.13
-0.07 -0.51
-0.45 0.66
0.28 0.01
-0.43 -1.40
-1.63 -0.91
-1.40 -1.03
0.76 0.93
1.32 0.24
0.13 -0.48
-0.20 -0.30
-0.58 -0.08
1.50 0.40
1.25 1.13
1.43 2.22
-0.70 0.39
-1.91 -3.26
-0.66 -1.31
0.99 -0.23
-1.23 -1.86
-0.08 -0.01
-0.18 -1.16
-0.45 -0.47
1.21 0.14
-2.07 0.05
0.92 0.58
-1.84 -0.43
0.60 0.93
-1.64 -2.53
-1.50 -0.59
0.07 0.12
-0.39 -0.24
0.25 0.50
-0.72 -0.21
-0.99 -1.95
-0.54 -1.37
-1.66 -2.32
-2.07 -1.63
0.78 0.41
