-0.65 0.12
-0.66 1.50
-0.47 -0.82
-0.67 0.40
-1.04 0.96
0.83 -1.89
0.26 0.19
0.27 -0.28
-0.54 0.32
-0.72 1.53
0.03 -0.41
-0.83 0.86
-1.40 -0.21
-1.82 1.41
1.90 -1.10
-0.37 -0.06
2.21 -2.08
0.35 -0.86
-0.68 0.94
0.99 -0.73
-0.15 -0.21
-0.38 0.56
1.79 -1.07
-0.10 -0.28
0.23 -1.03
-0.48 -0.48
2.22 -2.06
0.26 -1.72
1.29 -0.71
-1.39 1.20
-0.84 1.04
-0.37 -0.15
0.87 -1.83
0.62 -0.94
0.35 0.36
0.49 -0.97
0.13 0.81
0.43 0.61
0.21 0.71
-0.59 0.57
-1.48 1.44
-0.20 -0.12
0.64 -0.31
-0.66 0.40
-0.74 0.53
1.28 -1.49
0.14 -0.18
2.13 -1.51
-1.79 1.53
-1.18 0.14
