0.01 -0.77
0.52 0.90
1.64 -0.32
0.63 -0.79
1.48 -0.13
1.47 -0.91
0.04 0.07
0.42 0.53
0.09 -1.24
1.28 0.41
0.94 -0.38
0.68 -0.28
0.68 -0.30
-1.27 -1.18
1.36 -0.70
-0.18 -0.54
-0.10 -0.60
-0.02 -0.15
-1.07 -1.43
-2.22 -1.34
1.84 1.19
1.38 1.04
-1.68 -0.18
0.94 -0.21
0.94 0.85
0.05 1.02
0.91 0.18
0.03 -0.77
0.06 -1.84
-0.70 -0.82
-0.24 -0.70
-0.27 1.20
-2.32 -0.39
1.16 2.54
1.24 0.69
-0.68 1.70
-0.45 -0.34
1.25 -0.46
-0.39 -1.10
1.65 2.04
-0.61 -0.76
-1.15 -0.93
0.73 1.67
1.01 1.36
-0.98 -0.51
-0.85 1.75
-0.07 -0.09
-0.49 -0.99
1.05 1.15
-0.01 -0.04
