-1.05 0.39
2.21 0.92
0.41 -0.65
-0.50 -0.78
-1.05 -0.70
1.62 0.59
0.76 -0.07
-0.76 -0.33
-0.11 0.26
1.22 2.96
0.09 -0.75
-0.12 -0.18
-1.25 0.61
0.82 -0.40
0.76 0.13
-0.67 1.64
-0.53 0.15
0.76 0.36
-0.34 -0.73
0.84 -0.56
-0.81 0.56
0.71 0.08
1.42 -0.23
0.58 0.95
0.49 -2.96
1.18 -0.50
1.32 -1.34
-2.34 1.40
-1.10 2.06
2.38 -0.12
-0.45 -0.53
-0.41 -1.44
0.92 0.05
-0.12 0.05
0.68 0.39
-0.00 -0.96
-0.60 -0.01
1.18 0.18
-0.80 -1.37
-0.41 0.87
0.96 -1.11
-0.06 2.25
-0.11 0.37
0.45 -0.42
-1.63 0.77
-0.93 0.69
-1.54 -0.16
0.99 -0.06
-1.02 -0.84
0.22 0.85
