-0.96 -0.18
0.81 1.19
-0.23 -0.07
-2.05 -0.48
0.52 0.86
-0.18 0.11
0.38 -0.20
1.06 1.29
-0.31 0.53
1.11 -1.37
-1.56 0.37
1.52 -0.88
0.12 1.41
-1.05 -0.56
0.87 -2.34
-0.35 -0.74
0.38 0.99
-1.00 1.62
-1.22 0.35
1.08 0.38
1.30 -1.35
0.99 -0.27
-2.00 0.44
-1.39 -0.12
0.23 0.40
-1.28 0.80
-0.91 1.48
-2.13 -0.21
0.34 1.41
0.56 -0.33
-1.01 0.75
-1.08 -0.11
0.20 0.34
0.19 -0.62
0.57 -2.17
0.34 0.59
-0.54 -0.08
0.80 -0.47
0.80 0.58
2.70 0.57
-0.58 -1.18
0.42 -0.69
-0.07 1.30
-0.58 -1.40
0.10 1.49
0.40 2.79
-0.50 1.13
0.32 0.38
-1.30 0.81
0.50 -0.34
