-0.68 -0.52
0.22 -0.55
0.26 0.70
2.16 2.63
-0.32 0.85
-0.14 1.18
0.65 0.92
-1.06 -0.69
0.02 -0.47
0.03 -0.99
-0.78 -0.22
-0.94 -0.45
-1.32 -0.48
-2.62 -2.49
-0.02 0.35
1.30 1.71
-0.85 -0.57
0.07 0.55
-0.44 -0.33
-1.14 0.22
0.13 -0.07
-1.06 -1.34
0.32 0.13
-1.18 0.02
-0.65 0.20
-0.65 -1.77
3.43 1.95
0.91 0.82
-1.10 -0.96
1.28 1.19
-1.30 -2.44
0.32 0.38
-1.04 -0.79
-0.58 -0.28
-1.16 -0.72
0.96 0.78
-0.88 -0.25
-0.48 -0.19
0.97 0.25
-1.83 -1.73
0.26 0.11
-0.43 -0.74
-0.42 -0.37
-0.21 -0.07
-1.01 -1.08
-0.22 -0.25
0.10 -0.42
-0.76 -0.49
0.15 0.74
-0.31 1.22
