1.50 -1.67
0.39 0.72
0.87 -0.90
0.09 -0.29
0.77 -0.32
-0.45 0.92
0.10 0.64
-0.71 1.54
-0.66 0.20
-1.35 0.89
-1.19 1.15
-0.90 0.56
0.41 -0.47
1.06 -1.21
0.20 0.16
-0.59 -0.20
-0.99 0.26
-0.07 -0.63
0.81 -0.20
0.15 -0.65
-1.39 0.58
1.83 -1.14
0.22 0.80
0.37 0.47
-0.89 -0.15
0.77 -0.08
1.23 -1.22
-0.33 -0.32
1.32 -1.63
-0.74 1.08
-2.10 2.18
-1.42 1.10
0.18 -0.35
-1.82 2.06
0.82 -1.24
-0.41 0.01
1.95 -1.40
1.39 -1.14
-1.05 1.00
-0.59 -0.40
0.02 -1.76
1.96 -1.12
1.35 -0.95
-0.44 0.83
1.45 -1.13
-0.32 -0.66
-0.24 1.52
0.78 -1.33
-0.52 0.75
-0.47 0.73
