-0.78 0.33
-1.05 0.81
-1.96 1.65
-0.30 0.43
-1.58 0.16
1.14 -0.28
-0.12 -1.03
-0.63 0.75
-1.04 1.09
0.69 -0.56
2.29 -1.45
-0.35 0.45
0.57 -0.83
0.50 0.02
-1.28 0.66
0.14 0.18
0.54 -0.18
0.93 -0.02
-1.35 0.95
0.97 -0.99
1.16 -1.00
1.53 -1.32
-0.56 0.62
-0.38 0.58
-0.86 1.69
-0.56 -0.28
-0.24 0.06
-0.32 0.33
0.52 1.18
-1.18 0.29
0.51 -0.57
1.59 -0.93
-0.09 0.03
0.89 -1.69
1.03 -0.17
-1.15 0.70
0.39 0.62
-0.96 1.09
1.28 -0.65
-0.48 0.90
-0.20 1.11
-1.43 1.16
1.51 -1.93
0.84 -1.14
0.02 -0.56
-1.37 2.42
0.98 -0.65
-0.31 0.79
-0.68 1.52
0.58 0.12
-2.38 2.10
-0.13 -0.19
-0.40 0.12
2.31 -2.25
1.10 -0.87
0.29 -1.00
-0.21 0.43
0.22 -0.46
0.00 -0.70
0.10 0.34
0.21 -0.79
0.94 -1.17
-0.66 0.65
-1.10 0.84
-1.38 1.18
0.06 -0.19
0.03 -0.02
-2.70 1.32
0.31 -0.95
0.42 0.92
-0.41 0.57
-0.33 0.59
0.12 0.33
1.31 -0.91
2.95 -2.29
0.24 0.16
-0.87 0.68
0.39 -0.47
-1.05 0.65
0.14 -1.13
-0.42 1.33
-0.22 -0.72
-0.64 0.36
0.72 0.66
0.30 -0.25
-0.46 1.12
0.05 0.18
0.21 -2.00
-1.77 2.01
-0.85 0.98
1.10 -0.83
1.80 -2.14
1.71 -1.36
-0.53 -0.03
1.09 -1.79
0.44 -0.69
-0.37 0.29
-0.42 -1.14
-0.25 -0.32
-0.42 0.39
