-0.38 -0.79
-1.14 -0.15
-1.61 -0.09
-0.27 -2.11
0.25 0.32
-0.33 0.86
-1.14 0.44
1.11 -0.59
-0.29 0.76
-0.15 0.33
-1.67 -0.38
-0.38 0.10
0.44 0.30
0.71 -0.88
-0.32 0.31
-1.00 -2.77
1.53 1.51
1.49 1.30
-0.78 -0.38
0.60 1.09
0.78 2.96
1.62 -1.51
0.36 -0.34
-0.70 -1.02
1.23 -0.06
1.63 0.38
-0.32 1.19
0.29 -1.03
-0.50 -0.17
-0.48 0.79
-0.64 -1.11
1.07 1.23
-0.13 -1.25
0.18 -0.86
0.18 -0.99
0.33 -0.20
-1.46 -0.56
-1.17 0.67
-1.69 0.81
0.91 1.82
-0.81 -0.76
-0.71 -0.60
-2.66 -0.99
0.24 0.62
-0.85 -0.69
1.25 0.61
0.88 0.17
1.73 -1.35
-0.35 0.60
-0.56 0.57
-0.44 -0.43
0.57 1.23
-0.30 0.36
0.95 -0.09
0.30 1.07
0.36 2.05
0.20 0.18
1.40 0.49
0.19 -1.63
-0.04 0.82
0.35 1.19
0.30 0.86
0.68 -0.81
-0.53 -0.37
0.90 0.13
-1.56 -1.08
2.05 1.07
1.86 0.10
0.59 -0.42
-0.99 -0.99
0.04 1.95
-0.19 -1.35
-0.41 -0.03
0.58 0.36
-1.40 -1.53
1.24 -0.54
0.49 -0.08
-0.99 -0.49
0.17 -0.91
-0.15 1.19
-0.28 -0.71
-0.26 -1.49
0.47 -0.68
-1.87 -0.51
2.31 0.51
-1.73 -1.03
-1.34 0.56
-1.94 -0.65
-0.65 -0.91
-0.20 -1.66
