1.48 -0.65
-0.84 -0.58
2.15 1.41
-1.16 1.37
-0.19 -0.17
-1.16 -1.52
-0.45 0.50
-1.89 0.90
0.85 0.67
0.50 -0.54
-0.59 1.70
-1.30 1.41
-0.38 0.77
-1.54 -0.70
0.26 -0.22
1.40 -0.57
-0.82 -1.54
0.53 -1.44
-0.36 -0.10
0.19 -0.30
-1.35 -1.12
-0.34 -0.55
0.51 1.74
1.31 0.34
-1.41 0.55
-0.44 -0.10
1.13 -0.76
-1.79 -1.38
-0.58 -0.53
0.14 -1.87
0.38 -1.16
-0.88 0.29
1.96 0.22
-1.17 0.06
0.50 1.51
-0.34 0.83
0.28 -0.56
0.70 -0.21
0.10 2.29
-1.53 -2.63
-0.54 1.10
-0.13 1.63
0.65 0.26
0.50 -0.39
1.95 1.05
-0.04 -0.57
-1.41 1.76
-0.30 -0.08
-0.83 -0.72
-0.43 0.65
1.50 0.26
0.40 0.21
-0.61 -0.18
-0.49 0.42
0.32 0.91
1.21 -0.31
-0.43 0.21
-0.29 -1.45
-0.43 -1.32
0.38 -0.93
1.05 0.45
0.87 0.02
2.41 1.40
-0.36 0.54
1.44 0.07
-0.48 -0.11
1.98 1.06
-0.81 -1.42
0.81 -0.08
0.70 0.66
-0.73 -1.33
1.41 -1.25
1.04 0.33
0.58 0.52
-0.63 0.04
-1.98 0.05
0.46 -0.23
-0.09 1.02
-1.31 1.24
-0.40 -2.75
0.52 -0.62
0.29 0.63
-0.50 -0.47
0.66 -0.39
0.17 0.12
-0.97 0.52
-1.61 2.62
0.87 -0.03
-0.26 -0.86
0.75 -0.74
-0.45 0.36
1.41 0.43
2.00 -0.51
-0.80 -2.32
-0.38 -0.06
0.24 0.95
-0.05 0.37
-0.04 0.20
-2.13 -0.21
-0.53 -0.07
