1.54 0.83
1.17 -0.95
1.41 -0.74
0.91 -0.59
-2.02 -0.42
-0.43 0.05
-0.34 0.15
-0.97 -0.45
0.09 -0.48
1.41 1.12
0.46 1.64
-0.02 -0.40
1.14 1.33
0.80 -0.47
0.22 1.16
0.53 -0.08
0.90 -1.02
2.67 -0.69
-0.32 -0.04
-0.71 0.47
0.99 0.20
-0.84 -0.66
1.22 -0.39
-0.50 0.40
-0.45 0.12
-0.30 -1.20
1.04 -0.28
0.43 -0.93
0.18 -0.58
1.60 1.19
-0.34 -2.24
-0.24 0.15
0.74 -1.77
1.10 -1.36
-1.48 1.59
0.62 -0.53
0.47 -0.18
1.20 -3.01
0.46 0.42
0.22 -0.34
0.55 0.26
-1.40 1.54
1.06 -0.12
1.61 -1.74
-0.47 -0.89
1.24 -1.07
0.34 1.43
2.15 -0.87
1.19 -1.32
0.86 0.11
0.23 0.37
-0.41 1.90
-0.04 1.14
0.07 0.07
0.10 -1.58
1.75 -1.11
0.30 0.54
-0.18 -0.13
3.27 -1.17
1.76 0.39
0.85 -0.22
1.55 -1.70
-0.30 1.08
-0.32 -1.99
2.17 -1.87
-1.10 0.79
1.19 0.48
0.63 -1.32
-0.80 0.08
-1.44 0.58
-0.50 0.90
1.60 -0.19
-1.58 0.89
1.98 2.13
0.32 -0.51
0.67 0.99
0.96 -0.62
0.47 0.07
1.85 -1.70
-1.60 1.57
-1.55 -1.35
-0.02 -0.85
0.36 -0.35
-0.29 0.09
-0.60 -0.08
1.43 -0.54
-0.44 -0.50
-0.07 1.12
-0.55 -0.07
-0.42 1.42
1.24 0.51
0.79 0.93
-0.80 1.11
0.31 -0.21
0.65 -0.58
-0.82 0.20
0.88 -1.01
0.08 -0.37
-0.12 0.19
1.11 -1.26
