0.76 0.76
-1.80 -1.80
0.29 0.29
-0.69 -0.69
-0.74 -0.74
0.79 0.79
1.18 1.18
-0.63 -0.63
1.96 1.96
-0.30 -0.30
-1.87 -1.87
0.32 0.32
-1.37 -1.37
1.81 1.81
-0.29 -0.29
1.13 1.13
0.64 0.64
-0.03 -0.03
0.42 0.42
-0.86 -0.86
-0.23 -0.23
-0.79 -0.79
0.98 0.98
2.55 2.55
-1.34 -1.34
0.36 0.36
0.42 0.42
-1.63 -1.63
-0.48 -0.48
-0.03 -0.03
0.20 0.20
1.45 1.45
-0.39 -0.39
-0.84 -0.84
0.70 0.70
0.60 0.60
-0.71 -0.71
-0.37 -0.37
-0.34 -0.34
0.41 0.41
-0.13 -0.13
1.66 1.66
-0.42 -0.42
0.58 0.58
0.72 0.72
-0.16 -0.16
-1.96 -1.96
-0.67 -0.67
0.63 0.63
-0.92 -0.92
