-1.68 -2.70
-0.55 0.26
-0.01 1.24
-0.02 -0.39
-1.16 0.59
0.36 0.26
1.30 -0.22
-0.15 1.35
1.32 0.82
-1.25 0.01
-1.26 0.90
-0.17 1.99
1.16 0.08
0.92 0.64
-0.28 -0.87
-0.36 0.91
0.06 -0.41
-0.74 1.19
-2.33 -2.28
-0.37 1.40
2.90 0.39
1.62 1.31
-0.75 0.20
-0.50 -0.79
0.17 -1.75
-0.01 -0.22
1.03 -0.15
-0.00 -0.83
-0.71 -0.30
-1.18 -0.29
0.65 0.02
2.37 0.40
-1.12 0.87
-0.42 0.35
-0.84 -1.11
2.09 1.66
-0.80 -1.54
-0.61 -0.58
-0.35 1.22
-0.01 1.32
-0.99 0.67
0.09 -0.80
-0.20 -0.36
-1.24 -1.85
-0.04 0.61
0.01 -0.43
-1.02 -0.26
-1.44 -0.22
0.63 1.10
-0.49 -0.60
0.59 0.66
0.08 1.20
-1.18 -0.05
0.05 -2.00
-0.83 0.09
0.76 1.24
1.59 -1.01
-0.43 -0.27
1.29 0.77
-0.81 0.71
-0.74 -0.71
-1.75 1.44
0.04 -0.66
-2.09 -2.16
0.01 -1.18
0.04 -0.10
-0.40 -0.35
1.20 0.24
0.18 -0.51
-0.65 1.42
0.10 1.26
0.89 1.08
-0.70 -1.45
-0.51 -0.07
0.66 -0.77
1.02 -0.05
1.08 0.25
0.52 0.22
0.74 -1.26
2.00 0.91
1.98 1.22
0.27 -0.15
1.03 -2.48
0.99 0.06
-0.08 -0.07
-0.39 -0.92
-0.70 0.23
1.29 0.11
-1.86 -1.20
-1.59 -1.26
-0.26 0.10
0.46 -0.61
0.96 0.80
1.11 0.62
0.45 -0.73
-0.43 0.61
0.79 0.57
0.40 0.16
-0.53 -0.75
-0.25 2.04
