-0.48 -0.21
0.15 0.07
1.27 1.87
-1.21 0.98
0.17 0.22
0.32 -0.19
-0.16 0.28
-0.75 0.98
1.18 -0.15
1.72 1.76
1.39 0.89
0.07 -0.61
0.57 -0.92
-1.08 -0.03
0.49 -0.91
-1.37 -0.65
-0.75 0.22
-0.74 -1.05
0.44 -0.93
1.08 0.43
-0.32 -0.75
0.56 -0.98
-0.60 0.99
-0.33 -0.93
2.13 2.50
-0.77 -1.28
0.96 -0.56
-1.66 0.28
1.19 0.18
-0.37 0.32
-0.79 -0.72
-0.46 -0.69
-0.58 -0.42
2.35 1.08
-0.31 0.37
1.59 1.67
0.98 1.13
-0.02 -1.35
1.45 2.05
0.11 1.77
-0.15 0.23
1.45 0.87
-0.91 -1.31
-1.62 -0.94
-0.69 -0.57
-0.92 -1.22
0.49 -1.39
1.14 -0.85
-0.25 0.20
-1.38 -0.64
