-1.49 0.72
0.15 0.02
-0.09 0.69
0.16 -0.28
0.42 -0.61
0.01 -0.10
0.44 -0.89
-0.47 0.39
0.24 -0.35
-1.07 0.84
0.49 -0.47
0.16 -0.68
0.14 -0.31
-0.30 0.10
0.02 -0.08
0.58 -1.13
0.55 -0.01
-0.49 0.41
0.61 -1.67
-2.03 1.02
1.01 -1.88
1.38 -0.88
-2.03 1.77
0.21 -1.13
-0.16 -0.01
1.94 -2.22
0.33 -0.49
1.17 -1.71
-0.12 -0.23
1.17 -1.49
-1.01 1.39
-0.29 -0.15
-0.06 -0.04
0.35 0.01
1.31 -1.71
1.01 -0.06
0.40 -0.80
-1.13 0.82
0.38 -0.13
-0.11 -0.16
-0.42 0.17
-2.02 2.33
-1.18 0.95
-0.21 -0.26
-0.43 0.98
-0.03 0.43
0.29 0.60
-1.55 1.38
-1.12 0.00
0.62 -0.62
1.65 -1.11
-1.10 1.10
-1.34 1.52
-1.34 0.55
0.05 0.09
-1.15 0.82
0.28 -0.15
-0.13 0.10
1.40 -1.80
-2.12 1.80
-0.49 0.69
0.40 0.17
-0.30 0.03
-0.44 -0.30
-1.04 0.24
-1.35 0.92
-2.07 2.43
2.27 -1.17
-1.93 1.11
-0.29 0.13
1.26 -1.65
-0.27 0.05
-0.67 1.01
2.27 -2.36
-0.05 0.84
-1.91 1.63
0.65 -0.23
0.11 0.25
0.41 -0.81
0.27 -0.17
1.00 -1.26
0.30 -0.26
0.52 -0.60
1.84 -1.82
0.91 -1.49
-0.14 0.23
0.11 -0.44
-0.31 0.40
-1.22 1.23
0.42 -0.43
