-0.13 0.45
-0.50 0.22
1.22 0.00
1.16 -1.00
-0.61 0.54
2.10 0.62
0.91 -0.61
0.44 0.15
0.01 -0.28
0.68 1.18
0.03 1.82
-0.14 0.13
0.04 0.16
-0.53 -0.32
0.21 -1.23
1.82 1.76
-1.20 -0.80
0.74 -1.59
-1.08 -0.28
0.03 0.74
0.73 2.42
1.25 0.12
0.86 -0.27
-1.27 0.41
-0.14 -0.54
-1.57 -0.20
2.41 -0.42
-1.00 -0.66
-3.24 -0.79
-0.32 -0.07
0.38 1.33
0.43 -0.07
1.06 -0.61
0.04 0.55
-0.86 1.72
-0.09 0.58
1.02 1.06
0.19 -0.64
0.77 1.77
-2.40 -0.18
1.02 -0.01
-0.58 -1.36
-0.62 0.75
1.14 -0.25
2.00 -0.09
-1.27 1.12
-0.98 0.98
-0.75 -0.83
-0.09 -0.35
-1.87 0.40
-0.20 -0.38
0.94 1.37
-1.09 -0.13
0.50 0.38
-0.82 -0.56
1.63 -0.33
-0.58 -1.96
0.06 0.53
-2.36 0.27
1.62 -0.76
-0.32 -0.24
-1.66 1.50
0.22 -0.31
-0.48 0.68
-0.28 0.07
-0.76 -1.48
-0.39 1.21
0.82 -1.41
1.21 0.04
1.41 0.11
-0.75 -2.00
-0.44 2.53
0.59 0.60
0.18 1.25
0.55 -0.79
-0.50 -0.64
-0.50 0.78
-0.09 -0.25
-0.33 1.78
0.50 -0.89
0.50 -0.36
-0.08 -2.14
-1.11 -1.39
-0.36 -1.07
1.05 -1.69
0.23 0.39
-0.14 -1.86
0.88 -0.31
0.09 -2.22
-0.58 -0.83
0.44 -0.99
0.66 -0.24
1.23 0.11
-1.62 0.73
-0.06 2.04
-0.83 0.88
0.43 0.15
-1.28 0.40
-0.12 0.10
0.52 -0.22
