-1.72 -1.51
-0.64 -0.63
2.19 1.57
0.05 -0.23
0.19 0.40
-1.12 -0.61
-0.11 -0.14
-0.62 -0.93
-0.65 -0.32
1.45 1.05
-1.03 -1.24
-1.51 -1.32
0.59 0.56
0.31 0.84
0.05 -0.20
0.46 1.49
-0.72 -0.61
1.40 0.92
-0.72 -0.70
0.38 -0.15
-1.89 -1.95
0.03 0.43
-1.34 -0.43
-0.16 -0.30
1.10 0.65
-0.01 0.26
-0.42 -0.40
-1.48 -1.15
0.96 1.08
-0.58 0.67
-0.15 0.13
-0.08 0.51
-1.28 -1.56
-0.89 -0.41
1.64 2.08
1.12 0.12
0.20 0.21
-0.39 -1.00
-2.66 -3.16
1.94 1.76
1.18 1.27
1.37 1.56
-0.42 0.26
0.51 0.37
-0.36 -0.04
0.81 0.53
0.13 0.56
1.36 0.68
1.62 1.07
-0.03 -0.25
1.70 1.90
-0.90 -0.85
-0.07 0.69
-1.11 -1.15
-0.84 -0.60
-0.21 -0.54
0.24 0.20
-0.30 -1.04
0.69 0.53
-0.65 -1.27
-0.10 -0.01
0.15 0.60
1.22 1.08
-0.63 -0.54
-0.76 -0.68
0.17 0.26
0.54 0.21
0.22 -0.01
0.92 1.36
-1.27 -1.94
-0.01 -0.22
0.23 0.36
1.22 0.69
0.81 0.09
1.51 1.16
0.66 1.10
0.20 0.40
1.07 1.48
1.36 1.33
0.55 0.81
-2.64 -2.09
-0.53 -1.28
-0.27 0.04
-0.38 0.20
-1.37 -1.25
0.57 -0.01
-1.20 -1.35
-0.65 0.08
1.25 1.51
-0.49 -0.51
0.27 -0.12
-1.45 -1.62
-0.35 -0.14
-1.53 -1.56
0.03 -0.62
0.25 -0.86
1.12 1.50
-1.42 -0.60
0.80 0.35
1.28 1.18
