-0.31 0.11
0.43 -0.16
1.52 0.52
0.93 0.14
-1.18 1.31
0.54 -0.67
-0.28 0.28
2.04 -1.78
-0.15 -1.24
-0.05 0.25
1.13 -0.68
-0.65 2.34
-1.28 1.52
1.40 -0.47
-0.01 -0.32
-1.17 1.34
-0.26 0.27
-0.44 0.34
0.31 -0.13
-0.93 0.90
-0.45 0.63
-0.95 0.55
0.61 -0.79
-1.35 0.88
2.13 -1.38
-0.92 0.98
0.56 0.66
-0.60 0.98
0.95 -0.48
-0.55 0.87
-1.08 1.00
0.05 0.12
0.67 -0.52
1.02 -1.83
0.94 0.20
0.20 -0.34
-2.15 1.14
0.31 3.20
0.61 -0.63
-0.50 -0.24
1.13 -1.19
0.74 -0.14
-1.97 -0.08
0.58 -0.76
-1.34 -0.64
-0.15 0.23
1.90 0.98
0.29 -1.01
1.27 -1.04
-0.30 0.97
-0.53 -0.16
0.45 0.87
-0.33 0.58
-0.22 -0.22
0.18 0.21
1.27 0.78
-0.02 0.77
0.28 -0.31
-0.04 -0.39
0.91 0.27
0.14 -0.23
-0.76 0.02
-1.14 1.92
0.01 1.25
-1.66 1.36
0.74 -1.57
-0.21 -0.03
-0.19 -0.38
1.93 -0.63
0.21 -0.75
-0.62 0.13
0.59 -0.29
-0.44 -0.93
-0.20 0.05
-1.37 0.22
0.78 -1.61
0.01 -1.47
1.83 -1.07
0.10 -1.66
0.49 -1.80
-0.12 -0.82
2.77 -1.30
-1.23 0.84
-0.80 1.57
-0.92 0.19
0.67 -2.32
0.19 -1.66
-0.33 0.13
-0.27 -0.54
3.19 -0.71
