-0.00 -0.35
0.40 -0.56
0.12 -0.90
0.10 0.93
-1.01 -0.50
1.12 0.28
1.13 0.23
-0.55 -1.27
-0.52 2.11
0.51 -0.38
0.19 -0.28
-0.28 0.37
-0.06 -2.21
0.95 1.32
-1.89 0.26
1.08 1.56
0.25 0.88
0.49 1.62
0.46 -0.75
-0.90 2.16
0.47 0.61
-0.29 -0.87
-1.07 -0.01
0.83 -0.20
-0.64 0.64
-0.02 0.89
0.75 2.36
0.33 -0.38
0.22 -1.47
-0.62 0.58
-0.14 -0.85
0.28 1.11
-0.46 0.32
1.12 -1.02
-1.16 -1.37
-0.51 0.12
0.52 0.11
1.39 1.55
1.47 -0.34
0.63 -0.33
-2.30 -1.16
0.36 -1.48
0.52 0.61
-1.88 -0.62
-0.09 -1.15
0.94 0.49
1.10 -0.36
2.06 -0.67
0.65 -1.52
0.75 -1.06
-0.45 0.53
1.63 1.69
1.45 0.24
0.32 1.63
0.30 0.41
0.44 -0.54
-1.91 -1.04
1.35 0.65
0.65 -0.93
0.49 0.81
-0.07 -1.10
1.78 -0.21
-0.70 0.71
0.25 0.01
-1.49 -0.63
-1.89 -1.72
-0.56 -0.32
0.31 2.00
-2.32 -0.67
0.72 -1.10
0.71 0.64
1.34 0.56
0.82 -0.48
1.60 -1.03
0.28 0.89
-0.25 -0.07
0.55 -0.21
-0.53 -0.47
0.34 1.41
0.13 0.52
1.79 1.12
0.34 0.38
-1.58 -1.24
-0.12 0.70
-0.96 0.13
-0.09 -0.52
1.39 1.30
-0.37 -0.52
2.94 1.17
-1.14 -1.65
