-1.14 0.66
-1.08 -0.24
0.38 -1.35
0.67 0.13
0.26 -0.31
1.84 -0.99
-0.24 0.23
-1.79 2.48
0.82 -0.48
-1.33 -0.46
0.96 -0.71
-0.39 -0.07
0.22 -0.34
-1.12 0.88
-1.52 1.46
-0.44 0.01
-0.94 0.47
1.44 -0.61
0.68 0.43
0.51 1.40
0.65 0.10
-1.25 0.13
2.64 -2.96
0.06 0.04
0.03 0.51
-0.24 1.32
-1.48 2.33
0.11 0.05
0.09 -0.86
-1.01 1.80
-1.86 0.94
-0.18 -0.29
-0.21 -0.44
1.00 0.13
-0.60 -0.66
-0.30 0.71
0.16 -1.29
0.36 -0.79
0.70 -1.84
-0.93 0.07
1.03 0.08
-1.08 0.59
-1.54 2.33
1.15 -1.50
0.63 0.35
0.50 -0.66
-0.45 0.15
0.76 -0.51
0.69 -0.94
-1.04 -0.54
-1.43 0.79
-0.19 -0.77
-0.21 -0.25
0.01 0.19
2.11 -2.22
-0.15 0.27
-0.04 0.83
-1.11 0.10
-0.24 0.31
-0.30 -2.70
1.79 -0.43
-0.53 0.48
-1.08 -0.62
-1.13 1.61
-0.25 -0.86
-1.26 1.13
1.23 -0.53
0.51 0.47
-1.07 -0.10
-0.87 -0.01
0.39 -0.22
0.65 -0.10
-2.27 0.54
-0.80 0.83
0.90 -0.27
2.00 -0.84
-0.52 1.17
-1.62 1.69
0.97 0.59
-0.52 -1.09
-0.16 0.64
-0.96 0.83
-0.97 0.04
-1.17 1.21
0.14 0.61
1.34 -0.49
0.91 0.53
-0.63 1.45
0.67 -0.03
1.07 -1.54
