-1.80 -0.17
1.25 0.93
0.30 0.40
0.34 0.52
0.33 -0.81
-1.15 -0.25
1.61 1.86
0.49 -0.10
-1.47 -2.76
1.41 1.24
0.36 0.31
-1.35 -1.02
1.46 0.65
-0.71 0.41
-0.58 0.67
0.21 -0.16
0.65 0.31
-0.61 -0.57
1.32 1.14
0.60 -0.12
0.20 0.24
0.78 1.02
1.41 2.03
1.92 -0.64
-0.57 1.04
-0.34 0.95
0.07 0.77
-0.97 0.05
0.71 -0.16
1.50 -0.19
1.24 0.95
0.24 0.95
-0.69 -1.24
-0.40 0.28
1.47 1.27
-0.08 -0.93
-0.64 -0.01
-1.57 -1.70
-0.51 -1.73
1.35 -0.20
0.88 2.38
0.41 0.20
1.24 1.88
1.31 0.26
0.37 1.62
-0.21 0.92
-0.57 -0.20
1.24 0.50
1.34 1.47
-1.55 -1.22
-0.59 -0.29
-0.88 0.41
0.85 0.34
1.64 0.78
-0.55 -1.11
-1.48 0.32
0.79 0.99
0.35 -0.06
0.15 -0.69
-0.33 -1.03
2.28 0.65
0.73 0.92
-1.54 -0.75
0.53 -0.81
-0.81 -0.90
1.35 0.45
-0.00 0.36
0.87 1.07
-1.16 -1.01
-0.54 0.31
0.24 -0.49
-1.34 -0.25
1.11 1.44
0.94 -0.23
0.72 2.08
1.29 0.69
-1.26 -0.08
0.24 -0.97
-0.57 0.80
-1.40 -1.44
0.53 -0.28
-1.34 -1.74
0.75 0.77
0.70 -0.48
-0.96 -1.11
-1.89 -1.43
-0.02 0.09
1.16 2.36
-0.20 -0.68
0.26 -1.03
