-0.38 -0.40
-0.18 0.97
-0.73 0.41
0.87 -1.25
0.51 -1.66
-0.56 1.12
1.17 1.18
-0.29 0.01
0.35 -0.34
-0.10 -1.64
0.25 1.22
-1.25 0.04
1.87 0.39
-0.38 -2.28
1.51 -0.37
-1.23 -1.23
0.87 1.13
0.34 -1.25
-0.29 0.60
1.59 -0.14
0.36 0.23
0.38 -0.93
0.85 -0.55
0.33 2.19
0.61 -0.25
-1.48 -1.54
-0.70 -0.51
0.66 0.78
-0.78 -1.00
-1.81 -0.34
-0.59 0.55
-0.26 -0.88
-0.70 0.54
-0.32 -1.85
-0.88 0.12
-1.79 -0.50
1.35 -0.56
1.01 0.83
2.04 -0.10
-3.28 -0.48
-0.37 -0.00
1.80 -0.10
0.02 -1.20
0.75 2.44
0.97 0.87
-1.85 -0.76
0.49 0.68
0.75 0.13
0.14 1.39
1.68 1.02
-0.57 0.07
-0.71 -0.81
0.13 1.13
1.01 -0.49
1.11 2.46
0.04 -0.12
-0.22 0.28
0.56 0.48
-0.64 0.62
0.19 0.21
-0.54 0.31
0.17 0.93
-1.93 0.71
-0.83 1.71
-0.68 -1.17
0.72 0.27
0.17 -0.40
-1.38 0.73
0.02 -0.84
0.74 -1.58
-1.66 -0.41
-0.02 -0.15
0.23 -1.78
-0.69 0.39
0.78 1.56
0.36 -0.13
2.05 -3.07
0.77 -0.46
0.24 0.37
2.08 0.53
-0.13 -1.66
-0.80 0.28
-1.88 -0.54
0.34 0.27
1.15 -0.82
-0.82 -0.61
0.51 0.01
-0.21 1.84
0.16 1.41
-2.18 0.20
0.42 0.35
-0.63 -0.50
-0.47 -0.56
-0.19 0.44
0.39 1.19
-0.66 1.03
0.86 0.16
-1.23 -0.59
0.58 -0.31
-0.04 0.32
