-0.02 -0.02
1.53 1.53
-0.71 -0.71
-0.99 -0.99
-1.21 -1.21
-1.03 -1.03
0.69 0.69
-0.41 -0.41
1.22 1.22
1.16 1.16
-0.84 -0.84
-0.43 -0.43
-1.70 -1.70
-0.86 -0.86
-0.64 -0.64
0.89 0.89
2.59 2.59
-0.19 -0.19
-0.19 -0.19
0.02 0.02
-0.93 -0.93
-0.19 -0.19
0.56 0.56
0.12 0.12
-0.02 -0.02
-0.41 -0.41
-0.03 -0.03
-0.55 -0.55
0.08 0.08
0.04 0.04
1.48 1.48
-0.91 -0.91
2.19 2.19
-1.41 -1.41
0.72 0.72
1.34 1.34
-0.76 -0.76
0.25 0.25
-0.69 -0.69
-0.18 -0.18
-1.05 -1.05
0.30 0.30
0.32 0.32
0.80 0.80
-0.37 -0.37
-0.50 -0.50
0.51 0.51
2.36 2.36
0.84 0.84
-1.15 -1.15
1.85 1.85
-0.77 -0.77
-0.50 -0.50
-0.07 -0.07
-0.22 -0.22
-0.69 -0.69
-1.07 -1.07
-0.78 -0.78
-0.30 -0.30
1.11 1.11
0.20 0.20
-0.83 -0.83
1.92 1.92
-2.54 -2.54
1.47 1.47
-0.03 -0.03
-0.00 -0.00
1.35 1.35
0.04 0.04
-0.45 -0.45
1.55 1.55
1.04 1.04
-1.56 -1.56
0.02 0.02
-0.02 -0.02
-1.12 -1.12
0.44 0.44
-1.18 -1.18
0.73 0.73
-1.06 -1.06
0.33 0.33
0.61 0.61
-1.70 -1.70
-1.43 -1.43
-0.78 -0.78
0.62 0.62
-0.44 -0.44
-0.27 -0.27
-0.32 -0.32
1.52 1.52
