-0.97 -0.61
1.40 -0.37
0.83 0.31
0.58 -0.02
1.64 -0.04
1.12 -0.54
0.12 2.23
2.71 0.75
0.96 0.52
-0.45 0.14
1.44 0.37
-1.73 1.30
0.08 0.12
0.72 -0.65
-0.02 1.48
-2.18 1.79
-0.12 -0.40
1.07 1.96
-2.00 -1.65
0.57 0.74
0.58 0.22
0.74 -0.71
0.66 -0.28
-0.05 -0.05
0.67 -0.42
0.71 0.92
-1.06 2.08
-1.30 -2.35
0.20 -0.22
-0.03 0.70
-2.09 0.10
-1.01 -1.77
-1.36 -0.76
-1.13 0.17
0.51 1.88
0.38 1.25
0.19 -0.30
0.76 1.88
-0.74 -0.50
1.16 -0.84
-0.12 -1.00
-0.25 -0.38
1.10 0.40
1.64 1.03
0.55 0.50
0.38 -1.45
-2.14 -1.65
-0.51 0.72
-1.17 0.96
0.50 0.37
0.52 0.38
-0.37 -0.15
0.35 1.28
-0.79 -0.37
-0.44 -0.41
-0.01 0.01
0.48 -1.61
-0.57 0.29
-0.40 -0.11
0.30 0.61
-0.75 -1.19
1.69 0.02
-2.13 -0.52
0.33 -1.10
-0.90 0.16
0.16 -0.73
-0.18 0.80
0.43 0.27
-0.98 -0.45
0.22 -1.01
-0.06 0.78
-0.16 0.26
0.49 -0.33
1.18 0.35
-0.91 -1.07
1.18 -0.83
0.80 -1.85
0.75 -0.22
-0.45 -0.65
-1.04 0.01
1.71 0.73
0.25 1.55
-0.03 0.52
-0.26 -1.03
1.16 -0.54
-0.58 0.00
-2.23 -0.04
-1.04 0.49
1.62 1.33
-0.67 0.13
-0.90 -0.90
0.04 -1.16
0.24 -0.02
-0.24 -2.66
-1.75 -2.48
1.34 -0.19
-1.13 0.38
0.63 0.36
-0.66 1.53
0.19 1.45
