-0.72 1.03
-0.54 -0.29
-0.76 0.02
1.03 -1.13
2.49 -2.66
0.80 -0.48
-0.38 -1.48
-0.53 0.26
-0.27 0.36
0.30 -0.02
-1.85 1.55
-0.79 -0.51
1.65 -0.27
1.79 -2.54
1.80 -0.56
1.23 0.38
0.31 -1.19
-1.09 -0.35
-0.50 1.91
0.45 -1.07
1.76 -0.53
1.34 0.44
-1.13 0.11
-1.13 0.03
-0.24 0.54
-0.44 1.26
1.23 1.12
-0.55 -0.05
-0.04 -0.70
0.70 -0.59
1.05 -0.19
-0.72 0.23
-0.99 -0.11
-0.80 0.29
-0.19 -0.66
-0.24 0.05
-1.15 0.96
-1.75 1.17
-0.19 0.97
0.45 -0.40
-0.94 -0.84
1.18 0.72
0.53 -1.01
0.69 -0.16
0.25 0.43
-0.37 2.48
-1.48 2.03
0.55 -0.83
0.37 0.28
0.05 0.15
