-0.01 1.72
1.69 0.24
2.13 -1.77
0.87 0.59
-0.13 0.01
-0.99 -0.23
-1.24 1.04
0.34 -0.31
-1.46 1.27
0.08 0.43
-0.13 -0.79
0.21 -0.11
0.28 1.10
0.54 -0.18
-1.55 0.52
0.45 -1.58
-1.21 -0.13
0.97 -0.84
-0.35 1.64
-2.15 -0.60
0.13 -0.74
0.12 0.47
0.81 -1.16
-0.25 0.35
1.45 -0.85
0.06 1.05
1.36 -0.27
0.34 -1.34
-0.80 0.77
0.40 -1.30
-1.28 0.83
2.45 -0.08
-0.66 0.68
-0.62 0.90
0.87 -1.40
0.66 -0.71
1.68 -0.98
0.11 -0.57
1.29 1.35
0.70 -2.43
0.72 1.57
-0.85 -2.13
1.63 -0.76
1.14 0.95
-0.92 0.80
1.05 0.48
-0.19 0.26
0.46 -0.63
-0.82 0.73
0.78 -0.29
