-0.20 0.50
0.43 1.25
-0.28 -1.30
-0.91 0.04
2.04 -2.12
-0.65 -0.28
-0.68 -0.43
0.42 -0.21
0.88 0.93
-0.66 -0.99
-1.31 1.52
0.85 -0.53
-0.27 -0.19
-0.65 -0.17
-0.15 0.65
-1.08 0.73
-1.10 0.65
1.49 -0.29
-0.19 1.77
-1.01 1.56
1.46 -0.75
-0.95 0.51
-0.72 0.01
0.04 -0.21
1.68 -0.11
-0.08 -0.13
1.24 -0.62
-1.78 2.46
-0.58 1.14
-0.72 -0.46
-1.22 -1.35
-0.44 1.02
-1.34 0.07
-0.45 1.76
0.10 -0.30
-0.01 0.39
-0.02 1.50
0.17 -0.49
0.14 -0.09
-0.09 -0.91
1.18 -0.34
-1.32 0.04
-0.47 0.83
0.42 2.77
2.29 -2.13
0.76 -0.70
0.69 0.12
1.36 -1.36
0.26 -0.41
-0.70 -0.74
-0.48 1.24
-1.02 0.71
-0.28 0.54
1.47 0.58
0.65 -2.17
0.12 -1.12
0.04 0.09
1.12 -1.90
0.51 -0.89
0.68 0.16
1.29 0.12
-1.29 0.55
0.24 -0.04
0.51 0.26
-0.15 1.53
-0.32 -0.15
0.82 0.86
-1.13 0.10
-0.23 -0.56
-1.29 0.98
0.02 -0.21
-0.67 0.23
-2.17 0.64
-0.06 0.57
-2.28 -0.34
0.62 -0.05
-1.89 -1.28
-1.16 0.45
-0.09 -0.98
1.67 -0.47
0.29 1.34
-0.84 -1.39
2.59 -1.30
-0.07 -0.18
-1.57 -0.90
0.11 0.90
-0.09 2.50
2.03 -0.15
-0.50 -0.80
-0.13 0.30
