0.79 -1.31
0.36 0.15
0.51 -0.62
-1.17 0.10
0.20 -1.48
-1.64 1.66
1.19 -0.24
0.13 -1.43
0.32 0.31
0.34 -2.13
1.30 -0.42
-0.64 0.03
2.11 -1.53
-1.46 1.60
-0.33 1.73
0.22 -0.01
-1.82 1.68
0.04 0.40
-1.00 -0.72
0.93 0.14
0.52 -0.75
-0.59 0.09
2.34 -1.55
0.29 -0.64
1.48 -0.70
-0.74 -0.29
-0.85 1.17
-1.08 1.24
1.78 -1.61
-0.53 0.35
-1.00 0.50
-0.29 0.75
-1.28 1.60
1.38 -0.53
0.48 -0.82
-1.29 1.52
0.31 -0.30
-0.95 -0.14
0.52 0.10
0.77 -0.90
1.02 -0.51
1.08 -0.71
2.24 -0.46
-1.50 2.52
-0.30 -0.04
0.16 -1.42
-0.78 -0.66
-0.71 1.80
-0.18 -0.25
0.64 -0.10
-2.03 1.28
0.72 -0.62
0.59 -2.83
0.50 0.97
0.62 0.59
-0.33 0.89
0.24 -0.36
-1.45 -0.43
0.19 0.97
1.09 0.46
0.33 0.61
-0.55 0.88
0.29 -0.67
0.87 -0.85
-1.55 0.37
-1.40 -0.07
-0.51 -0.67
0.79 -0.65
0.66 -0.03
0.48 -0.21
-0.66 0.92
1.60 -0.58
1.90 -1.26
0.39 -1.30
-0.86 -0.49
-0.74 1.08
0.47 -0.90
0.32 -1.12
-0.54 1.65
0.13 0.29
1.42 -0.87
-1.49 1.41
0.14 -0.21
-1.53 0.44
0.33 -1.98
0.10 0.98
1.87 -0.07
-1.58 0.09
-0.10 0.31
-0.67 0.50
-0.77 0.90
0.14 0.37
-1.38 1.30
0.61 0.71
1.30 -1.44
0.38 0.23
-0.66 0.89
0.30 0.46
0.74 1.00
-1.24 1.11
