0.79 0.90
0.68 -1.13
1.01 -0.69
-1.52 0.79
0.83 -1.36
0.08 1.42
-1.39 1.13
0.68 -0.01
0.29 -0.66
-1.82 1.52
-0.47 0.99
0.08 -0.47
-0.99 -0.21
-1.33 1.50
0.16 0.62
1.14 -1.67
-1.01 1.47
-0.34 -0.26
0.66 0.11
0.82 -0.86
0.20 -1.01
-0.27 -0.38
-1.23 0.36
-0.90 1.02
0.42 -0.95
-0.24 -0.19
2.88 -0.95
1.49 -1.08
-1.02 1.49
1.03 -0.31
-0.06 0.32
-0.28 1.15
-0.35 -0.15
-0.98 1.16
-1.77 0.20
-0.13 0.76
1.46 -1.47
1.18 0.11
0.02 -1.80
-0.30 -0.29
-0.56 0.34
0.28 -1.13
-0.96 0.64
0.39 -0.55
1.98 -2.57
0.03 -0.51
-0.37 0.07
-1.87 1.41
-0.62 0.68
-0.14 -1.12
