-0.50 0.61
-0.43 0.07
1.02 -0.65
0.27 0.07
0.99 1.58
-0.79 -0.16
0.64 0.73
1.41 1.45
0.47 0.51
-1.31 -1.51
1.21 -0.30
-0.37 0.13
0.15 0.36
0.40 0.63
-0.23 0.57
1.33 0.28
1.06 1.19
-0.37 -1.75
-0.64 0.26
-0.06 0.89
-0.28 -1.39
3.23 1.88
2.11 0.90
1.78 2.19
-1.62 0.15
-0.87 -0.91
-0.14 0.50
0.77 1.64
1.40 1.39
-0.67 -1.69
-0.94 -1.27
0.76 0.25
1.31 0.49
0.28 -0.48
-0.67 -0.44
-0.58 -0.50
-0.28 0.05
2.10 3.32
0.18 0.41
0.65 0.79
0.76 1.71
-0.15 0.48
1.60 2.69
0.17 -0.78
0.06 0.71
-0.94 -0.64
-2.24 -0.60
0.80 0.14
-1.08 -1.34
1.07 -0.83
-0.08 0.95
0.52 0.16
-0.43 -0.85
-0.66 -0.23
-1.03 -0.53
-0.16 -0.51
-2.29 -2.27
0.72 0.90
-0.08 -0.24
-0.23 -0.28
-1.49 -0.56
0.31 -0.27
0.22 0.91
-0.07 -0.61
0.18 -0.54
0.29 -0.62
0.02 0.38
0.68 -0.70
-1.30 -1.00
-1.56 -0.71
-0.83 -1.26
-0.57 -0.97
1.83 1.49
1.11 0.38
0.78 0.67
0.12 0.84
0.04 0.58
0.19 -0.71
-0.18 0.21
0.53 0.50
1.63 0.63
0.02 0.32
0.21 -0.75
-0.12 0.42
0.04 -0.45
2.07 1.98
-1.96 -0.82
-0.28 -0.71
0.64 -0.74
0.77 0.55
