0.06 -1.47
-0.44 -0.41
0.94 0.14
1.69 0.39
-0.81 -1.73
-1.00 0.71
-1.01 0.15
0.74 -0.60
-0.36 1.72
-1.13 0.56
0.35 -1.77
-0.32 -0.26
-1.13 1.47
1.26 -0.12
-0.67 -0.25
-0.05 0.74
-0.27 0.04
-1.93 1.56
-2.09 1.78
-0.28 -0.36
0.86 -1.81
0.35 -0.14
-0.07 0.32
0.69 2.03
1.77 -1.75
0.08 -2.01
-0.73 0.41
0.51 0.27
-1.63 1.67
-0.27 -0.36
1.58 0.41
-1.39 -0.50
-0.83 1.24
0.72 0.61
0.92 -0.94
1.78 -1.14
0.49 0.27
-1.68 0.69
0.52 -0.20
-0.10 0.48
0.89 -0.05
0.06 -0.54
-0.38 -0.24
1.24 -0.29
1.54 0.73
0.61 -0.75
-0.96 -1.03
0.47 -0.02
-1.38 1.65
-0.63 0.51
