1.01 -1.23
0.05 -0.14
-0.15 0.62
-0.05 -1.45
0.51 -0.20
-0.73 -0.10
0.23 -0.49
0.19 0.89
-1.09 -1.09
0.82 0.96
1.50 0.27
-0.52 -0.49
1.05 -0.80
-0.35 0.51
0.82 0.26
-1.49 0.63
-1.87 0.43
-0.07 -0.29
-0.05 2.05
0.46 -0.04
-1.09 -2.40
-1.45 0.91
-0.03 -0.66
0.28 0.17
-0.11 -0.46
0.91 -1.03
-0.07 -1.11
-0.27 -0.90
0.72 -0.24
0.70 -0.42
-0.83 1.46
-0.07 2.23
-0.82 1.88
3.01 -0.30
0.33 -0.15
-0.06 1.47
1.05 1.03
-0.14 0.97
0.38 -0.06
1.59 -1.74
-0.14 -0.51
-1.90 -0.13
1.80 -0.20
-1.16 -0.18
1.28 -0.94
0.20 0.41
-0.76 -0.80
0.21 -0.13
-0.15 0.35
1.42 -1.05
1.15 -1.49
0.86 0.37
1.28 0.66
1.09 0.11
-0.08 -1.50
1.68 -0.88
-0.96 1.76
0.50 2.24
0.92 0.69
0.40 -0.81
-0.97 -1.27
0.35 -0.63
-0.61 -0.26
-0.22 0.69
0.76 -0.21
0.49 1.56
0.46 -0.11
0.19 0.29
-0.67 0.39
-1.86 -0.07
1.72 -0.12
-1.48 0.23
1.62 -0.75
0.94 0.02
1.60 0.51
0.85 1.66
0.93 0.01
-0.80 -0.95
-1.18 -1.37
-0.51 -0.66
-0.99 -1.38
-0.32 -1.28
-1.12 -1.57
-1.53 0.24
-0.51 0.40
-0.91 0.78
-0.38 -1.40
-0.84 0.63
-1.06 -0.91
0.37 1.53
-1.24 0.40
0.23 0.30
-1.65 -1.47
-0.34 1.80
-0.73 0.55
0.36 -2.20
2.55 1.51
-0.09 0.38
-0.86 -0.11
-1.45 1.41
