-2.09 0.88
0.06 -0.51
0.68 -0.48
-0.06 -0.04
0.19 0.57
0.60 -0.97
1.43 -0.64
-0.09 0.83
0.66 -0.25
-0.37 -0.13
-0.60 -0.80
0.05 -0.73
-0.98 -0.65
0.26 0.10
0.83 0.19
-1.01 2.27
0.01 1.44
1.20 -0.87
-1.68 -0.16
-0.05 1.06
0.98 0.27
-0.46 0.47
1.44 -0.74
0.75 -0.18
1.85 -0.77
0.32 0.44
-2.51 1.21
1.90 0.03
-0.26 0.58
-0.71 -0.36
0.77 0.26
-0.62 1.57
0.03 0.90
0.71 0.11
0.06 1.86
-0.04 -0.85
0.83 0.95
-0.70 0.08
-1.38 2.04
-0.11 -0.38
-0.99 0.07
0.59 -1.36
-1.71 0.19
-0.22 -0.60
-1.23 -1.29
1.20 1.84
0.64 -0.79
1.65 1.36
0.44 -1.51
-1.88 1.56
-0.98 0.24
-0.17 0.56
-0.66 0.28
-0.94 1.12
-1.95 1.00
1.13 -0.69
1.10 -0.76
0.91 -0.40
-0.32 -1.28
0.01 -0.44
-1.19 1.19
-0.40 2.54
-0.19 -0.06
1.07 -0.09
0.62 -0.84
-0.83 1.03
-1.08 1.46
0.11 -1.16
-0.45 -1.28
0.67 0.69
0.19 -1.19
-1.02 -0.06
-1.29 -0.10
0.18 1.29
-1.34 0.23
0.67 -0.22
0.23 -0.96
-2.15 -1.60
0.92 -0.11
1.10 0.08
-0.99 -0.60
-0.09 1.68
0.96 -0.03
-0.74 0.44
1.31 -1.63
1.09 -1.00
-0.83 2.24
1.89 -1.93
-0.32 1.23
-1.35 -0.69
