1.23 0.84
-1.01 1.04
0.41 1.30
-0.05 0.72
-1.84 0.44
0.68 1.14
-0.92 -0.89
1.43 -0.01
-0.95 0.01
0.73 2.31
0.06 -0.37
-0.96 -0.42
-1.77 -2.36
0.39 -0.19
0.73 -0.30
0.45 -1.72
0.25 -1.49
1.31 0.57
-0.01 -0.83
2.01 -1.11
-1.24 -0.47
0.44 1.05
0.94 0.73
0.53 0.60
0.43 0.54
0.04 1.99
-1.41 0.63
-1.57 -1.59
1.01 -2.92
0.31 -1.81
0.12 0.06
0.36 1.21
-2.99 -1.79
1.39 1.00
-0.47 0.34
0.58 0.08
-0.60 0.26
-0.30 -0.19
0.84 -0.15
-1.09 1.34
0.59 0.59
0.02 -0.77
-0.80 -0.90
-1.86 0.52
0.35 -0.66
-1.76 1.26
-1.21 -1.17
-0.97 0.41
-1.18 -0.08
-1.52 0.67
0.71 -0.25
0.55 0.29
0.89 -1.56
-0.22 -0.18
1.28 -1.29
-0.28 1.12
0.40 -1.20
0.90 -0.56
-0.31 -0.65
0.18 -0.87
-2.24 0.76
1.01 -0.92
0.28 -0.04
0.37 -0.41
1.42 0.28
-0.74 -1.52
0.11 0.12
1.17 1.08
0.76 -0.74
1.23 0.70
-0.13 0.45
-1.12 0.84
1.34 -0.29
-0.23 0.03
-0.49 -1.32
0.95 -0.36
-0.93 -1.86
1.12 -0.07
1.10 2.04
0.09 1.28
1.05 0.95
0.31 -0.09
0.78 -0.11
-0.85 0.73
0.72 0.28
0.25 0.09
-0.00 -0.65
0.77 1.54
-0.91 -1.15
-0.41 -0.18
1.67 -0.72
-0.60 0.99
-0.27 1.15
0.40 1.74
-0.66 0.26
0.35 0.44
0.55 -0.25
-2.48 -0.59
0.54 1.00
-1.49 0.18
