-1.30 -0.66
-0.99 -1.52
-0.68 -0.41
-2.23 0.59
-1.13 1.64
-0.38 1.24
-0.09 1.24
-0.01 -1.20
-1.45 -0.89
-0.24 1.09
1.85 1.67
-0.25 -0.49
0.42 -0.47
-0.29 -1.36
-0.26 -0.11
0.81 -1.12
-0.32 0.77
0.92 0.96
0.83 0.48
-0.49 -0.44
-1.23 0.09
-1.63 -0.52
0.41 0.02
-0.05 0.81
0.49 0.95
0.70 1.63
0.26 0.59
-0.57 0.49
-0.79 0.35
1.48 -1.41
-2.35 0.45
-0.79 1.64
2.35 0.89
0.43 1.67
-1.48 -0.42
-0.87 0.52
-1.49 0.39
0.30 -1.85
0.58 0.27
-0.01 -0.40
-0.89 -0.04
1.08 2.08
0.41 0.47
-1.02 -0.35
0.22 2.80
-0.18 0.96
0.65 -0.03
0.31 -0.23
1.84 0.94
0.05 -0.57
