0.13 0.13
-0.45 -0.45
-2.28 -2.28
-0.10 -0.10
-0.71 -0.71
-0.80 -0.80
0.38 0.38
-1.20 -1.20
1.34 1.34
-1.52 -1.52
-0.02 -0.02
0.83 0.83
0.60 0.60
0.30 0.30
-0.69 -0.69
-0.55 -0.55
0.68 0.68
0.20 0.20
0.52 0.52
-1.02 -1.02
-0.17 -0.17
0.54 0.54
-0.79 -0.79
-0.31 -0.31
-1.99 -1.99
0.05 0.05
-0.02 -0.02
0.85 0.85
0.34 0.34
-0.42 -0.42
0.26 0.26
1.34 1.34
1.53 1.53
-0.03 -0.03
0.49 0.49
0.33 0.33
1.03 1.03
0.19 0.19
0.20 0.20
-1.93 -1.93
0.01 0.01
-0.41 -0.41
1.93 1.93
-1.57 -1.57
0.07 0.07
-2.59 -2.59
0.11 0.11
1.69 1.69
1.45 1.45
-0.05 -0.05
-0.44 -0.44
0.32 0.32
1.37 1.37
1.76 1.76
1.74 1.74
-0.27 -0.27
0.35 0.35
0.24 0.24
-0.22 -0.22
0.30 0.30
0.37 0.37
-0.84 -0.84
1.77 1.77
-0.58 -0.58
-0.40 -0.40
-2.15 -2.15
0.51 0.51
-0.25 -0.25
-0.11 -0.11
-1.84 -1.84
-1.03 -1.03
0.27 0.27
-0.96 -0.96
0.91 0.91
-0.52 -0.52
-0.35 -0.35
0.39 0.39
0.85 0.85
1.30 1.30
-0.70 -0.70
-0.24 -0.24
-1.28 -1.28
-1.58 -1.58
-0.95 -0.95
-1.10 -1.10
-0.02 -0.02
-1.71 -1.71
0.39 0.39
-0.18 -0.18
1.90 1.90
