0.76 0.30
0.85 1.00
1.71 -0.33
-0.24 -1.79
0.25 -0.17
-0.44 1.24
0.03 0.33
-0.66 -0.03
0.64 -1.12
-2.47 1.76
1.42 -0.90
-2.11 -0.97
0.78 0.56
0.10 -1.24
-0.36 -0.32
-0.53 0.88
-0.51 2.23
1.58 -0.95
-0.59 0.45
-0.42 -0.16
0.23 0.47
-0.00 1.04
-0.78 -1.99
-1.52 -1.50
-1.10 -1.93
-0.11 0.51
-0.23 0.75
0.18 -0.34
0.44 1.35
-0.66 0.27
0.11 1.17
0.24 0.72
-0.80 -0.46
-1.31 -1.60
0.67 -1.99
0.67 -1.09
-0.17 0.67
-0.27 -0.42
-0.91 0.28
0.16 0.02
0.84 0.61
-1.44 0.15
-1.74 1.98
-0.72 0.00
-0.49 -0.18
0.27 -0.56
-0.50 1.74
2.25 0.82
0.13 0.42
1.01 -0.58
0.18 -1.13
0.09 -0.23
2.07 -1.77
-0.93 -0.60
0.31 -1.47
-0.32 0.43
-0.53 -0.87
-0.12 -0.49
0.80 -0.05
0.59 -0.53
-0.44 -0.67
-0.61 1.61
1.58 0.63
1.37 -0.74
0.77 0.11
0.10 1.57
0.16 -1.12
0.98 1.80
-1.57 -0.17
2.03 -0.67
1.08 0.77
0.46 0.74
0.45 -0.29
-0.89 -0.88
-0.70 0.49
0.84 -0.35
-2.11 0.12
-0.96 0.20
-0.14 0.45
0.37 -2.20
1.91 -0.98
1.03 0.15
0.10 -0.65
2.74 -2.03
-0.33 0.09
0.18 0.74
-0.61 -0.67
0.58 -1.34
-0.16 1.08
-1.46 -0.61
0.81 0.10
1.09 0.61
0.12 1.10
0.68 0.99
0.58 0.89
2.36 1.41
-0.06 1.30
2.00 -1.12
-0.15 -0.26
0.64 0.28
