2.50 2.50
-1.88 -1.88
-0.63 -0.63
0.44 0.44
0.33 0.33
-0.74 -0.74
0.10 0.10
0.71 0.71
-1.01 -1.01
0.22 0.22
-1.07 -1.07
-0.64 -0.64
-1.04 -1.04
-0.17 -0.17
-0.93 -0.93
-1.33 -1.33
0.32 0.32
0.39 0.39
-0.70 -0.70
-1.14 -1.14
-0.02 -0.02
1.17 1.17
1.16 1.16
0.53 0.53
0.82 0.82
-1.01 -1.01
1.34 1.34
-0.01 -0.01
-0.10 -0.10
-1.03 -1.03
-1.05 -1.05
0.38 0.38
0.43 0.43
-0.43 -0.43
-1.14 -1.14
1.19 1.19
0.29 0.29
0.95 0.95
0.72 0.72
-2.30 -2.30
0.43 0.43
-0.89 -0.89
-0.35 -0.35
-0.82 -0.82
0.83 0.83
-1.45 -1.45
0.56 0.56
1.08 1.08
1.11 1.11
-0.70 -0.70
-0.33 -0.33
1.70 1.70
-0.22 -0.22
1.64 1.64
2.48 2.48
0.44 0.44
-0.48 -0.48
-0.73 -0.73
0.32 0.32
-1.34 -1.34
0.19 0.19
-1.85 -1.85
0.74 0.74
-0.18 -0.18
0.54 0.54
0.74 0.74
1.52 1.52
-0.09 -0.09
-0.39 -0.39
0.61 0.61
0.37 0.37
0.56 0.56
1.78 1.78
1.76 1.76
-0.67 -0.67
1.29 1.29
-0.61 -0.61
-0.92 -0.92
-0.93 -0.93
1.26 1.26
-0.11 -0.11
-0.35 -0.35
-0.70 -0.70
0.43 0.43
0.64 0.64
-1.88 -1.88
0.36 0.36
-0.50 -0.50
0.72 0.72
1.08 1.08
0.03 0.03
0.19 0.19
0.16 0.16
-1.71 -1.71
-1.37 -1.37
-2.10 -2.10
0.26 0.26
-0.29 -0.29
-0.81 -0.81
1.30 1.30
