0.87 0.38
-0.82 -0.81
-0.47 0.44
1.21 1.83
-0.82 -0.43
-0.13 -1.70
1.07 -1.27
0.22 -0.53
-0.40 1.43
0.62 1.22
-0.85 2.54
0.69 0.39
-0.44 -0.44
-0.80 0.44
0.34 -0.97
-1.19 0.62
1.91 -0.50
-0.98 -0.93
-0.50 -0.36
0.64 0.05
-0.50 -1.06
-0.66 -2.09
0.70 -0.79
0.72 0.25
0.33 0.65
-0.20 -1.21
-0.12 -1.21
-1.43 2.02
1.17 -0.53
-0.05 0.44
-0.05 0.75
-0.63 0.65
0.85 0.32
-1.65 -1.55
1.01 1.29
-1.33 0.47
-1.07 -0.13
0.60 -1.12
0.17 -1.46
0.55 0.05
-0.95 0.26
-0.98 -1.86
0.34 -1.28
-0.30 -3.31
1.68 -1.41
0.68 -0.02
0.07 -0.12
0.91 0.78
-1.12 -1.06
-0.60 0.92
2.25 1.67
0.57 1.15
-0.88 0.34
1.56 0.52
-1.48 0.55
0.67 0.06
0.07 -0.38
0.03 -1.04
-0.79 0.84
-1.79 0.81
1.25 0.83
-0.51 -0.66
0.76 -0.28
-0.03 -0.31
-0.34 1.01
-0.37 0.46
1.76 0.92
2.94 1.05
1.54 -0.49
1.28 0.94
2.13 0.23
-0.60 -0.02
-0.32 0.10
0.23 -0.40
0.06 -0.48
-0.98 1.34
1.56 0.61
-0.96 -0.78
-2.03 -0.47
0.43 0.60
-1.16 -0.48
1.29 -0.56
-0.89 -0.96
-0.61 0.31
-0.75 1.77
-0.05 0.36
-0.05 -0.57
0.07 -0.43
1.33 -1.38
0.92 0.33
