0.15 0.56
0.92 -0.57
-0.07 0.38
-0.50 1.28
-0.48 0.28
0.60 -0.66
-0.65 -0.50
-2.10 2.46
0.29 -0.05
0.89 0.15
-0.07 0.11
-1.35 2.11
-1.26 1.03
-0.42 0.46
-0.31 1.09
-1.02 0.61
0.76 -0.46
-0.29 0.73
-0.77 0.90
-0.93 1.23
-0.24 0.07
0.41 0.35
-0.07 0.17
-0.31 1.70
-0.50 0.55
1.44 -0.87
-0.94 -0.63
2.96 -2.51
-0.06 0.28
-1.87 2.04
-0.33 0.19
0.08 -0.11
1.56 -2.26
0.55 -1.46
0.20 0.12
0.80 -0.73
0.06 -0.68
-1.83 1.02
-0.57 0.25
-0.62 0.77
-1.36 1.15
0.22 -0.28
-0.51 0.26
0.37 -0.92
0.77 0.06
-0.17 0.42
1.39 -0.84
2.05 -1.90
1.11 -1.09
0.89 -1.69
0.91 -1.71
1.59 -1.23
-0.15 -0.54
0.30 0.16
-1.18 -0.42
0.20 0.04
-2.43 1.78
0.21 -0.18
1.49 -2.11
-0.66 -0.04
1.19 -0.87
0.06 0.41
1.41 -1.22
-0.39 -0.60
0.83 -0.52
0.79 -1.35
1.54 -0.01
-0.70 1.08
2.09 -0.90
-1.24 1.30
0.34 -0.35
0.62 -0.29
0.22 -0.31
-0.12 0.05
-0.79 0.52
-0.97 0.61
0.98 -0.67
-1.06 1.38
1.31 -0.68
0.07 0.02
-0.48 0.91
0.14 -0.91
0.01 0.40
0.96 0.68
-1.82 1.85
0.53 0.17
-1.19 0.08
-0.48 -1.07
0.07 0.29
1.42 -1.62
