-0.36 -1.49
1.02 0.66
0.17 1.58
1.13 -0.54
0.77 0.86
-1.07 0.13
-0.92 -1.65
1.42 0.54
1.18 -1.72
1.66 -1.10
-0.14 1.73
-0.56 0.30
1.56 -0.24
-0.39 -1.71
-0.36 1.33
-0.77 0.59
-0.40 -1.00
0.57 -0.22
-0.23 -1.71
-1.64 1.51
-0.22 -0.83
-0.07 0.66
-0.21 -0.66
-0.70 -0.42
0.19 -0.78
-1.58 0.90
0.68 -1.13
2.26 -0.48
0.34 -2.21
-2.21 0.69
0.06 -1.63
-2.25 -0.63
0.20 -0.70
-0.52 -0.82
1.95 -0.74
0.21 -0.15
-0.13 1.13
-0.72 -0.73
0.83 -0.85
1.45 0.05
-0.20 -0.71
1.88 -2.99
-0.56 -1.09
-1.13 -1.14
2.05 -1.73
0.22 1.40
-0.75 -1.08
-0.21 -1.18
-0.45 -0.18
-0.44 -0.39
1.60 -2.89
0.44 -1.38
-0.19 -0.74
-0.91 -0.22
-0.34 -1.20
0.55 -0.83
2.34 -0.70
1.80 -0.76
-0.75 0.25
-0.35 -0.89
-1.32 0.43
-0.41 -1.33
-2.42 2.18
-0.42 -1.18
-0.15 -0.31
-0.64 0.20
0.90 0.08
0.78 0.86
0.53 -0.30
1.97 -0.37
0.45 0.54
0.10 -0.95
0.34 0.89
0.15 0.71
-0.61 -1.25
-0.59 -1.36
0.60 0.55
-0.03 -0.19
0.70 -1.17
-1.18 -0.25
-1.44 0.71
-0.35 0.07
-0.23 -0.02
-0.50 -0.21
-0.10 -0.38
0.03 -0.28
-0.15 -0.21
1.11 -0.73
0.41 -1.39
0.96 -2.29
