-0.03 -0.77
-0.11 0.61
-0.85 -0.50
-1.86 0.85
2.87 1.09
1.33 -0.25
1.66 0.25
-0.93 -0.88
-0.47 -0.32
2.27 -0.35
-0.79 -0.96
0.43 -2.73
-1.30 -1.82
0.29 1.41
-0.70 0.98
-0.75 1.84
0.37 -1.79
0.16 0.61
-0.60 -0.73
-2.12 -0.39
0.92 0.24
1.16 0.49
1.34 1.02
-1.42 0.09
0.46 0.30
-0.71 -0.31
-0.23 0.54
0.79 0.37
0.97 1.07
0.59 -0.09
-0.14 -0.89
1.24 0.68
0.62 3.16
-0.54 -1.12
-0.79 1.32
-0.28 -1.94
0.74 -0.29
0.48 1.28
0.54 -1.12
0.26 -2.17
0.70 0.03
1.12 0.27
1.58 0.29
1.50 0.80
0.67 -1.03
0.87 -0.87
-1.09 0.16
1.18 -0.23
0.42 1.07
1.19 0.45
0.66 1.05
0.45 0.42
0.85 -2.32
0.76 -0.21
-0.38 -1.36
-1.69 -0.97
-0.98 -0.64
-0.60 0.07
-0.40 0.02
0.31 0.14
-0.73 -0.08
-1.15 -0.17
0.81 0.60
-1.16 0.02
-0.36 -1.15
-0.77 -1.04
-1.05 -0.59
1.51 0.22
-0.36 1.11
-0.36 -1.20
1.55 -0.39
1.44 1.25
1.85 -0.79
0.35 -0.97
1.11 0.03
-0.17 -1.15
-1.14 0.46
-0.07 1.08
0.44 0.68
-1.15 -0.43
-0.55 0.31
1.47 2.23
-1.80 -0.28
-0.07 0.63
0.03 -0.44
0.55 1.35
-0.11 0.51
1.35 -0.48
-0.67 0.43
-0.20 -0.30
