1.11 2.13
-0.80 0.34
1.05 -0.22
0.28 0.72
1.45 -1.21
0.65 -0.30
0.29 0.25
-1.94 -0.55
-0.22 1.11
0.33 1.28
-0.82 -0.72
-0.80 2.22
2.40 -2.27
1.52 -1.34
1.16 1.21
-0.51 0.03
-0.16 0.95
0.12 0.44
1.44 -0.52
-0.97 -1.57
1.09 -0.54
-0.85 -0.96
-1.10 -0.77
1.04 0.17
-0.70 -0.03
-2.38 0.28
-0.11 -1.58
-0.94 -1.88
-0.28 0.52
-0.58 -0.09
-0.60 -0.10
1.42 -0.72
0.81 -0.47
-2.05 -0.83
-0.02 -0.73
-0.65 0.05
-0.10 1.76
-0.83 -0.61
0.75 0.02
-1.44 -0.98
-0.15 1.02
-0.28 0.75
-0.06 -1.27
1.01 0.54
-0.95 0.90
-0.10 1.03
-0.36 -0.83
-0.24 -0.61
0.17 -0.80
-1.37 -1.12
