-0.11 -0.20
0.60 0.35
-0.93 -1.14
-0.19 -3.06
-1.54 0.80
-1.37 0.02
-1.62 -0.39
-0.90 0.90
0.15 -0.87
0.52 1.37
-1.15 0.98
-0.62 -0.85
0.03 0.74
0.01 1.00
-1.27 -0.31
0.25 -0.17
1.40 -0.35
0.43 0.64
0.42 -1.93
0.19 -0.07
-0.18 -0.62
0.69 0.33
0.21 1.25
-0.07 -0.96
0.24 -0.10
0.60 -0.02
1.86 1.85
-1.61 0.93
-2.72 1.32
-0.59 -1.57
-0.85 1.96
-1.84 0.55
0.20 -0.90
1.00 -0.41
1.52 -0.14
1.02 -1.45
-1.23 0.28
-0.10 -0.21
-0.72 0.10
0.90 0.09
0.23 0.10
0.16 1.07
0.34 -0.96
1.04 -0.24
0.44 -1.13
-1.41 1.20
-0.51 -0.37
-1.70 1.66
1.52 0.74
-1.22 0.59
