0.62 1.67
0.99 0.05
-0.49 1.63
-0.45 0.32
0.73 1.01
1.35 0.42
0.56 -0.27
-0.95 1.09
0.80 -0.32
0.46 0.56
2.14 -1.78
2.05 -3.06
0.99 -0.68
-0.20 0.94
-2.04 0.23
-0.64 -0.32
0.83 -0.68
0.74 -1.03
0.97 0.39
1.18 -0.26
-0.28 -1.81
-0.38 2.44
-1.99 1.18
0.63 -0.55
-0.33 0.40
-0.04 0.11
1.33 -1.25
1.21 0.11
-0.63 0.16
0.87 -1.36
-1.08 -0.54
1.19 -0.06
0.23 -1.29
-0.01 1.36
0.48 0.95
-0.01 0.41
0.48 -0.63
0.70 -0.96
-0.24 -0.40
-0.10 -0.67
1.42 0.06
-0.62 -0.71
-1.41 -0.23
-0.13 -0.89
0.68 2.30
0.44 0.05
0.86 -1.20
0.89 -0.12
0.23 -1.42
-0.69 0.12
2.56 -0.87
0.02 -1.09
-0.54 0.30
1.88 -2.46
0.57 -1.43
-2.44 0.79
0.60 0.39
1.29 0.32
-1.56 0.35
-1.27 0.61
0.41 -0.43
1.01 -0.82
-1.24 0.50
-2.01 1.10
1.57 -1.12
1.23 -1.39
-0.80 -1.49
-0.09 -0.42
0.02 0.66
-0.49 0.20
0.03 -1.11
0.49 0.12
-0.85 0.47
0.32 -0.86
0.85 -1.98
-0.83 -0.38
-1.41 -0.15
0.26 -0.04
1.37 -1.93
-1.72 -0.74
-0.32 -0.31
-0.26 -0.22
1.82 -0.62
0.71 -0.21
-0.30 0.90
-0.60 -0.40
0.08 1.20
0.01 -1.16
0.37 -1.83
-0.10 0.56
