-0.45 1.64
-0.97 -0.50
0.23 -0.15
-2.03 1.50
-0.78 1.00
-0.55 0.21
1.31 -0.68
-0.55 -1.00
-0.74 1.83
1.88 -1.49
1.47 -1.35
0.19 -0.40
0.75 0.81
0.40 -1.03
-0.52 -0.11
-1.19 -0.69
0.11 0.35
0.52 -1.73
0.62 1.54
-0.31 0.37
-1.25 -0.87
-0.51 1.49
2.15 1.01
2.26 0.62
1.26 -0.64
0.36 -0.44
0.09 1.11
0.41 -0.02
0.69 0.82
-0.59 -0.39
0.27 -0.57
-0.44 0.13
-0.11 -0.14
0.61 -2.57
1.03 -1.08
-0.07 -0.62
-0.35 -0.52
1.63 0.34
-0.17 0.77
0.80 -2.23
-0.90 0.72
-0.21 1.06
1.41 0.46
0.87 -0.58
-0.28 -0.75
-1.94 2.89
0.05 0.55
-1.03 0.76
-0.92 0.69
1.29 1.80
-0.55 0.13
0.51 -0.80
-0.54 0.10
0.14 0.13
-1.08 0.86
1.00 0.04
1.23 0.61
2.29 0.48
1.33 0.20
0.30 0.08
-2.60 0.84
0.15 1.14
0.45 -2.11
-0.79 0.41
0.54 -0.25
-1.32 0.66
0.03 -0.43
-0.04 -0.34
-0.67 0.18
3.20 -1.86
1.53 -0.39
0.39 -2.11
0.91 -0.42
-0.44 -0.69
-0.50 -0.75
-0.37 1.57
0.92 0.84
-1.09 0.55
-1.23 1.34
-0.16 -0.92
0.43 0.29
0.13 -1.40
0.70 1.05
-0.14 0.24
-0.36 0.48
-1.08 -0.85
-0.30 0.61
-0.88 -0.16
0.39 -0.13
-0.30 0.63
