2.56 1.41
0.56 0.19
-0.85 -1.56
1.09 1.11
-0.03 0.49
-0.89 -0.10
0.27 0.36
0.64 -1.16
-0.78 0.33
1.86 0.90
-1.31 -0.09
0.08 0.06
-1.32 -1.84
-1.98 -0.19
-1.23 -0.16
0.16 0.75
1.54 1.89
0.22 0.15
-0.71 -0.74
-1.47 -0.28
-0.38 -1.93
0.22 -1.10
-0.95 -1.03
0.13 -1.03
0.92 1.21
-0.97 0.51
0.39 0.22
-0.29 -1.10
1.09 0.92
0.48 -0.35
0.48 0.90
-0.92 -1.12
0.40 -1.25
0.58 0.40
1.66 1.53
-0.07 -0.26
-0.71 -0.95
-0.06 -0.28
1.55 0.99
1.11 1.23
-1.39 -1.32
1.57 2.95
-0.39 -0.07
-2.27 -1.99
1.51 0.45
0.30 0.50
0.87 0.50
0.39 -0.64
-1.24 -1.04
0.83 1.12
1.56 1.09
-1.33 -1.69
0.40 1.35
0.19 -0.13
0.44 -0.39
-1.16 -0.67
-1.60 -0.78
0.54 1.18
-0.37 -0.67
0.64 -1.45
-2.25 -1.69
-0.67 0.35
0.07 -0.46
-1.13 -0.65
1.65 1.10
-0.50 -0.72
1.37 0.84
-0.07 -1.18
-0.50 -1.29
-0.69 -1.28
-1.03 -0.50
-0.64 0.58
0.24 0.00
0.35 1.01
-0.39 0.17
-1.46 -1.70
-0.83 -1.11
0.20 -0.62
-0.32 -1.08
0.09 0.79
0.75 0.40
1.62 1.37
-0.42 -0.77
0.47 -0.26
-0.23 0.28
0.52 -0.10
-0.25 0.54
-0.21 0.21
1.74 1.27
-0.26 0.91
