0.38 -1.00
0.60 -1.02
0.04 0.83
-2.07 0.78
0.83 -0.52
-0.64 0.82
2.69 -2.42
-0.88 0.91
0.31 -0.34
0.42 -0.37
0.84 -0.75
0.31 0.02
-0.29 0.47
1.75 -1.76
-0.24 0.79
0.70 -1.59
1.10 -0.65
-0.67 1.02
-0.37 0.46
1.50 0.34
-0.87 0.86
-1.26 2.67
1.25 -0.37
1.09 -0.84
0.20 0.42
0.58 -0.94
-0.46 1.09
-2.93 3.07
0.78 0.47
1.31 -1.51
-1.30 1.10
-0.50 0.48
-0.59 0.81
-1.75 1.19
0.65 -0.30
0.45 -0.10
-3.23 2.17
-0.02 0.65
-0.16 0.88
-0.53 0.84
1.69 -1.38
0.37 0.12
0.61 -0.27
-0.83 0.46
0.77 -0.27
-0.23 1.08
-0.08 0.49
-0.64 0.23
1.29 -0.09
0.81 0.55
-0.42 -0.16
-1.11 0.93
0.71 0.24
-0.61 -0.46
0.36 0.07
-0.21 -0.23
-0.49 -0.51
-0.79 1.19
1.64 -1.63
0.47 -0.52
0.17 -0.67
0.57 0.52
-0.88 -0.30
0.16 -0.16
-1.18 0.72
0.05 -0.25
-1.33 0.45
-0.64 0.75
-0.46 0.80
0.89 -0.84
0.09 1.27
-0.36 0.93
0.16 0.24
0.61 -0.36
-0.96 0.81
-0.81 1.45
1.15 -2.03
0.82 -1.21
-1.35 2.59
0.57 -1.09
0.01 0.24
1.28 -0.76
-0.03 -1.08
-0.14 -0.24
1.51 -1.26
0.05 -0.13
-0.44 0.28
-1.35 0.81
0.80 -0.68
1.34 -0.81
