0.12 -0.05
-0.19 0.59
-0.62 0.72
-0.76 -1.41
1.12 -0.28
-0.10 -1.42
0.08 -0.80
0.12 -1.36
-0.14 1.88
0.86 1.19
0.09 1.61
-1.13 -1.41
0.16 0.07
0.31 -1.20
1.21 0.82
1.63 -1.03
-0.04 -1.15
0.67 1.01
0.65 -2.70
-1.77 1.15
0.30 -1.46
-0.81 -0.15
-1.32 1.00
0.38 0.94
2.27 -0.68
-0.02 -1.10
-0.21 -0.43
1.50 -0.29
1.10 -2.80
0.55 -0.58
1.51 0.26
-0.84 0.34
-0.31 0.90
1.25 1.51
-0.99 -0.10
-0.42 -0.30
-1.08 0.42
0.65 -0.77
0.67 -0.44
1.50 -0.24
-1.48 -0.30
0.51 0.04
-1.72 0.13
-0.63 0.91
-0.71 0.42
-0.51 -0.07
0.41 0.29
1.44 -0.19
-0.09 0.78
-1.86 0.65
0.47 -0.49
-0.60 0.67
0.85 0.33
0.39 1.41
-0.28 -0.47
-2.27 0.59
1.85 -0.90
-0.87 0.78
1.10 0.25
-1.66 1.90
-2.04 0.26
1.19 -1.64
-0.60 1.39
0.38 -0.72
-0.89 -0.46
0.34 0.63
-0.52 0.18
-2.25 0.85
1.16 0.48
-0.65 -1.44
-0.61 -2.55
-0.55 1.39
-1.02 1.34
-1.10 0.28
-1.88 0.68
-1.10 1.46
-2.34 0.50
0.06 -0.33
-0.10 0.73
0.05 0.87
0.26 -1.02
1.50 -0.70
-0.11 -1.06
-1.32 -0.81
-0.85 0.80
1.04 0.25
-2.06 0.69
0.61 -1.35
-0.47 0.19
-0.61 0.84
-0.34 -0.54
0.47 -1.43
-0.06 -1.11
-0.29 1.94
-0.25 -0.15
-0.49 0.72
-0.32 -0.13
-0.09 0.57
0.81 -0.90
0.44 0.10
