-0.18 0.11
1.34 0.76
-0.84 -1.16
-0.07 -1.26
-0.73 0.13
-0.45 0.13
-0.32 -0.32
-1.16 -0.30
1.49 1.08
1.17 0.70
-2.19 -1.01
0.09 -0.01
0.55 1.51
-0.25 -0.84
-0.38 0.03
-2.36 -2.07
0.09 -0.32
0.89 1.94
-0.69 -0.72
0.30 0.91
-0.43 -0.20
1.69 1.33
0.10 -0.24
-0.34 -1.94
-0.66 -0.17
0.00 0.21
1.10 -0.72
0.79 0.47
-0.80 -1.29
-0.32 -0.09
0.76 0.95
-0.53 -2.57
-0.88 0.39
0.15 -0.82
-0.54 -0.34
-0.68 0.17
-1.54 -1.66
0.12 -0.12
0.92 0.50
0.13 0.77
3.10 2.38
-0.07 0.43
-0.03 -0.74
0.83 0.11
-0.18 1.24
0.73 -0.42
0.99 0.80
0.48 0.09
-1.20 -0.85
-0.42 0.71
0.16 -1.48
0.61 1.16
-0.76 -0.57
-0.50 0.38
0.92 0.27
-1.19 0.59
-1.45 -0.88
0.48 1.03
0.12 -0.28
2.45 -0.49
0.09 0.52
-0.21 -0.28
1.74 0.82
-0.29 0.22
-2.12 -1.76
-0.14 0.12
-1.33 -1.03
0.69 -0.53
-2.01 0.10
-0.07 -0.12
0.97 1.62
-0.64 0.16
-0.76 -1.30
-1.51 -0.49
-0.18 0.33
-0.73 -1.89
0.01 -0.15
0.41 0.81
0.54 0.26
-2.04 -2.23
-1.26 -1.67
1.04 -0.08
1.00 1.93
-0.93 0.10
0.45 -0.76
-1.09 -1.95
-1.01 -1.97
0.81 -0.74
1.25 -0.71
0.18 0.87
