-0.01 -0.49
2.70 0.18
0.12 -0.65
0.62 -1.09
-0.54 1.21
-0.54 0.36
-0.30 -1.03
0.77 0.27
0.48 -0.53
0.33 1.07
-0.63 -0.02
-1.64 1.05
-1.84 -0.67
1.04 2.28
-0.69 0.52
-1.98 0.11
-1.14 -0.71
0.50 -0.30
-0.65 0.64
1.01 2.59
-1.36 -1.65
0.76 -1.02
0.36 0.54
0.22 -0.28
0.89 2.14
1.24 0.66
-1.03 -0.32
-0.24 -0.04
-0.20 0.45
0.72 1.04
-0.26 -1.52
-0.15 -0.24
0.53 1.44
-0.98 -1.95
0.61 -0.57
0.34 1.45
-1.47 -0.55
-1.01 0.32
1.47 0.73
-2.37 -1.26
-1.12 0.43
-0.21 0.91
0.35 0.04
-0.60 0.12
0.76 0.95
0.38 -1.16
-1.81 -0.76
-0.85 -0.14
0.42 0.96
-1.00 -1.03
