0.12 -0.64
-2.24 1.82
-0.10 0.33
-1.70 0.83
-0.55 0.09
0.93 -1.78
-0.31 0.35
1.30 -1.57
-0.18 0.18
-0.78 0.82
0.96 -0.41
1.98 -2.12
-0.38 0.63
0.01 0.98
-0.14 0.19
-1.20 0.73
0.11 -0.06
0.06 -0.38
-1.15 1.84
-0.83 0.51
1.44 -1.00
1.10 -0.71
-0.61 0.86
0.64 -0.56
0.27 -0.40
-0.31 0.38
-0.70 1.11
-2.25 1.88
-0.36 1.48
2.08 -2.41
1.53 -1.66
-1.15 0.72
0.38 -0.56
-0.66 0.54
-0.33 0.28
-0.28 0.16
-0.14 0.62
0.21 -0.12
0.46 -0.72
-1.45 0.62
0.51 -1.00
0.26 0.24
0.54 -0.17
-0.89 1.04
0.56 -0.35
0.97 -0.61
1.06 -0.91
-1.20 0.58
1.91 -1.80
-0.17 -0.83
