-0.62 1.00
0.16 0.46
3.00 -2.76
-0.11 0.29
-0.37 0.49
0.08 0.61
0.26 0.29
0.76 -0.81
-0.55 -0.37
-0.40 -0.13
-0.20 -0.10
0.01 0.52
-0.38 0.56
-0.21 0.33
-1.81 1.28
1.32 -2.04
-0.52 0.32
0.41 -0.98
0.72 -1.30
-0.62 0.52
-0.20 0.34
-0.33 0.32
0.70 -0.57
-1.85 1.60
0.46 -0.60
1.01 -0.20
0.79 -1.32
0.16 -0.24
0.16 1.34
0.89 -0.74
-0.03 -0.56
-0.72 0.33
0.86 -1.14
-0.64 -0.25
-1.91 2.47
-0.57 0.33
0.84 -0.88
1.19 -0.43
-1.58 1.41
1.59 -1.31
1.19 -1.42
0.37 0.11
-0.61 0.66
2.42 -1.46
0.37 -0.98
-1.76 1.57
1.13 -0.96
0.05 0.62
0.37 -0.38
0.10 -0.37
-0.44 0.47
0.47 0.05
2.04 -2.00
1.20 -1.59
-0.90 0.69
0.33 0.04
1.92 -0.96
0.64 -0.51
0.35 -0.03
-0.63 1.04
-0.39 0.40
-0.97 0.63
0.46 -0.21
-0.14 0.02
-1.66 1.97
0.91 -1.32
-0.61 0.49
-0.74 0.84
-0.00 0.08
-0.64 0.71
-0.65 -0.27
-0.93 0.61
-0.46 0.55
0.41 -0.68
-1.89 1.43
0.66 -0.92
1.08 -1.00
-1.26 0.96
-1.56 1.94
-0.59 0.58
-1.49 1.72
1.47 -1.33
0.85 -0.53
2.18 -2.17
-0.84 -0.04
0.19 0.03
0.43 -0.72
-0.46 -0.02
-0.93 1.60
0.09 0.23
