1.51 -1.54
-0.38 -1.58
0.31 -0.76
0.67 0.43
0.01 -1.05
0.66 1.14
1.38 -0.12
0.69 1.39
-1.11 0.69
0.34 0.01
0.56 -1.99
-0.27 0.09
0.84 -0.25
-0.34 -1.36
0.65 -0.27
-0.40 1.03
-3.46 1.95
-0.85 1.28
-0.65 -0.08
1.25 0.40
0.28 -0.41
1.19 1.08
1.10 0.15
-0.65 1.94
0.29 0.56
-0.32 -0.54
-2.12 -0.10
-1.15 0.85
0.12 0.01
1.47 -0.38
-0.80 -0.89
1.00 -0.14
1.58 -1.10
-0.45 1.09
-1.05 -1.43
0.16 0.19
-0.93 -0.52
1.19 0.16
0.91 -1.27
0.33 -1.24
0.59 0.90
-0.97 -1.02
1.86 0.75
-0.62 0.44
0.13 0.46
-0.65 0.36
-0.76 2.32
0.72 1.59
-0.03 -0.68
0.21 -0.60
