2.61 -1.22
1.10 -1.83
1.87 -1.15
-1.79 1.76
0.71 -0.30
0.76 -1.15
-1.36 0.81
0.29 0.10
1.33 -1.47
-0.17 -0.13
1.65 -1.06
-0.92 1.26
0.22 -0.59
0.73 -1.53
-0.40 0.28
-2.23 1.70
-1.58 1.33
-0.27 -0.58
0.18 -0.55
0.50 0.63
-1.61 2.14
0.21 -0.44
-0.73 0.91
-0.82 1.55
0.22 0.18
-0.76 1.10
-0.47 0.16
-1.29 2.03
-0.86 -1.05
2.57 -2.19
-0.62 0.70
-1.35 1.11
1.88 -0.87
2.69 -2.65
0.20 -1.24
0.62 -0.57
-0.21 1.21
0.79 -0.80
-0.81 -0.36
0.49 -0.15
-0.10 0.82
-0.56 0.77
-0.65 -0.06
-0.85 0.24
-0.92 0.79
-0.24 0.21
-0.02 -0.52
-0.30 0.40
-0.86 0.31
1.01 -1.04
-0.10 0.31
0.62 -1.05
0.57 -0.54
1.04 -1.54
-0.00 0.45
1.45 -1.83
0.20 0.70
-0.59 0.67
0.31 0.05
-0.73 0.31
-0.09 -0.39
2.13 -1.77
0.06 -0.04
0.25 -0.20
-0.32 0.15
0.46 0.53
-1.21 0.32
0.20 -0.72
-0.26 1.07
-0.54 0.51
-1.04 0.18
-0.24 0.12
0.09 0.13
-1.34 1.18
1.69 -1.34
0.25 -0.84
0.58 0.79
-0.19 -0.22
1.45 -1.61
-0.39 -0.62
-1.09 -0.23
-0.10 1.31
-1.61 1.43
0.18 -0.22
-0.89 -0.76
-0.06 0.04
-0.03 0.11
-0.42 0.83
0.29 -0.40
-0.57 1.30
