-1.72 -0.05
1.08 -0.71
0.65 0.86
0.09 0.95
0.91 1.82
-1.46 0.75
0.73 1.11
0.50 -0.85
0.17 1.03
0.95 -0.74
-1.28 -0.28
0.09 -1.94
0.15 -0.50
-1.03 0.44
0.41 -0.22
0.86 -0.65
1.08 -0.37
-0.36 -2.20
0.40 0.29
-0.68 0.20
-0.87 -0.23
1.06 -0.41
0.42 -1.75
-0.87 2.72
-1.19 -0.42
3.37 0.36
0.94 0.20
-1.05 -0.84
1.72 1.25
-0.21 0.29
0.46 0.10
-0.08 0.00
1.13 -2.55
-1.53 0.98
-0.15 1.03
0.11 -0.93
0.22 -0.02
0.87 1.69
-1.02 -0.66
-0.48 -1.29
-0.16 -0.24
1.44 0.52
0.54 0.78
-0.44 -0.25
-0.58 0.27
-1.86 0.08
-0.27 1.16
-1.00 -0.41
0.12 0.10
1.20 -0.50
