-0.90 -0.03
-2.80 1.12
0.94 -1.05
0.43 -0.69
-0.20 1.63
0.38 1.10
-0.17 -1.69
2.41 -1.30
-0.07 -0.32
1.41 -0.12
0.75 -1.26
-0.68 1.35
-0.91 1.61
-0.59 1.40
0.01 1.21
0.57 -0.44
-1.33 0.59
0.66 -0.86
1.98 -1.48
0.26 -0.39
-0.03 1.19
0.03 0.46
-2.33 1.64
-0.92 -0.46
-0.38 0.31
-0.33 0.49
-0.45 0.62
0.65 0.92
-0.67 0.14
1.48 -0.55
-0.49 -0.97
-1.13 -0.34
-0.87 0.48
-0.05 0.43
-1.80 1.91
0.01 -1.36
-0.64 -0.37
-0.60 -0.51
0.71 0.04
-1.00 2.04
0.88 -0.90
-0.71 0.28
1.17 -0.73
1.38 1.88
0.54 -0.84
-0.16 -0.78
-0.22 -0.26
-0.50 0.21
-0.75 -0.18
0.77 -1.20
