0.27 0.99
1.10 -0.15
-1.71 -0.30
0.18 -0.54
-0.09 0.81
0.35 0.88
-0.93 -1.02
0.08 -0.58
-1.20 -0.67
0.25 0.25
0.37 -0.95
-0.63 -0.53
0.18 1.05
-1.65 -0.70
1.42 0.74
-0.08 0.74
0.04 -0.99
-0.14 -0.94
-0.19 1.00
0.65 -0.38
-2.00 -1.09
1.49 1.34
0.75 0.90
0.99 1.81
0.47 0.31
0.62 0.07
1.96 2.19
0.53 0.42
0.43 0.96
-0.16 -1.42
-0.22 0.32
-1.12 -0.35
-0.26 0.01
-1.03 0.12
0.17 0.11
-2.13 -1.20
0.46 1.41
2.42 1.27
0.67 0.11
-0.47 1.08
0.52 0.01
0.14 -1.07
-1.50 -0.66
1.14 -0.26
-1.13 -2.41
1.27 0.81
-1.08 -1.70
1.14 0.57
1.97 1.59
1.46 1.25
-0.22 -0.89
1.60 1.54
-0.43 1.52
0.84 -0.06
-1.05 -1.71
-0.42 0.30
0.17 -1.66
-0.12 0.19
2.72 2.69
-1.20 0.14
2.03 1.06
0.31 -0.24
0.91 -0.18
0.77 0.86
-0.34 -0.41
-0.65 -0.29
-0.07 0.10
0.48 1.12
0.50 0.22
0.77 -0.06
1.16 1.00
-0.98 -1.35
0.89 0.74
-0.74 -1.20
-0.13 0.51
-0.85 -0.64
-1.98 0.08
-0.56 -0.37
0.87 -0.61
-0.04 0.95
0.44 -0.63
-0.56 2.25
-1.29 -0.39
1.35 2.03
-0.12 0.09
-1.02 0.64
1.12 1.16
-0.19 -0.31
0.63 1.53
-0.03 -0.83
