1.86 0.57
-1.07 -0.38
-0.46 0.90
-0.93 1.22
-0.34 -0.31
0.56 1.22
1.53 -0.26
-2.06 0.70
-0.71 -0.59
0.20 0.81
-1.02 0.55
-1.29 -1.01
0.16 1.76
-0.24 0.90
0.61 -0.87
-0.70 -0.88
1.14 0.14
-1.54 -1.17
0.31 -0.03
-0.62 2.23
0.09 -0.03
-1.08 -2.61
-1.87 -0.67
-0.11 -0.55
-1.29 0.49
-1.14 -0.43
0.51 0.21
0.03 0.25
0.25 -1.63
-0.38 1.62
-1.29 -0.62
-0.51 0.35
-1.51 -1.77
-1.37 -0.23
-0.70 0.11
0.54 0.65
-2.49 -0.24
1.02 -1.01
0.30 -0.08
1.03 -1.10
-1.07 -0.86
0.60 0.58
-0.38 -0.30
-0.47 -0.79
0.97 0.51
0.55 -0.33
0.06 0.48
-2.02 0.16
0.87 1.84
-2.09 -0.39
-0.26 0.27
-0.93 -0.41
1.44 -1.25
1.24 0.65
0.57 0.85
0.06 -1.49
-0.51 0.48
1.49 0.06
-0.34 0.32
-0.69 0.62
-0.62 0.46
-1.43 1.47
0.48 -0.92
0.06 -2.77
-0.11 -0.63
-1.78 -1.17
0.26 0.59
-0.76 0.45
0.05 1.19
-0.34 0.06
-1.58 -0.38
-0.77 0.44
1.82 -0.01
0.05 -1.36
-0.75 1.16
-1.18 0.88
-0.49 2.34
0.49 -1.31
-0.68 -0.23
-1.60 1.91
2.24 -0.86
0.35 1.65
0.02 -1.72
-0.54 0.93
0.17 -0.29
0.91 0.40
0.51 -1.34
-0.69 -0.34
-1.15 0.12
1.82 0.05
