-0.28 -0.11
-1.43 -0.75
-0.12 -1.72
-0.50 0.43
1.41 -1.53
-1.18 1.73
-0.44 0.34
-1.10 1.26
-0.13 -0.25
-0.34 1.17
0.01 -1.23
-0.94 0.65
-0.79 0.12
-0.37 -0.46
0.67 -0.55
-1.92 0.89
-0.98 -0.01
-1.17 0.19
-1.30 -0.38
0.88 0.39
-2.00 0.76
-0.92 1.23
1.01 -1.50
-1.09 -0.39
0.19 -0.27
-2.10 0.68
-1.16 0.59
1.02 -1.45
-1.42 0.90
-0.59 0.49
1.52 -0.40
-1.28 -0.40
-1.58 0.67
-1.67 1.74
-1.44 -1.10
0.67 -1.36
1.89 -0.72
0.38 1.55
0.42 -0.66
-0.59 1.41
1.48 -0.36
0.39 0.49
-1.38 -1.35
0.05 -0.31
0.90 -1.84
0.95 -1.73
0.24 0.76
0.43 -0.92
0.41 0.76
1.14 -1.07
0.30 -0.39
1.59 -1.06
0.56 -0.02
-0.26 -0.17
-0.22 -3.06
0.20 -0.64
-0.96 1.59
0.82 -0.31
-0.81 1.18
-0.48 -1.34
-0.38 -0.18
0.48 0.85
0.02 1.47
-1.44 0.48
1.46 -0.68
-0.98 -1.01
1.42 -0.59
-1.60 0.22
-0.53 -0.60
-0.44 -0.42
-0.10 1.46
-0.68 1.12
0.53 0.55
2.34 -1.55
-0.47 2.19
-0.04 -0.36
-0.98 -1.65
-0.44 0.19
1.07 -0.94
-0.24 -0.18
1.51 0.31
-0.41 0.15
0.53 -0.01
-1.06 -0.38
-1.04 -0.48
-1.90 0.97
-1.53 0.44
-0.49 -0.39
0.09 -1.85
-0.07 -0.48
