-0.48 -0.62
-0.83 -1.10
0.42 -0.68
0.53 0.60
0.98 0.05
1.01 1.49
-0.96 0.72
-0.45 -2.06
0.43 1.01
0.24 -0.63
-1.47 0.55
1.03 1.09
1.51 -0.29
0.05 0.47
0.30 0.71
-0.90 0.63
-1.05 -0.67
0.76 0.86
0.51 1.35
0.74 1.69
-2.42 -0.94
0.35 0.94
-0.50 0.27
-2.60 -1.75
0.78 -2.90
-0.24 -0.74
-1.28 -0.97
-0.01 0.65
0.49 1.06
-0.18 1.97
0.15 0.55
1.87 1.29
-0.86 1.45
1.07 -0.79
-0.75 -0.73
-0.91 0.35
-0.61 0.43
0.00 1.07
-1.17 -0.42
0.50 1.21
1.73 0.76
-0.32 -1.32
-1.10 0.01
-2.61 -2.06
-2.10 -0.85
-0.35 -1.97
-1.13 -0.59
-0.93 -1.46
0.97 0.66
-0.05 0.36
-0.09 -0.39
0.37 -0.57
-0.19 -1.34
0.85 0.34
0.12 -0.19
1.31 0.10
0.72 0.11
0.07 -0.77
1.84 1.14
1.49 -0.25
0.54 1.13
-1.62 0.81
0.75 1.11
-0.11 0.53
-0.71 -0.46
0.41 1.08
0.32 0.12
1.73 0.92
-0.18 -0.50
0.64 0.66
1.76 0.61
-0.17 -0.61
0.83 0.11
0.48 0.44
-0.95 -0.77
0.92 0.14
1.01 0.10
0.36 0.76
0.63 0.24
0.05 -0.39
-0.16 -0.13
-0.09 -0.38
-0.09 -0.41
0.90 -0.72
-0.38 -1.00
-1.20 -0.31
-1.11 0.78
-0.35 -0.10
-0.17 1.94
-0.59 -1.55
-0.44 0.84
-0.27 -0.71
-1.14 -1.79
2.01 -1.85
1.68 1.10
0.34 1.39
-1.25 -0.80
-1.08 -1.64
1.48 1.08
-1.39 -0.68
