0.10 1.65
0.26 0.88
1.18 -1.87
-0.92 0.32
1.51 -0.53
-0.05 -0.46
-0.17 -0.60
-0.56 -0.62
0.54 0.71
-1.81 -0.20
-0.85 -0.35
-1.68 0.62
0.20 -1.33
0.37 0.33
-1.56 0.39
-0.23 0.05
-0.14 -0.98
-0.24 -0.49
0.05 0.30
1.92 1.20
1.09 0.07
-1.06 -0.24
-0.61 -1.12
1.58 0.86
-0.77 -0.52
0.07 -0.14
-0.35 0.97
1.48 -0.69
1.21 -1.25
-0.22 0.57
1.15 -0.32
3.05 -1.15
0.20 1.23
-0.89 0.55
0.19 2.39
0.82 -1.69
-0.44 -0.74
0.04 2.75
-0.88 -0.24
-0.33 -0.05
-0.67 0.42
1.10 -0.59
-0.75 2.28
0.43 0.52
2.22 -0.84
-0.57 0.31
0.19 0.33
-1.00 0.33
0.55 1.25
-0.16 1.54
