-0.29 0.63
-0.80 0.81
-0.37 0.03
-0.17 -0.38
-0.45 -2.60
0.57 -1.58
-0.44 0.40
0.25 -0.40
1.23 0.23
-0.38 1.12
-1.58 0.50
1.18 -0.07
-1.66 1.23
-0.84 -0.86
-0.07 0.30
0.73 0.81
0.61 -0.39
0.44 -2.53
-0.45 1.29
0.94 -0.95
-0.84 -2.10
0.32 1.10
-0.43 0.49
1.65 -1.20
-0.61 -0.47
2.30 0.53
-1.05 -0.56
1.33 -1.43
0.37 -0.33
-0.98 1.50
-0.40 0.35
2.13 -0.59
-2.48 0.26
1.45 0.91
-1.23 -2.69
0.48 0.04
0.86 -0.91
0.33 -0.15
1.01 -0.50
-1.78 -0.91
-0.40 0.31
-0.45 -0.01
0.33 0.53
0.09 -1.77
0.38 -0.60
0.92 1.98
-1.67 0.22
0.27 0.03
-0.08 0.67
0.86 0.01
1.03 0.70
0.70 1.08
0.97 -1.10
0.05 1.58
-0.19 -0.15
0.46 2.40
-0.16 -2.60
0.42 0.24
-0.03 1.13
-0.34 -1.37
1.36 0.74
1.42 0.34
-1.08 0.00
-1.45 -0.40
0.10 0.28
1.29 0.62
-0.15 0.10
-1.76 0.12
-0.98 -0.01
-1.33 -0.39
-1.41 0.86
0.03 -0.12
-0.69 -0.78
1.31 0.68
0.58 0.75
1.12 -0.36
-0.51 0.85
-0.47 -0.22
-0.13 0.14
-0.48 0.00
1.31 -1.00
-0.73 1.23
-1.05 0.13
-0.60 -0.62
-0.86 0.89
0.58 0.15
2.94 0.62
-1.11 1.93
0.07 0.65
-0.25 -0.26
