-0.05 0.63
-1.62 0.31
-0.70 -2.05
-0.20 1.15
-1.89 1.44
0.45 -0.29
-0.31 -0.03
0.90 1.16
0.59 -1.46
-0.96 0.64
0.91 0.61
0.33 -1.13
0.92 -0.59
0.37 -0.15
-0.78 -0.91
-1.53 -0.00
0.29 -0.66
-0.10 0.84
-1.23 1.30
-0.89 2.80
1.86 -0.13
0.79 -0.90
0.27 1.11
-0.10 0.67
-1.16 -1.68
1.10 0.54
-0.96 0.16
1.31 -0.14
-0.30 0.61
1.23 0.04
0.58 -0.80
-1.58 0.26
-0.77 -0.45
-0.44 -0.21
0.59 -1.17
0.67 -0.64
-1.31 1.11
0.71 0.90
-1.46 0.36
-0.23 0.48
-1.94 0.96
-0.73 -1.65
1.68 1.33
0.41 -1.43
0.01 0.94
-1.79 1.06
0.94 -1.23
1.69 -0.01
-0.02 -0.52
-0.19 -1.42
