1.37 -0.08
-1.10 -0.63
-0.14 1.32
2.21 -1.80
1.07 -0.10
-0.96 0.92
1.17 -1.24
0.59 1.12
-0.41 -0.94
-2.02 1.96
0.07 -1.24
1.32 -0.77
0.16 -2.32
0.15 1.22
1.42 0.59
-0.62 -0.15
-0.61 -0.94
1.26 -2.66
-0.66 2.60
0.23 0.76
-0.85 0.74
-1.03 0.84
0.98 -1.34
-1.33 0.21
-0.86 0.18
-0.75 0.44
0.64 0.78
0.54 -1.24
-0.35 -1.70
-1.16 0.21
0.97 0.83
-0.75 0.25
0.88 -0.07
0.00 -1.10
0.72 -0.73
-0.32 0.71
0.26 -0.26
0.30 1.62
1.56 -0.47
-1.70 0.49
0.49 -0.47
1.03 1.43
0.97 0.62
-0.45 0.93
0.45 -0.27
0.32 0.76
0.03 0.65
2.08 -0.93
-0.06 -0.63
1.16 -0.68
1.97 -1.81
1.68 0.49
1.10 0.64
1.10 0.59
-1.47 0.86
-1.39 -0.12
-0.37 0.48
-0.27 0.10
-0.92 -1.59
0.79 -0.38
0.74 0.25
-1.60 0.38
-0.08 -0.06
0.62 0.55
-1.17 1.03
-0.18 0.56
-0.74 -0.32
-1.68 1.77
0.23 2.05
-0.06 1.39
0.11 -2.21
-0.10 -0.07
0.44 -0.42
1.92 0.67
0.39 0.06
0.79 -0.87
-1.65 0.18
-0.63 0.23
-0.34 -0.72
0.50 0.54
-0.34 0.45
-2.49 1.24
-0.48 0.43
0.40 -0.19
-1.22 -0.65
0.19 -1.06
1.57 0.09
0.58 0.47
0.70 0.53
0.00 -0.68
