-1.40 -1.35
-1.72 -0.95
-0.23 -1.11
0.31 -0.03
1.34 1.58
-0.12 -0.14
0.43 0.02
0.38 -0.15
-0.42 -1.07
0.55 1.28
2.09 -0.65
0.08 0.92
-0.65 0.05
-1.30 -0.87
0.11 1.68
0.24 0.76
2.72 0.93
-0.26 -0.03
1.21 0.28
1.05 -1.57
0.06 0.46
1.09 -0.58
-0.45 -1.63
-1.00 0.33
0.82 0.53
0.31 -0.62
-0.03 -0.27
-0.19 -1.24
-0.30 0.59
-1.04 1.03
1.85 0.97
-0.95 0.09
-1.79 -0.57
0.94 -0.83
-0.92 1.45
-1.48 -0.92
0.19 0.63
-0.32 -0.85
-0.49 0.71
-1.16 -0.47
-0.26 0.48
-1.46 -1.13
1.03 -0.15
-0.06 -0.12
0.51 0.93
0.37 1.99
1.23 1.73
-1.62 -0.82
0.27 -1.62
-0.58 -1.26
-0.41 0.56
-0.59 -3.42
0.05 1.03
0.91 0.71
2.38 1.36
-0.39 -1.24
-0.07 0.37
0.84 0.02
1.45 1.02
0.06 0.45
1.31 -0.50
0.95 1.32
-1.09 0.79
-1.55 -0.17
-0.11 -0.39
2.56 1.56
0.37 -0.89
-0.68 1.81
-1.58 -2.81
1.85 0.42
0.07 -0.60
0.50 0.79
-1.61 -0.66
1.02 -0.38
-0.18 0.41
0.71 0.96
1.45 0.81
-0.30 -0.18
0.04 -0.58
0.38 1.31
0.64 0.50
-0.51 -0.02
-0.02 -0.74
-1.59 -1.97
-1.02 -0.86
0.28 0.87
-0.60 0.84
-0.48 -0.16
-0.12 0.18
-1.52 0.23
0.16 0.71
0.75 -0.21
-0.78 0.80
-0.75 0.34
-0.80 -1.36
0.32 -0.10
-0.52 -1.52
0.35 -0.38
0.69 0.54
-1.81 -0.01
