-1.33 -0.32
-0.20 -0.83
0.01 0.84
0.62 -1.63
-1.11 1.78
-1.35 0.95
1.11 -0.93
0.58 -1.11
-1.72 2.44
-0.99 0.77
-0.63 -0.73
0.55 -0.73
-1.78 3.37
0.80 0.12
-0.27 0.11
0.42 1.30
-1.28 -0.86
-0.01 -0.37
-0.91 0.77
0.16 0.41
-0.82 1.05
-0.30 0.31
0.04 0.33
-1.27 0.37
1.47 -0.53
-0.10 -0.43
0.29 0.01
1.11 -1.31
-1.67 1.56
-1.78 0.93
0.12 0.27
-0.90 -0.57
0.42 -0.21
-0.47 0.47
1.83 -1.17
0.89 -0.28
-0.37 1.86
-0.65 -0.24
1.63 0.51
-1.06 1.06
1.39 -0.40
0.07 -0.62
-1.45 0.36
-1.39 1.22
2.25 -1.13
-0.79 0.50
1.08 -0.55
-0.47 -0.32
-0.96 1.10
0.20 0.25
-1.56 0.33
-0.97 1.13
-0.90 -0.91
0.27 -1.33
0.55 -0.65
-1.37 1.00
0.36 1.11
-1.24 0.93
0.04 -0.14
0.66 0.64
1.31 -0.57
-0.79 2.60
-1.10 1.78
0.88 -0.86
-0.01 0.42
-2.61 1.89
1.85 -1.22
-1.13 0.26
-0.47 -0.65
-1.23 1.13
0.49 -0.14
-0.23 0.42
-1.11 0.96
-0.17 -0.11
0.91 -1.08
0.38 -0.47
-0.74 1.21
-2.13 0.69
-0.10 -0.13
-1.68 3.05
-1.05 -0.36
-0.80 1.21
-0.12 -0.01
0.52 0.53
-0.26 0.83
-0.03 0.76
-1.71 0.47
-0.31 1.34
-1.48 -0.22
0.25 0.93
