1.90 1.50
0.29 1.48
-1.15 0.80
-0.89 -1.60
0.23 -0.45
-0.27 -1.06
0.74 2.05
1.63 -0.87
-1.62 -1.31
0.51 1.55
-0.09 -0.26
1.35 -2.34
0.03 1.63
-0.76 0.47
1.34 -1.10
0.22 0.78
0.74 -0.76
-0.17 -0.85
0.45 1.67
-0.86 0.00
0.10 1.37
-1.63 -0.93
-1.35 0.26
-1.79 -0.93
-1.31 -0.01
-2.09 -0.06
-0.89 -0.70
0.82 -0.36
0.12 0.33
1.92 -0.90
0.48 -0.68
0.95 -0.64
0.52 -0.70
0.40 -0.46
-0.25 -0.49
0.70 -0.38
-1.38 -1.31
0.94 -0.69
-0.19 0.75
-0.18 1.58
0.58 -0.71
-0.53 -0.14
1.16 0.29
-1.07 -1.04
0.08 -0.11
1.11 0.12
0.50 0.03
0.66 -2.00
1.68 0.47
-0.81 -0.56
