-1.01 0.56
-1.47 -0.73
-0.19 -1.12
-0.60 0.56
-0.22 0.89
0.44 -1.40
0.12 -2.06
-0.20 -2.02
-0.67 0.79
-0.56 1.80
1.69 0.84
-2.13 -0.07
0.54 0.44
0.00 -0.74
-0.46 -0.26
1.03 -0.07
1.21 -0.91
-0.80 -0.85
0.73 0.18
0.48 0.29
-0.82 -0.21
-1.98 0.85
0.23 -0.47
-1.24 0.58
-0.88 1.32
-1.15 -0.60
-0.03 -0.26
0.25 0.53
1.47 0.91
-1.05 -0.07
-2.24 -0.07
-0.35 -0.63
-0.82 0.19
0.32 -1.46
0.45 -0.75
1.09 0.14
-1.10 -1.39
0.02 1.09
0.16 -0.99
-1.82 -0.37
0.75 -0.97
0.25 0.15
-0.47 -0.63
-0.37 -0.30
0.37 -1.02
0.43 0.30
0.55 -0.84
0.10 -1.61
0.04 0.22
0.13 -1.14
0.96 1.32
-0.28 -1.33
-0.54 -1.19
-0.22 -1.60
1.07 0.90
-0.86 -0.16
0.37 1.98
0.56 -0.24
-0.94 0.19
0.18 -1.07
-0.56 0.18
1.15 -1.68
2.27 -1.64
0.28 0.47
0.08 -0.12
-1.09 1.42
1.89 -1.15
-1.09 -0.21
-1.14 -0.87
0.51 0.31
-0.27 -0.52
0.10 0.68
-1.29 0.07
0.99 1.47
1.37 -0.30
-0.79 -0.38
0.23 -1.03
2.69 0.65
1.27 -1.37
2.50 -1.33
0.41 -1.57
0.93 -0.87
0.28 -0.26
-0.34 0.11
-0.15 -0.15
0.57 1.08
2.04 -0.05
-1.32 -0.62
0.31 0.14
-1.72 3.82
-0.62 -0.50
0.42 -2.05
0.44 0.90
-2.40 2.07
0.89 0.23
0.58 -0.35
-0.49 -0.03
0.37 -0.80
0.37 -0.33
0.60 -1.42
