0.47 -0.84
-0.51 1.40
-0.49 0.45
1.13 -0.66
-0.16 0.51
-0.07 -0.66
-3.03 1.84
0.36 1.37
1.17 -1.97
0.35 -0.60
-1.42 1.06
0.64 0.31
0.34 -0.24
-1.29 1.38
-0.44 0.01
-0.59 1.35
0.35 -0.53
-0.91 0.26
0.63 -1.11
-1.96 1.74
-0.97 0.48
0.90 -0.71
0.21 -0.31
-1.57 0.94
1.07 -1.85
-0.57 1.55
-1.17 0.73
-1.27 1.18
0.51 -0.28
0.05 -0.65
-0.49 1.21
0.49 0.05
-0.20 1.20
-1.61 0.88
-0.15 -0.42
-2.27 2.23
0.43 -0.54
-1.27 2.01
-0.53 0.78
-0.72 -0.25
-0.35 0.63
0.95 -0.96
1.42 -2.62
-0.50 0.60
-0.35 -0.10
1.53 -1.26
-0.81 -0.66
-0.07 0.72
0.35 -0.14
0.45 -0.67
0.24 -1.10
-0.79 1.19
-1.14 0.83
1.61 -0.66
0.30 -0.00
-0.24 -0.42
0.75 -0.36
-0.46 0.16
0.30 -0.30
-0.06 0.40
-0.68 0.37
-1.33 -0.02
-0.22 0.50
-1.08 0.47
1.60 -1.36
-1.89 1.72
0.59 -1.66
-0.69 -0.14
-0.20 0.48
-1.22 0.48
-0.61 0.29
0.85 -0.75
-1.00 0.19
-2.26 1.99
1.89 -1.41
-0.60 1.55
0.96 -0.74
-1.30 1.39
1.42 -1.61
0.39 -0.33
1.29 -0.36
-0.71 -1.14
-0.40 0.28
0.60 -0.56
1.45 -1.38
-1.82 1.07
-0.11 0.28
-0.76 0.10
1.05 -0.23
-0.70 0.43
