-1.26 -1.07
-0.20 1.60
-0.45 -0.65
0.41 -0.62
1.80 1.40
0.59 0.66
-1.02 -0.77
-1.53 -0.95
0.30 -0.22
1.12 -0.82
-1.40 0.58
-1.53 -0.78
0.47 -0.06
0.77 1.59
0.57 0.65
-0.01 -0.30
-0.15 -0.48
0.11 0.64
0.56 1.81
-0.72 -0.34
-0.77 0.34
0.55 -0.51
-0.46 0.03
0.23 0.73
-2.18 -2.52
-0.22 0.59
1.05 -0.34
0.45 0.38
1.33 -1.24
-1.42 -1.56
0.98 1.17
1.04 1.13
0.85 -0.42
0.63 0.67
-0.30 1.11
-0.34 0.21
-0.14 0.61
-1.18 0.13
-0.73 -0.17
-1.07 -0.66
-0.94 -0.62
0.85 1.43
0.28 1.11
0.31 -0.82
1.04 -0.63
0.81 -0.41
-0.25 -0.17
-0.29 0.01
-0.79 -0.70
-1.85 -0.15
0.04 0.00
0.77 -2.65
0.55 1.12
-0.69 -0.52
-0.16 1.16
-1.45 -0.27
-0.97 1.84
-0.27 -1.08
1.33 0.07
-0.04 -1.11
-0.56 -0.33
2.82 0.27
0.97 -0.22
0.13 1.85
0.71 -0.37
-0.79 -0.06
-0.39 -0.39
0.44 -1.26
1.55 0.67
-0.91 -0.41
-1.83 -0.52
-0.47 -1.14
-0.41 1.12
-1.50 1.84
-0.34 -0.38
-0.39 -0.95
-0.58 0.12
0.07 -0.29
1.71 1.44
1.00 -0.85
1.48 1.37
-0.26 -1.84
1.93 0.98
0.30 0.80
0.98 -0.04
-0.13 -1.85
-1.37 0.74
2.88 1.91
0.54 -0.70
0.06 1.78
