1.57 1.89
-0.53 -0.52
0.02 -0.48
-0.27 -0.02
0.54 0.84
0.68 0.62
-0.78 -0.40
-0.03 0.06
0.87 0.25
-0.50 -0.89
-0.49 -1.19
-1.59 -1.25
0.59 1.20
0.30 0.68
0.51 0.21
1.05 0.22
0.40 0.21
0.08 -0.14
-1.50 -1.75
-0.79 -0.26
0.20 0.46
0.30 -0.23
1.59 0.86
-2.26 -1.78
0.20 -0.15
0.36 0.43
0.01 -0.37
0.15 0.13
-0.88 -1.60
-0.72 -0.07
0.53 1.90
-0.89 -0.46
1.34 1.99
-1.29 -0.47
0.10 0.32
-1.65 -1.78
-0.25 -0.38
0.49 0.87
0.62 0.67
-1.51 -0.97
0.30 0.03
0.95 0.89
-0.34 0.40
0.94 0.67
0.14 0.91
-0.65 -1.36
-1.24 -0.91
-0.39 -0.32
-1.84 -1.44
1.96 2.47
1.51 0.74
0.78 0.72
0.29 0.50
-0.20 0.10
0.73 0.97
-0.85 -0.90
0.16 -0.03
-0.06 0.31
1.16 0.65
-1.55 -0.84
-0.11 -0.39
0.62 0.20
-0.25 -0.20
-1.21 -0.57
0.08 -0.27
-0.10 0.05
-0.72 -0.69
-1.09 -0.84
-0.33 0.04
1.91 1.81
1.11 0.84
-0.31 -0.77
2.40 2.62
0.25 0.08
0.99 0.51
0.24 -0.08
1.52 0.70
0.96 1.35
0.74 0.34
0.26 0.36
-0.60 -0.60
1.14 1.53
0.34 0.53
1.50 2.35
-1.68 -1.68
-0.49 -1.20
-1.62 -1.23
-0.84 -0.56
-2.60 -2.27
-1.29 -1.30
