1.11 -0.35
-1.61 0.66
2.37 -0.38
-0.51 1.57
0.02 1.37
-0.39 -0.43
1.44 -0.23
0.88 -1.18
-0.48 0.23
1.90 1.39
-0.70 0.79
1.25 0.74
-0.71 -0.23
0.02 1.05
-0.76 -0.06
1.35 -0.08
1.13 0.82
-0.78 -2.09
-1.30 1.78
-1.28 0.98
-0.31 1.18
1.06 -1.69
0.94 -0.11
-0.60 0.58
1.02 -1.70
-1.39 -0.26
-1.65 -0.02
1.09 -1.41
-0.46 -1.67
1.77 0.22
-1.10 -0.95
1.50 -0.36
1.33 1.91
0.01 0.91
-0.01 0.11
-0.68 -2.16
-0.07 0.90
-0.69 -0.14
0.55 -0.52
0.00 -0.77
-1.38 0.35
0.54 0.57
-0.98 -0.14
0.23 -1.09
0.25 0.09
-0.07 -0.77
-0.56 -0.75
-0.63 0.20
-1.50 0.50
-0.99 0.10
-0.52 0.55
-0.10 0.28
-1.07 -0.61
-0.96 -0.77
1.39 -1.36
-0.81 0.73
-1.55 -0.28
-0.52 -0.28
-0.56 1.71
-1.13 -0.45
-0.81 -1.38
1.25 0.88
-0.42 1.47
0.45 1.02
-1.48 0.66
1.27 2.92
0.29 1.07
0.46 -0.50
-2.38 -0.91
0.86 0.28
1.00 -0.94
0.74 0.06
-0.78 1.57
-1.21 1.41
-0.43 -1.66
0.66 0.02
-0.34 1.39
0.26 0.64
1.89 0.20
0.12 0.82
0.99 0.49
-0.04 1.57
1.56 -0.57
-0.50 0.06
0.35 -1.34
0.57 1.22
0.14 0.61
-0.92 1.12
-1.24 -0.67
-0.41 -0.05
