0.13 -0.13
-0.40 0.40
-1.19 1.19
2.09 -2.09
0.52 -0.52
0.86 -0.86
0.77 -0.77
0.94 -0.94
0.78 -0.78
-0.74 0.74
1.53 -1.53
-0.26 0.26
-0.65 0.65
-1.15 1.15
1.41 -1.41
-1.14 1.14
0.61 -0.61
-1.27 1.27
0.97 -0.97
-0.08 0.08
0.64 -0.64
-1.33 1.33
-0.97 0.97
0.70 -0.70
0.66 -0.66
-0.40 0.40
0.70 -0.70
-0.03 0.03
0.19 -0.19
-0.58 0.58
0.53 -0.53
-0.55 0.55
0.46 -0.46
-0.57 0.57
1.30 -1.30
0.02 -0.02
-1.06 1.06
1.21 -1.21
0.14 -0.14
-1.19 1.19
-0.57 0.57
-1.34 1.34
2.00 -2.00
-0.87 0.87
-0.35 0.35
0.07 -0.07
1.20 -1.20
-1.34 1.34
0.80 -0.80
-0.76 0.76
-0.46 0.46
1.49 -1.49
0.57 -0.57
0.25 -0.25
1.13 -1.13
1.33 -1.33
-0.49 0.49
-1.83 1.83
-0.18 0.18
1.56 -1.56
-1.10 1.10
0.50 -0.50
-0.80 0.80
-0.86 0.86
1.28 -1.28
-0.28 0.28
1.11 -1.11
1.33 -1.33
0.30 -0.30
-0.23 0.23
-1.15 1.15
0.84 -0.84
-0.23 0.23
0.04 -0.04
-1.02 1.02
-0.79 0.79
-1.45 1.45
-1.32 1.32
-0.26 0.26
-1.28 1.28
-0.82 0.82
0.76 -0.76
0.51 -0.51
-0.22 0.22
0.11 -0.11
0.27 -0.27
0.07 -0.07
1.83 -1.83
0.46 -0.46
3.71 -3.71
-0.96 0.96
0.09 -0.09
0.52 -0.52
0.45 -0.45
-2.09 2.09
0.78 -0.78
0.87 -0.87
0.31 -0.31
-0.92 0.92
-0.99 0.99
