-0.67 -0.36
1.07 -1.09
0.80 -0.12
-0.95 0.70
1.72 -0.84
-0.17 0.35
0.66 -1.15
1.33 -0.64
-3.55 2.95
0.58 -0.07
-1.15 1.39
0.29 -0.38
-0.33 -0.90
0.93 -0.65
-0.33 0.52
-0.07 0.02
0.12 0.24
1.08 -1.20
-1.29 0.42
0.34 -0.10
0.28 -0.13
-0.33 0.78
-0.31 0.45
-0.39 0.33
-0.09 0.41
0.52 -0.43
-0.86 1.88
0.37 0.44
-0.60 0.99
-1.81 1.77
0.51 -0.93
0.87 -0.26
-1.43 1.34
-2.29 1.52
-0.62 0.90
-0.02 0.21
-0.08 0.73
0.79 -0.58
0.02 -0.19
0.65 -1.02
-0.51 -0.01
-2.10 2.20
0.96 -1.08
0.27 -0.25
0.33 0.31
0.82 -1.27
0.77 -0.67
1.80 -2.08
-0.82 1.21
0.23 -0.20
1.71 -1.96
-0.64 0.52
0.24 0.00
-0.90 -0.09
1.13 -1.25
-2.04 1.96
-0.23 0.36
-1.44 1.40
-1.59 1.78
-0.14 -0.51
0.78 -1.02
0.25 -0.22
0.31 -0.42
0.92 -0.87
0.50 -0.01
0.92 -0.68
-0.07 0.49
1.28 -0.93
-0.36 -0.06
-1.23 0.66
-0.60 0.73
-1.98 2.34
-0.95 1.00
0.84 -0.47
0.39 -0.71
0.45 -0.34
-0.83 1.03
-0.57 0.57
-0.07 -0.18
1.11 -1.38
-1.25 0.72
0.93 -1.09
0.49 -0.51
-0.25 -0.43
0.27 0.07
0.32 -0.40
1.50 -1.61
-0.79 1.12
2.32 -1.94
0.72 -0.39
0.95 -1.50
-0.18 -0.19
0.14 0.03
0.32 0.18
-2.09 1.39
0.84 -1.37
0.57 -0.14
0.03 0.43
0.65 -1.94
-0.03 0.41
