-1.71 0.61
0.42 2.08
1.59 1.10
1.13 -0.15
0.19 0.77
0.22 1.19
-0.56 -0.95
-0.72 0.83
1.42 0.72
1.41 0.22
0.83 0.46
0.59 0.08
-0.74 0.79
-0.32 0.37
-0.39 -0.34
-0.57 1.53
1.12 -1.17
-1.83 -1.37
-1.46 0.25
-1.52 1.29
0.17 1.07
-0.57 1.62
-0.68 -0.25
0.12 1.55
-0.86 -0.39
0.98 -0.11
-0.57 0.10
-1.34 0.05
-0.01 -0.92
0.71 -1.55
1.56 -1.76
-0.51 -0.20
-1.10 -1.25
-1.65 -0.15
0.48 -0.78
0.24 -0.02
-1.16 -1.28
0.18 -0.00
-0.05 -0.96
-1.49 -0.81
-0.27 -0.22
1.66 0.27
-0.29 0.74
-0.81 2.06
-0.43 -0.26
-1.00 -0.73
0.80 0.99
0.83 -0.75
1.04 -0.12
1.36 1.70
2.64 1.02
1.92 -1.18
1.53 -0.13
1.81 -0.51
1.18 -0.39
-1.92 -0.63
-0.13 1.06
-0.18 1.66
0.86 1.02
-0.56 -0.51
-0.94 -0.83
-0.53 -1.19
-1.36 -0.70
-0.32 -0.57
0.37 -0.96
-0.30 0.60
-0.49 0.11
-0.65 1.59
-1.05 1.28
-0.85 0.16
0.60 1.06
-0.51 -2.44
0.90 -0.66
-1.13 0.45
-0.51 -0.93
0.42 -1.09
-0.11 0.23
0.66 -1.52
-1.68 0.15
0.47 0.46
0.74 1.12
0.40 -0.18
0.04 -1.10
-0.35 1.09
0.49 -0.77
-0.05 -1.90
0.46 -0.04
0.64 -1.05
-1.25 0.20
2.55 -0.72
1.35 -0.28
0.71 2.12
1.09 -0.52
-0.56 0.13
-1.80 -0.33
-0.17 -0.95
0.10 -1.92
-0.54 1.97
-0.05 0.99
-0.36 -0.44
