-0.37 -0.62
-1.49 -1.02
0.29 -0.55
0.40 -0.58
-0.89 1.72
2.01 -1.21
1.25 -1.48
-0.07 -0.23
1.75 -1.74
0.64 -0.14
0.15 0.73
0.06 -0.29
0.55 -0.60
-0.64 0.59
-1.12 -0.64
0.76 -0.13
-0.92 -0.29
2.82 -0.90
-0.55 1.98
-0.01 -0.03
0.04 1.35
0.48 0.10
0.28 0.68
-0.88 0.23
-0.02 0.74
0.01 0.94
-1.19 -1.63
-0.68 1.42
-0.79 0.32
1.69 0.17
0.94 0.03
-0.69 -0.77
-1.69 1.58
-0.06 0.91
1.16 -0.61
-0.53 -0.14
-0.72 1.16
0.54 0.75
-0.72 -0.33
2.08 -0.52
0.09 1.11
0.78 0.28
0.05 -0.29
-1.96 -1.25
-0.08 1.02
0.44 -0.01
0.18 -0.13
-1.52 0.92
-0.85 1.32
0.64 -0.52
1.85 -1.94
0.84 -1.77
0.74 -1.04
0.42 1.03
2.19 0.05
-0.93 1.38
-0.38 0.01
-0.23 0.46
-1.21 0.28
0.80 -0.73
-0.17 1.35
0.82 1.74
0.26 0.83
-0.71 2.68
0.03 1.58
-1.09 1.89
-1.18 1.35
-1.00 0.32
-0.02 -0.93
-0.87 -0.34
0.59 0.41
-1.06 -0.18
1.91 -0.78
0.84 -0.02
-2.13 1.71
-0.71 -0.21
1.03 -1.92
-1.26 0.71
0.42 -0.02
-0.21 1.27
-0.48 1.81
-0.14 -0.55
0.14 -0.47
-0.99 -1.07
-0.12 1.22
0.56 -0.11
0.97 -0.42
0.35 0.86
2.09 -0.92
-0.80 -0.05
