0.88 -0.88
0.56 -0.56
-0.82 0.82
0.34 -0.34
0.37 -0.37
-1.00 1.00
0.57 -0.57
0.49 -0.49
0.25 -0.25
-0.82 0.82
0.50 -0.50
0.45 -0.45
2.15 -2.15
-0.16 0.16
-1.24 1.24
0.03 -0.03
-1.26 1.26
-0.91 0.91
-0.75 0.75
1.69 -1.69
-1.27 1.27
0.23 -0.23
-0.00 0.00
-1.73 1.73
-0.21 0.21
-0.26 0.26
-0.25 0.25
-1.08 1.08
-0.26 0.26
0.31 -0.31
-1.14 1.14
0.22 -0.22
1.51 -1.51
2.75 -2.75
-0.63 0.63
1.11 -1.11
0.33 -0.33
-0.18 0.18
0.80 -0.80
0.19 -0.19
0.47 -0.47
-0.66 0.66
-0.30 0.30
-0.94 0.94
-0.88 0.88
-0.58 0.58
0.38 -0.38
-0.35 0.35
-0.56 0.56
0.57 -0.57
1.38 -1.38
-0.48 0.48
-0.64 0.64
-0.08 0.08
-1.97 1.97
0.59 -0.59
-1.93 1.93
1.03 -1.03
0.47 -0.47
-1.08 1.08
-0.18 0.18
-0.73 0.73
0.09 -0.09
-0.91 0.91
-0.14 0.14
1.36 -1.36
0.86 -0.86
-0.17 0.17
-1.93 1.93
0.86 -0.86
-0.66 0.66
-1.14 1.14
0.90 -0.90
-0.60 0.60
-0.05 0.05
-0.49 0.49
-0.65 0.65
0.64 -0.64
-0.56 0.56
-0.71 0.71
0.07 -0.07
0.87 -0.87
1.23 -1.23
1.69 -1.69
-0.99 0.99
-0.71 0.71
0.86 -0.86
2.88 -2.88
-0.06 0.06
1.43 -1.43
2.09 -2.09
0.15 -0.15
-0.05 0.05
-0.28 0.28
0.93 -0.93
1.06 -1.06
0.40 -0.40
2.68 -2.68
-1.51 1.51
0.07 -0.07
