-0.03 -0.02
0.66 -1.26
0.82 -0.72
0.22 0.37
0.38 -0.73
-0.19 0.12
-0.41 1.44
1.98 -1.81
-1.53 0.36
1.11 -0.80
-0.92 0.69
-1.61 1.43
-0.27 0.14
0.55 -0.23
-0.62 -0.12
-0.06 -0.03
1.56 -1.69
-0.99 1.62
-0.01 0.24
1.07 -1.09
-0.19 0.30
1.07 -0.83
-0.77 0.76
-0.56 0.53
-0.90 1.17
-0.80 -0.06
-0.02 -0.30
-0.16 0.29
1.13 -0.92
-0.48 -0.41
1.25 -0.71
0.34 -0.29
-2.35 2.98
1.30 -1.25
-2.01 1.94
0.43 -1.09
-0.41 0.24
0.65 0.15
1.20 -0.43
1.47 -1.02
0.96 -0.90
0.03 -0.51
-0.93 1.11
0.53 -0.92
0.90 -0.95
0.46 -0.92
-1.28 1.79
-0.84 1.58
1.05 -1.11
1.46 -0.80
-0.36 1.00
-1.66 1.40
-0.39 -0.06
-0.84 1.16
0.38 -0.74
0.86 -0.76
-0.55 0.94
0.33 0.09
0.26 -0.59
0.50 -0.78
0.10 0.09
0.60 -0.67
0.25 -0.04
1.02 -1.19
1.73 -1.77
-1.59 1.31
0.73 -0.22
-0.20 -0.39
-0.67 0.26
-1.41 0.78
1.26 -0.87
0.29 -0.15
0.78 -0.53
-0.03 0.43
2.68 -3.11
-0.66 0.30
-0.66 1.35
-0.28 -0.39
-1.07 1.54
1.82 -1.79
0.09 0.49
-0.52 0.85
-0.28 0.38
-0.26 -0.20
-0.30 0.96
-0.39 0.38
-0.49 -0.01
-0.66 0.89
1.06 -1.35
0.44 -0.67
-1.70 0.64
-0.36 0.11
-2.53 2.26
1.35 -0.62
0.35 -0.38
-1.83 0.87
-1.30 1.18
-1.12 0.88
0.75 -0.33
0.24 -0.26
