1.22 1.22
1.66 1.66
0.38 0.38
0.57 0.57
-0.34 -0.34
2.07 2.07
0.24 0.24
1.04 1.04
0.04 0.04
-0.33 -0.33
0.27 0.27
-0.99 -0.99
-0.15 -0.15
1.32 1.32
-0.51 -0.51
-0.06 -0.06
1.93 1.93
-0.75 -0.75
0.05 0.05
-1.25 -1.25
1.78 1.78
-0.05 -0.05
-0.91 -0.91
0.54 0.54
0.28 0.28
-1.25 -1.25
-0.57 -0.57
0.93 0.93
1.92 1.92
-0.24 -0.24
1.42 1.42
-1.10 -1.10
-0.74 -0.74
-0.86 -0.86
-1.09 -1.09
-0.88 -0.88
0.17 0.17
-0.50 -0.50
0.85 0.85
0.46 0.46
0.48 0.48
-0.54 -0.54
-0.66 -0.66
-0.62 -0.62
-1.13 -1.13
-0.13 -0.13
1.39 1.39
1.55 1.55
-2.34 -2.34
-0.34 -0.34
