0.11 0.33
-0.31 1.28
0.68 -0.77
1.27 0.74
0.38 -1.18
0.38 -0.07
-0.36 0.75
-1.63 -0.38
-0.39 0.11
0.56 0.57
-0.07 -0.17
0.25 0.41
1.44 -0.64
-0.13 0.52
2.56 -0.94
1.50 0.87
-0.28 -1.78
1.20 0.03
-0.44 0.46
-1.49 0.36
0.84 0.58
0.02 -0.88
0.98 -0.16
0.39 -0.28
1.87 1.87
-1.35 0.30
-0.33 0.84
-0.20 0.61
0.92 0.10
-0.57 -0.27
0.28 0.12
0.15 1.76
0.16 0.53
-0.64 0.47
1.09 0.43
-0.82 1.25
0.52 0.17
-2.77 -1.37
-1.39 -1.57
-0.06 -0.71
-1.32 1.07
-0.67 0.74
1.14 1.89
1.47 -1.12
-0.64 -2.09
0.45 -1.12
-0.66 -2.44
-0.66 -0.59
0.28 1.70
-1.26 -1.11
