-0.30 0.46
0.30 0.46
-0.34 -0.44
1.63 -0.25
0.16 -0.91
-0.78 0.18
-0.96 0.27
-0.33 -0.63
0.32 -1.01
0.10 0.90
1.64 1.42
-0.40 -1.05
0.66 0.70
0.44 -0.08
1.30 0.81
0.79 0.03
-0.09 -0.44
-1.17 -0.42
-0.86 0.56
-0.02 -0.07
-1.97 -1.30
-0.05 -1.36
0.43 -0.55
0.01 -0.55
-0.48 -1.22
-0.20 0.45
0.15 -1.63
0.70 -0.55
-0.49 0.12
1.50 1.50
-0.60 0.23
2.68 2.71
0.89 0.46
1.46 -0.09
0.94 -0.47
1.21 0.34
2.13 0.64
-0.30 0.18
-0.43 -0.17
0.54 -0.22
0.31 2.00
-1.01 -0.34
0.40 -0.36
-1.76 -0.62
0.63 -0.94
-2.10 -1.30
-1.59 -0.76
1.39 0.19
0.01 0.32
-0.10 0.74
-0.35 -0.67
1.13 -1.20
-1.26 -0.12
-0.29 0.47
1.14 -0.28
-0.60 -0.95
0.88 1.73
0.60 -0.82
1.57 -0.21
0.34 1.12
-0.35 -1.70
-0.47 -0.23
-0.69 -0.71
0.28 -0.27
0.15 -1.04
-0.79 -1.13
-1.16 0.13
-0.85 -2.43
1.01 0.96
-0.33 -0.55
-0.45 -1.48
-0.28 -0.25
0.36 -0.04
-1.28 0.07
-1.80 -0.86
-0.95 -0.86
0.79 -0.54
-1.55 -1.05
-0.04 0.07
-1.33 0.66
-2.40 -0.55
1.72 1.41
1.19 2.52
-1.17 -0.07
1.52 0.35
-0.39 1.84
-0.65 -1.55
-0.87 -1.70
0.77 0.97
-1.77 -1.67
-0.03 -0.11
0.60 -0.34
-0.17 -1.44
-0.64 -1.46
-0.82 0.26
0.71 -0.89
-0.30 1.97
0.91 -2.86
-1.54 0.05
0.39 0.90
