0.86 0.41
-0.41 1.16
-0.05 0.47
0.55 -1.37
-0.65 0.62
0.76 0.83
0.42 0.59
-0.14 -0.30
-0.18 -0.93
-0.32 -0.57
-0.59 0.27
2.00 -2.48
0.19 -0.78
-0.10 0.28
-0.32 -0.40
-0.44 0.37
-1.83 0.26
-1.08 1.35
-0.32 0.93
0.83 0.29
-0.83 0.67
-1.52 2.01
0.08 -0.23
0.78 -1.15
1.26 -1.05
-1.84 0.32
-0.18 0.43
-0.60 -0.32
-1.45 0.50
1.31 -0.20
-0.66 0.96
1.85 -0.91
-2.61 1.92
1.04 0.13
1.01 -1.04
0.62 -0.54
0.93 -1.50
0.40 -0.57
-1.19 1.42
0.21 0.26
-1.24 -0.50
0.64 0.18
-1.27 -0.68
-1.51 1.35
-0.31 0.61
0.22 -0.64
-0.44 1.59
2.61 -1.79
0.47 0.03
-0.02 1.29
0.02 -0.82
-1.22 1.38
2.21 -1.86
-0.34 0.11
1.96 -1.51
0.23 -0.50
-0.11 -0.47
-1.78 1.81
-0.44 0.73
0.81 -0.25
1.15 -1.00
-1.82 1.46
0.79 0.49
-1.35 2.19
0.55 -0.16
0.38 -1.59
-0.18 0.18
1.26 -1.28
-1.06 1.05
-0.82 1.10
-0.44 -1.07
-0.07 0.77
1.83 -0.55
-0.21 0.79
-0.01 0.73
0.65 0.87
-0.73 0.85
1.26 -0.61
0.70 -0.91
0.48 -0.13
-0.24 0.81
-0.97 0.57
1.01 -1.57
0.16 0.74
-0.41 -0.33
0.41 -1.51
-0.62 0.37
0.48 -1.45
0.54 -1.15
-0.55 0.76
