-0.73 1.02
-0.08 -1.01
-1.32 0.77
-1.57 -1.39
1.14 -0.66
0.98 0.18
-0.83 2.26
-1.21 -0.79
-0.01 -0.26
-0.26 -0.55
0.16 -0.20
0.54 2.26
-1.83 1.08
-0.08 -0.94
-0.81 0.05
0.31 -0.25
1.31 -0.21
2.07 0.46
0.24 1.12
0.39 0.52
-1.01 1.52
-0.47 0.55
0.39 -0.26
-0.32 1.30
-0.57 0.70
-1.15 0.14
-1.26 -0.15
1.08 -0.88
0.26 0.70
1.31 -0.11
0.84 1.95
-0.06 1.02
0.19 1.76
-2.02 1.01
-0.03 -0.05
-0.53 1.36
-1.16 -0.53
-1.62 0.83
1.09 0.21
-0.14 0.02
1.91 -0.94
-1.17 -0.46
0.38 0.16
-1.08 -0.48
0.36 0.26
-0.23 0.06
1.64 -2.00
-1.89 1.62
0.21 -1.18
-0.61 -2.03
