0.11 0.11
1.38 1.38
-1.71 -1.71
-0.38 -0.38
-1.09 -1.09
0.06 0.06
0.16 0.16
1.14 1.14
-2.18 -2.18
0.49 0.49
-1.68 -1.68
1.05 1.05
-0.50 -0.50
-0.43 -0.43
2.12 2.12
1.82 1.82
0.63 0.63
-0.90 -0.90
-1.10 -1.10
0.45 0.45
-1.10 -1.10
1.58 1.58
-1.15 -1.15
-2.26 -2.26
-0.21 -0.21
0.66 0.66
1.60 1.60
-0.09 -0.09
0.91 0.91
0.26 0.26
0.12 0.12
-0.77 -0.77
1.16 1.16
0.73 0.73
0.56 0.56
-0.03 -0.03
0.24 0.24
0.17 0.17
-0.43 -0.43
1.52 1.52
0.26 0.26
0.03 0.03
-0.25 -0.25
-0.27 -0.27
-0.40 -0.40
0.64 0.64
1.76 1.76
-0.63 -0.63
0.43 0.43
2.66 2.66
0.72 0.72
0.28 0.28
-0.12 -0.12
-1.74 -1.74
0.58 0.58
0.55 0.55
-1.27 -1.27
0.06 0.06
-0.34 -0.34
1.53 1.53
-1.36 -1.36
-0.54 -0.54
0.88 0.88
0.55 0.55
-0.65 -0.65
-0.20 -0.20
1.11 1.11
-0.04 -0.04
-1.07 -1.07
1.68 1.68
0.36 0.36
0.83 0.83
-0.58 -0.58
1.23 1.23
-1.11 -1.11
-0.88 -0.88
0.36 0.36
0.81 0.81
-0.36 -0.36
-0.27 -0.27
0.34 0.34
1.49 1.49
-1.36 -1.36
0.09 0.09
-0.88 -0.88
-0.06 -0.06
1.65 1.65
-0.82 -0.82
-0.88 -0.88
-1.09 -1.09
0.63 0.63
-0.21 -0.21
1.27 1.27
0.61 0.61
0.42 0.42
-0.30 -0.30
-0.60 -0.60
0.06 0.06
-2.21 -2.21
1.02 1.02
