-0.16 0.50
0.47 -1.49
-1.23 0.50
0.75 0.91
-0.83 0.94
-0.00 0.38
-0.41 0.94
-0.64 0.64
1.57 -2.46
1.47 -0.97
-1.27 1.18
-1.72 -0.52
0.58 -0.19
-0.83 1.18
0.95 -0.17
-1.71 0.39
0.44 -1.46
0.85 -0.35
-0.13 0.61
-0.56 0.67
0.50 -0.81
-1.82 1.91
-1.84 0.76
-1.03 0.58
0.03 -1.24
0.57 0.70
0.39 -0.60
0.01 -0.37
-0.77 0.85
-0.38 1.43
-1.16 0.94
0.89 -1.40
-0.25 0.36
0.83 -0.91
-0.08 -1.06
-1.10 0.93
-0.11 1.69
0.44 0.79
1.02 -0.33
-1.35 1.62
1.70 -1.30
-0.22 -0.30
-1.63 -0.46
-0.98 1.15
-0.52 0.18
-0.77 -0.73
-0.27 0.82
-0.20 0.35
0.66 -1.10
-2.60 0.43
-0.86 2.10
0.94 -0.60
1.00 -0.25
1.91 -0.56
1.18 -0.89
-1.19 1.75
0.03 -0.35
-0.98 1.95
-2.05 1.89
1.50 -2.31
0.01 1.39
0.11 -0.43
0.68 -0.60
0.27 -0.29
0.29 0.00
-0.66 0.58
0.28 -0.89
-0.08 0.38
1.81 -1.21
0.32 0.58
-1.44 1.28
0.69 -0.55
1.83 -2.24
0.43 -0.29
-0.35 1.08
-0.21 -0.10
-0.46 0.17
-1.52 1.71
-0.04 1.08
-2.00 1.36
-0.86 0.21
-0.90 0.59
0.06 -0.70
0.60 -0.08
-0.17 0.32
0.37 -0.70
-0.49 0.25
-0.74 0.08
0.17 -1.21
1.08 -1.74
-0.91 0.42
2.03 -0.94
0.96 -0.33
0.16 0.28
0.50 0.71
1.26 -0.48
0.84 -0.44
-1.03 0.31
-1.69 1.70
0.79 -0.47
