-0.19 1.12
-0.59 1.30
-0.83 -0.45
0.39 -0.15
-0.40 0.90
1.12 -1.61
1.11 -2.55
-1.06 0.53
0.13 -0.47
-1.09 -0.02
-2.58 2.38
-2.47 2.03
-0.51 0.57
0.55 -0.60
0.14 0.31
-0.18 -0.31
0.87 -0.07
-0.86 0.63
-1.68 0.91
-0.88 1.95
-0.14 -0.33
1.43 -1.21
-1.80 1.38
1.31 -0.53
-0.16 -1.19
0.49 0.17
1.70 -1.12
-0.26 1.03
-0.89 -0.67
-0.39 1.17
-0.66 0.65
0.28 -0.53
-1.17 0.43
-0.51 0.20
-0.11 0.11
0.42 -0.37
-0.05 0.43
0.52 -1.59
1.12 -1.56
-1.01 0.96
0.52 -0.13
-0.01 0.25
-0.28 -0.11
0.57 -0.63
0.32 -0.24
0.28 0.70
-0.50 0.84
0.76 -0.49
-0.27 1.11
1.33 -0.95
-0.12 -0.33
0.42 -1.19
0.31 0.07
-0.30 0.82
-1.70 1.48
1.88 -2.34
-1.12 0.34
-0.38 0.15
-2.99 2.82
-0.55 -0.78
0.66 -0.69
1.88 -0.92
0.15 0.55
-1.02 0.07
-1.07 1.45
-1.32 0.89
-1.67 2.24
0.21 0.31
1.64 -0.54
-0.61 0.34
-0.18 0.12
-0.05 -0.21
1.29 -0.99
0.53 -0.15
-0.53 1.01
0.64 -0.80
-1.56 0.58
1.62 -1.45
-1.17 0.61
0.26 -0.40
0.03 -0.19
-0.37 0.94
0.72 0.24
-0.29 -0.04
-1.33 0.92
-1.23 0.24
1.55 -1.69
-0.84 1.37
0.28 0.30
0.02 0.50
