-0.89 2.47
0.65 -0.06
-0.57 -0.19
0.47 0.82
-0.11 0.05
0.93 -2.04
-0.20 -0.40
-0.99 1.97
-1.61 1.12
1.26 0.38
0.69 0.04
-1.42 1.94
0.56 -0.34
0.57 0.20
1.22 -2.09
0.64 -0.63
-0.36 -0.76
0.40 0.45
2.07 -1.04
0.49 0.88
1.69 -1.75
-0.76 0.39
1.37 -1.00
1.50 -1.39
0.59 -0.82
-1.17 0.33
-1.28 0.90
-0.85 0.76
1.21 0.03
0.39 -0.34
0.82 -0.18
-1.49 0.30
0.31 -0.20
0.40 0.39
0.62 0.59
-0.54 1.26
-0.42 -1.14
-0.06 -0.39
0.76 -0.48
-0.07 0.27
3.20 -1.43
1.15 -0.41
-1.62 1.14
-0.31 0.78
-1.46 1.14
-1.72 0.62
0.39 -0.75
-0.43 -0.18
-1.01 0.76
-0.01 0.17
-0.53 1.08
-0.28 1.54
1.00 -0.37
-0.88 1.95
0.41 -0.89
-0.83 1.42
-1.24 -0.12
-0.32 0.22
1.59 -2.38
-0.03 0.09
0.53 0.89
0.20 0.66
-0.23 1.50
0.66 -1.15
-0.64 0.27
-0.55 0.43
-1.66 -0.91
0.23 -1.54
1.52 -0.23
0.67 -0.27
-1.53 0.29
-0.93 0.51
-1.18 -0.39
-0.92 1.21
0.70 -1.94
1.83 -1.19
-0.13 1.17
0.07 -1.35
1.22 -0.24
-0.36 -0.65
1.03 -1.18
-0.70 -0.23
-0.07 1.21
-0.26 0.89
-0.23 0.89
1.28 -0.47
1.41 -0.21
-2.15 1.17
1.05 -1.80
-0.86 0.25
0.23 0.33
-1.35 0.88
-0.35 -0.17
-0.52 0.24
-1.37 0.02
-0.29 -0.47
-0.70 1.67
-0.39 2.02
0.52 -0.58
1.29 -0.39
