1.19 -0.53
-0.69 -0.26
1.90 0.86
1.50 1.41
-0.40 -1.81
-0.94 0.90
-0.16 2.21
-2.04 0.95
-0.96 -1.12
-0.10 0.38
0.07 -0.21
-1.75 1.30
1.38 -0.45
0.55 -0.12
-0.58 0.90
1.42 0.25
0.09 0.43
-0.07 0.15
0.05 -0.44
-2.35 -1.36
0.49 0.46
0.51 -0.54
1.94 -0.20
-0.11 -0.02
-0.47 -1.02
0.69 -0.61
0.05 0.30
-0.54 -0.06
0.50 -0.71
0.56 2.42
0.38 0.06
0.57 0.92
0.30 -0.77
0.37 1.91
-1.67 -0.07
-0.92 -0.41
2.13 0.96
0.37 2.22
0.65 -0.11
-1.28 -1.02
-0.18 0.63
0.41 -1.74
-0.37 1.23
1.56 0.12
0.71 1.65
-0.85 0.65
0.95 1.24
0.63 0.46
-0.54 -1.27
-0.10 0.50
0.96 -1.68
0.64 0.29
0.38 -0.16
0.63 0.98
-0.78 -3.00
0.41 -0.68
1.40 -0.15
-1.63 -0.41
0.30 -0.40
0.22 -1.24
-0.17 2.12
1.00 0.28
0.44 0.36
0.52 1.16
2.19 -0.18
1.09 -0.27
-1.67 0.50
-0.24 1.22
2.16 0.96
0.15 0.89
1.85 1.07
-0.42 -0.73
0.54 0.67
-0.67 -0.19
-0.88 -0.85
-1.44 -0.21
0.61 1.87
-0.86 -0.89
-0.21 0.43
-1.42 -0.16
-0.18 1.61
-0.95 0.36
0.13 -0.14
1.55 1.36
1.69 0.57
0.46 -1.00
-0.68 0.38
0.45 -1.37
0.58 0.02
-1.34 -0.44
