0.31 0.58
0.30 -1.31
0.61 -0.07
-0.96 1.34
-0.36 0.60
0.92 0.30
-1.01 -0.16
0.20 0.31
0.70 -2.51
0.61 -0.11
-0.58 -1.82
-0.62 0.35
-1.46 1.18
0.90 -1.11
-0.51 -0.17
0.77 0.16
1.76 0.72
-0.19 -0.19
-1.30 0.90
0.91 1.29
1.33 -0.67
0.82 -0.04
-1.12 1.40
-0.08 0.41
0.92 -0.20
-0.25 -0.58
1.26 1.51
-0.28 -0.58
-1.02 1.49
-0.42 -0.24
0.33 -0.27
-1.14 0.71
-1.53 1.32
-0.84 -0.29
-1.00 -1.51
1.46 -2.54
0.57 1.80
0.64 -1.09
-0.05 -0.02
1.27 0.45
0.67 -0.79
-1.83 1.15
0.29 -1.13
-0.89 -0.34
-0.10 -1.83
0.39 0.45
1.20 -0.31
1.09 -0.48
-0.30 0.48
0.10 1.45
0.03 -1.19
-1.31 0.97
-1.26 1.97
0.25 -0.64
-0.80 1.54
0.23 0.34
0.64 0.16
1.74 1.71
0.33 0.07
-0.17 -0.54
-0.16 0.98
0.22 -1.99
1.87 0.17
-1.21 1.04
-1.58 1.14
1.20 -1.65
0.19 0.19
0.42 0.23
-1.45 0.86
0.63 -1.30
-0.19 -0.12
-1.94 1.41
-0.60 -0.27
-3.22 1.54
-0.46 0.87
1.45 -1.31
1.01 -1.46
-0.44 -0.85
0.70 -0.21
-1.60 -0.23
-1.28 0.87
0.61 0.22
-0.62 0.57
-0.09 -0.17
0.23 0.34
-1.85 0.59
-1.34 0.86
0.62 -0.90
-0.38 0.38
1.06 -1.26
1.26 -0.82
-1.99 -0.47
-1.50 0.18
0.19 -1.05
0.22 0.40
-0.23 1.31
-1.00 -0.81
-0.90 1.31
-1.53 1.08
0.10 0.49
