-0.08 -1.00
2.12 2.41
-0.18 0.29
-0.97 1.00
0.81 0.70
-0.24 0.89
1.37 -0.89
-0.67 1.44
-0.97 -0.95
1.77 -1.13
-1.37 -1.23
2.18 -0.51
1.17 -1.08
1.04 -0.50
0.47 -1.06
1.58 1.62
-0.86 2.04
-0.88 -0.92
0.33 -0.42
0.45 -0.37
0.80 1.82
0.21 -0.14
-0.24 0.46
-2.55 0.18
-0.75 0.33
0.32 1.19
0.92 -1.11
1.07 2.04
0.34 -0.46
0.87 0.45
-0.43 0.18
0.76 -0.72
0.41 -0.39
-0.84 -0.64
-0.96 0.22
0.73 0.40
-1.09 0.47
-0.31 -1.44
-0.72 1.27
2.12 0.23
0.28 1.66
-0.28 1.45
-0.35 -0.58
1.54 0.38
0.55 -0.06
1.19 -0.81
-0.59 0.70
-0.44 0.70
0.89 -0.57
-0.21 -0.95
