0.28 0.68
-1.35 0.25
0.61 -0.00
-0.53 0.06
0.60 0.27
1.46 1.32
0.08 0.62
-1.49 1.50
0.56 0.73
0.21 -0.58
-0.43 -0.57
-1.58 -1.03
0.01 0.15
2.04 1.02
-0.21 1.79
-0.01 -0.05
-0.14 -1.66
-0.87 -1.23
0.14 1.31
1.17 0.54
-0.49 -0.49
-1.00 1.26
0.32 0.84
-0.35 2.04
0.31 -0.42
-1.05 -1.60
0.77 -0.57
-0.36 -0.68
-1.06 -0.85
1.20 1.51
0.46 0.90
-0.13 -1.05
2.75 -1.00
-0.32 0.50
-0.44 -2.05
-1.71 -0.94
-0.78 -0.53
0.17 0.95
-0.39 -1.27
0.82 0.01
-0.01 -2.33
-0.35 -1.03
0.00 0.01
-0.36 0.19
0.85 -0.73
0.23 1.02
0.04 -0.17
1.38 0.73
-2.89 -0.09
-0.11 -0.41
1.34 1.46
1.06 -0.90
-1.58 -0.58
0.71 -0.18
1.22 0.01
1.52 1.17
-0.06 -0.94
0.17 0.06
0.43 -1.05
-0.10 -0.45
-0.96 -1.27
1.35 0.83
1.82 1.37
-0.57 0.35
-1.71 0.38
1.58 1.80
-0.32 -0.03
-0.80 0.25
2.13 0.84
1.86 -0.28
-0.34 1.95
-0.53 -0.10
-0.41 -0.75
-0.83 -1.83
-1.02 -0.22
0.63 0.53
-1.36 -0.78
-2.15 -0.72
1.29 -0.93
-0.13 -0.87
0.99 0.35
-0.11 1.04
0.67 1.53
0.05 0.65
0.64 0.48
-0.49 -1.51
-0.20 -0.03
-0.49 -2.21
0.15 0.71
0.09 1.46
0.73 2.13
0.21 -0.43
-2.10 0.19
0.50 -1.50
-0.90 -1.21
-0.07 -0.27
0.33 0.14
0.37 0.19
-1.15 -0.17
-1.52 0.48
