-0.33 -0.52
-0.21 0.08
-1.67 -0.58
-0.03 -0.71
0.77 2.12
-0.95 -1.60
-1.71 -0.16
0.77 0.57
-1.33 0.49
-0.39 -1.00
1.40 -0.25
1.73 1.11
2.21 -0.04
-0.94 0.80
-1.21 1.44
-0.21 -2.54
0.49 -0.33
1.04 -1.88
0.46 -0.21
-0.28 -0.17
-1.02 0.77
-1.32 0.27
0.38 0.30
0.10 0.76
-0.77 -0.97
0.87 1.27
-1.21 -0.24
-1.18 0.24
-0.13 0.25
-1.15 -0.90
-0.44 0.46
0.39 0.38
-0.51 1.07
-0.11 -0.22
-0.85 0.21
0.40 0.20
-0.10 -1.03
0.86 0.75
0.08 0.05
-0.33 -0.34
-0.23 -0.98
-0.48 2.50
-1.73 -0.32
-0.52 -1.24
-0.62 -1.18
0.73 -1.08
0.49 1.53
-1.00 -0.35
-1.00 0.77
0.38 -1.18
-0.39 0.23
-0.61 0.48
0.17 0.06
0.77 -1.65
-2.12 -0.40
-0.08 -2.24
-1.03 1.01
1.42 0.29
1.74 0.63
-2.52 1.13
-1.21 -0.28
-1.12 1.03
-0.36 0.07
0.70 0.41
1.49 -0.93
0.68 -1.34
-0.14 0.63
-0.54 -0.63
-0.27 2.71
-0.94 -0.77
-0.96 0.36
-0.31 0.08
1.74 -0.49
-0.23 1.93
-0.77 -0.74
-0.53 1.61
-0.23 -1.11
-0.34 -1.73
-1.12 0.01
0.15 1.86
-0.06 -0.70
-0.85 -1.22
0.39 0.59
0.35 0.49
0.01 -1.08
0.94 0.47
0.85 -0.60
0.16 0.11
1.54 0.23
1.64 0.29
1.30 -0.62
-0.84 0.00
-1.71 -0.59
-0.51 1.00
1.17 -1.92
-0.77 1.00
2.15 0.84
-2.50 0.00
-1.59 -1.30
-0.91 0.32
