0.85 -0.55
1.38 -2.59
-0.17 -0.08
-1.49 -0.41
-1.27 1.10
0.44 -0.10
-2.18 -1.29
-1.45 -0.69
-1.75 1.29
0.10 -0.67
0.61 0.08
-0.04 1.14
0.76 1.60
-0.33 -0.36
1.40 1.08
2.00 -1.12
0.67 0.21
0.48 1.09
-0.74 1.19
-0.99 -0.95
-0.97 0.36
-1.39 -0.49
-1.16 -1.32
-0.32 0.37
1.68 -1.61
-1.34 0.03
-0.34 -0.01
-0.77 0.82
0.25 0.73
-1.06 -0.48
-0.78 -0.18
-1.31 0.92
0.66 0.15
-0.57 0.98
0.70 -0.85
-0.60 0.90
-1.48 0.30
0.60 -0.14
-0.54 -1.94
0.32 1.35
-0.83 1.62
-0.73 1.25
0.69 -0.06
-1.60 -1.08
-1.37 2.13
0.71 0.13
-1.44 0.21
-0.36 0.80
-1.64 -1.05
-1.15 -0.73
