-0.19 -0.56
-0.98 0.61
0.49 2.26
-1.92 -0.79
-1.44 1.41
-1.78 -2.42
0.29 0.53
1.16 -0.65
-0.43 0.74
0.46 -0.39
0.90 -0.84
-0.12 -1.30
-0.39 1.28
-0.67 -0.03
-0.42 0.19
-0.91 -1.30
-1.54 0.45
1.51 1.81
-0.03 0.35
1.44 1.18
-1.04 0.27
0.17 0.04
-0.07 -1.80
0.35 0.65
-1.93 -1.30
0.51 0.45
0.58 -1.34
-1.04 0.41
0.72 0.37
0.73 -0.70
-0.08 -1.07
1.68 1.33
1.74 1.48
0.44 -0.83
-0.83 -0.55
-0.89 -0.91
-0.41 -0.18
0.01 -0.47
0.40 0.82
1.82 0.43
0.34 2.28
0.93 -0.21
0.96 -0.96
-2.05 -0.64
1.79 -0.29
-0.15 -0.79
-1.11 0.45
-1.81 -0.70
0.48 1.30
0.49 -1.32
0.05 0.08
-1.41 0.15
0.36 -0.24
-0.21 0.77
1.41 -0.69
0.22 0.92
-0.45 0.56
-1.53 -0.93
0.62 1.48
-0.36 -0.42
1.64 1.23
1.29 0.91
-1.29 -0.37
1.58 -0.30
0.13 0.47
0.70 0.59
0.27 0.07
-0.34 -2.38
2.10 0.95
0.55 0.14
-1.87 -1.60
-0.83 -0.70
-0.58 -0.64
-0.80 -1.25
0.45 0.10
0.29 0.49
-0.95 -1.58
-0.26 1.35
1.05 0.62
-0.87 -1.44
1.60 1.42
-0.57 0.51
-0.34 -1.73
-1.35 -0.78
-0.15 0.54
-0.85 -1.31
0.19 0.05
0.00 2.02
-0.04 0.23
-0.36 0.66
0.86 -0.62
0.82 -0.45
1.18 0.30
-1.48 -1.05
0.13 -0.05
1.53 0.04
-0.60 -0.61
-0.25 -1.93
0.94 0.05
1.37 0.74
