1.05 1.05
-0.72 -0.72
-1.11 -1.11
-0.94 -0.94
-0.50 -0.50
-2.43 -2.43
0.42 0.42
-0.18 -0.18
1.24 1.24
-0.02 -0.02
-1.37 -1.37
-0.43 -0.43
-1.27 -1.27
-0.42 -0.42
0.44 0.44
-0.49 -0.49
0.17 0.17
1.45 1.45
1.64 1.64
-0.00 -0.00
1.94 1.94
-0.03 -0.03
0.81 0.81
-0.30 -0.30
1.10 1.10
-0.14 -0.14
0.60 0.60
-1.20 -1.20
-0.44 -0.44
-1.35 -1.35
1.08 1.08
-0.68 -0.68
0.19 0.19
0.18 0.18
-0.00 -0.00
-0.44 -0.44
-0.63 -0.63
-0.74 -0.74
-1.84 -1.84
-1.04 -1.04
-2.20 -2.20
1.28 1.28
-0.14 -0.14
0.29 0.29
-0.35 -0.35
-0.14 -0.14
0.81 0.81
1.90 1.90
0.86 0.86
0.93 0.93
