-0.10 -0.50
-0.38 0.70
0.16 -1.84
1.66 -0.36
-0.60 -0.04
-0.64 1.30
-0.95 0.05
-1.68 -0.37
0.49 -0.58
-1.88 0.09
0.62 0.76
1.05 0.91
-0.42 0.34
0.23 1.77
0.07 2.15
-1.13 0.26
1.38 0.65
-0.31 -0.17
0.19 0.84
-0.70 -1.15
-0.95 -0.95
0.98 0.43
-1.48 1.91
0.46 0.23
1.23 -0.97
1.56 0.78
-0.59 -0.36
0.42 -0.20
-0.11 1.84
-0.71 -0.23
0.44 0.11
-1.95 -0.77
0.20 0.88
0.39 1.04
-1.55 1.15
1.37 0.18
-0.41 0.48
-1.64 0.16
-0.08 -2.36
1.11 0.17
0.85 -0.09
-0.80 0.67
0.58 0.54
0.59 -2.22
-0.35 0.04
-0.50 -0.04
-1.55 0.08
-0.75 0.46
1.67 0.66
-0.37 -0.24
-0.67 0.60
1.45 0.48
-0.38 -0.78
-0.05 0.42
0.31 -0.88
0.91 0.87
-0.25 1.11
-1.47 -0.13
2.06 -0.98
0.94 1.79
-2.04 -2.74
-0.01 -2.02
0.34 0.36
1.07 0.95
-0.67 1.19
0.35 -1.21
-1.62 -1.90
0.08 0.35
-1.61 0.39
-0.06 0.58
-0.41 1.71
0.24 0.31
1.42 0.56
1.52 -1.07
0.38 0.01
-0.21 -0.29
0.25 -1.88
2.24 -1.91
1.18 0.03
0.24 -1.00
-0.61 0.16
-0.63 0.73
-1.11 1.06
1.70 -1.00
1.13 0.72
0.62 0.27
-0.47 0.17
-0.44 1.09
-1.63 -0.32
-0.22 -0.82
