0.84 -0.06
0.41 -0.60
0.45 -0.57
-2.22 -0.59
-0.93 -1.22
-1.67 -1.32
-0.78 -2.25
-0.17 0.64
-0.25 0.11
-2.46 0.46
-1.10 -1.34
-0.46 1.06
0.01 -0.56
1.09 -0.45
-0.62 1.68
-0.13 0.86
-0.25 -1.75
0.75 -0.39
-0.98 1.09
0.51 0.52
1.99 -0.44
0.25 -0.56
-0.04 0.30
-1.01 0.74
-0.54 -1.14
-0.22 0.45
-0.03 0.18
-1.47 -0.12
-0.45 0.08
-0.03 0.76
0.32 0.58
0.07 1.15
0.68 0.13
0.10 0.38
1.31 0.65
-0.28 1.13
-0.08 0.26
-0.56 0.89
-1.52 -0.89
-0.56 0.64
1.30 0.53
-0.28 -1.89
0.57 -0.46
-0.69 -0.48
0.02 -1.43
1.54 -0.24
-0.15 -0.43
-1.06 1.75
1.02 0.61
0.23 -0.47
-0.10 0.67
-0.38 -1.65
-0.80 -1.05
0.50 0.90
0.46 0.39
-0.21 0.55
-1.60 1.41
0.25 1.23
-0.75 1.44
-0.09 1.73
-1.07 -1.10
-0.46 0.40
-0.18 0.04
-0.36 -1.08
-0.04 0.13
-0.17 0.09
-1.23 -1.92
-1.74 -0.48
1.08 -0.68
0.33 -0.90
0.60 0.26
-1.07 1.81
-2.46 -0.89
0.28 -1.91
1.34 0.95
0.45 -1.27
2.05 0.05
-0.56 -1.41
2.10 -0.59
2.37 -1.04
0.33 0.20
-1.53 -0.08
1.20 -0.88
0.48 1.62
-0.22 -1.40
2.72 1.14
0.14 0.41
-0.53 -2.11
0.54 1.04
0.78 1.24
