-1.42 -0.62
-0.18 -1.16
-1.46 0.32
-0.96 1.48
0.58 -0.90
1.11 1.35
0.57 1.47
-0.11 -0.85
-0.61 -0.49
1.29 -0.69
-0.09 0.18
1.51 -1.10
1.39 -0.52
0.37 -0.98
0.68 -0.25
-0.61 -0.42
-1.36 1.30
-0.17 -0.49
1.03 -1.47
0.97 -2.71
-0.33 0.05
-0.29 0.83
0.55 0.32
-1.23 0.61
0.84 1.58
-2.23 -0.99
0.18 -1.71
-0.52 -0.40
0.93 -1.39
-1.01 0.05
-0.28 1.33
-0.51 0.12
-1.40 0.71
1.24 -0.34
-0.05 0.32
0.74 -0.17
1.42 -0.85
1.27 -0.51
1.04 -2.07
0.72 0.92
-1.87 1.84
-0.48 0.02
1.68 -1.40
-0.04 0.47
0.80 1.67
-0.29 1.12
-1.20 0.06
0.95 -0.07
0.76 -0.55
-0.18 -1.84
1.76 -0.14
-0.49 0.47
-0.14 0.20
-0.49 -0.32
-0.32 -0.25
0.07 -0.53
-1.48 0.42
-0.11 -1.05
-1.68 1.71
1.10 0.04
1.12 -0.69
-0.72 0.83
1.28 -1.63
-0.96 1.17
-0.93 -0.48
-0.27 -1.97
0.65 0.09
0.78 -1.61
-1.11 1.88
-2.35 1.08
-0.25 -0.16
-0.04 1.22
0.08 0.13
0.87 -0.11
0.99 -2.67
-0.69 -1.27
-1.30 0.34
-1.89 0.07
-0.03 -0.04
-0.59 -0.17
0.83 -0.23
0.85 -0.99
1.89 -0.44
0.02 0.25
-0.20 -0.16
1.54 0.13
0.87 -0.15
0.23 -0.06
1.57 -0.74
0.95 -1.53
