-0.87 -0.09
-2.34 0.76
-1.87 2.47
1.44 -1.20
-0.50 1.03
-0.05 0.65
0.55 -1.01
1.13 -1.48
0.37 -1.40
-0.24 -0.04
-1.02 0.20
0.31 -1.01
0.07 -0.61
-0.45 0.54
-0.79 -0.05
-0.11 -0.69
-1.54 1.29
-0.42 0.14
0.32 -0.09
-0.10 -0.28
-1.07 -0.55
-1.18 -0.09
-0.44 0.79
0.53 -0.30
-0.34 -0.10
0.02 -0.67
-0.20 0.68
-0.83 0.51
-0.71 0.40
-1.38 -0.04
0.80 -0.76
-0.31 0.30
0.19 -0.53
1.54 -1.36
-0.34 0.26
-0.26 0.40
2.28 -2.39
0.95 -0.68
-0.72 0.55
-0.56 -0.02
-1.12 0.49
0.27 0.05
-0.35 1.12
-0.57 -0.48
-1.44 0.09
-0.53 0.93
1.81 -0.83
-1.13 -0.22
-2.84 3.47
-1.07 0.97
-0.57 1.90
1.93 -0.97
0.16 0.39
-0.80 0.61
0.78 -0.96
-1.34 0.14
0.48 -0.82
-1.01 1.03
1.00 -1.27
1.66 -1.18
-0.72 1.25
1.17 -1.50
0.78 0.30
-1.18 1.61
1.27 -1.43
-0.30 0.44
-0.27 0.55
-0.15 0.11
-2.33 2.32
-0.48 0.45
-0.05 0.10
1.70 -1.82
0.66 -0.82
-0.23 1.14
-0.47 0.62
1.25 -1.11
-0.56 1.59
-0.33 0.28
0.00 -0.15
0.29 -0.02
1.27 -1.13
-1.71 1.07
-0.81 0.48
0.94 -1.98
-0.28 0.34
1.36 -0.80
0.49 -0.22
-0.82 0.79
-0.71 -0.40
-0.82 0.05
