-0.31 -0.84
1.07 0.97
1.17 -0.46
2.11 -0.60
-1.44 1.91
-1.29 0.57
0.18 0.33
1.89 -0.21
-1.68 1.62
0.32 1.00
-1.19 1.34
1.81 0.01
0.98 -1.33
1.31 -1.17
-0.74 -1.43
-0.27 -0.86
-1.23 0.02
-0.00 1.97
0.70 -0.83
0.61 -1.89
1.22 -1.32
-0.65 -0.33
0.53 0.92
0.31 -0.57
1.25 -1.25
-1.11 -0.28
0.44 -1.13
-0.75 -0.66
1.17 1.18
-0.61 0.56
1.28 0.34
-1.73 0.63
1.34 -1.30
0.30 0.55
0.41 1.41
1.11 -0.83
1.18 0.73
0.96 0.20
0.65 -0.28
0.05 1.26
-0.95 -0.98
-0.32 -0.43
0.19 0.23
0.09 -0.26
0.76 -0.86
-0.97 -0.03
0.21 -2.38
0.71 -1.07
-1.45 0.61
-0.69 -0.34
