2.59 2.59
0.41 0.41
0.64 0.64
-0.19 -0.19
-1.40 -1.40
1.03 1.03
1.90 1.90
0.47 0.47
0.36 0.36
-2.21 -2.21
-0.77 -0.77
0.18 0.18
0.33 0.33
0.08 0.08
0.34 0.34
-0.33 -0.33
-1.76 -1.76
0.39 0.39
1.06 1.06
0.28 0.28
0.79 0.79
0.49 0.49
1.71 1.71
0.54 0.54
0.02 0.02
-0.09 -0.09
0.13 0.13
1.17 1.17
-0.89 -0.89
-0.23 -0.23
-0.13 -0.13
0.68 0.68
-0.01 -0.01
-0.75 -0.75
-0.91 -0.91
1.75 1.75
-0.04 -0.04
1.03 1.03
-0.78 -0.78
0.82 0.82
-1.12 -1.12
-0.82 -0.82
-0.47 -0.47
-1.37 -1.37
-0.55 -0.55
-2.21 -2.21
0.48 0.48
-0.68 -0.68
1.40 1.40
-0.42 -0.42
