-0.41 -0.41
1.56 1.56
-0.44 -0.44
-1.85 -1.85
-0.67 -0.67
-0.63 -0.63
-0.17 -0.17
0.97 0.97
-0.56 -0.56
-1.87 -1.87
-1.07 -1.07
-1.39 -1.39
0.07 0.07
-1.08 -1.08
0.31 0.31
0.17 0.17
-0.83 -0.83
-0.57 -0.57
-2.51 -2.51
-0.31 -0.31
-0.86 -0.86
1.17 1.17
-0.02 -0.02
-0.24 -0.24
0.58 0.58
1.15 1.15
-0.32 -0.32
0.60 0.60
0.76 0.76
-0.40 -0.40
-0.33 -0.33
2.17 2.17
-1.48 -1.48
0.81 0.81
1.39 1.39
0.38 0.38
-1.70 -1.70
0.35 0.35
-1.25 -1.25
-1.66 -1.66
-1.00 -1.00
0.34 0.34
-1.96 -1.96
0.11 0.11
-0.14 -0.14
0.27 0.27
-0.65 -0.65
-0.71 -0.71
-0.53 -0.53
-1.82 -1.82
