0.81 -1.91
-0.05 2.78
0.03 -1.02
-0.11 -1.16
-0.39 -0.08
-1.48 0.34
0.73 0.52
0.14 -1.16
-0.93 -1.35
0.55 -0.22
-0.95 0.82
0.55 1.07
-0.15 -0.16
-0.42 -2.12
1.48 0.86
1.33 0.88
-1.65 0.34
0.33 0.40
0.42 -0.30
-0.77 1.30
-0.26 1.16
-0.28 -0.72
-0.21 -1.31
0.40 0.43
-1.73 0.10
2.36 1.48
-1.56 -1.31
1.72 1.98
1.30 1.37
0.87 0.41
-0.57 -2.27
-0.18 0.51
2.51 -0.00
0.19 -0.25
-1.81 0.43
1.33 -0.55
0.43 0.39
0.97 0.65
0.94 0.79
1.04 0.18
1.20 1.09
-0.51 -0.19
0.69 -0.08
-1.07 -0.85
-1.62 -1.31
1.19 1.31
-1.02 0.51
-0.46 0.77
-0.97 1.55
-0.58 -1.48
-1.74 0.78
0.57 0.14
0.12 0.76
-1.01 0.01
0.78 0.58
0.65 -0.04
-0.45 0.19
-1.29 -0.10
2.13 2.46
0.68 -1.44
-0.32 -0.31
-1.24 1.35
0.34 -0.28
-0.38 0.66
0.92 -0.73
-0.40 0.70
-0.76 0.29
0.44 0.49
-1.75 -2.10
0.48 0.80
-0.18 -0.47
0.62 0.80
-1.31 -0.10
-0.44 -0.79
0.57 0.68
-0.58 -1.48
-0.99 -0.28
0.19 0.97
-0.92 -0.79
1.32 -0.07
0.21 0.39
-0.29 0.11
0.14 0.88
0.49 -0.62
-0.73 0.49
-0.57 -0.21
-0.31 -0.62
-0.60 -1.43
1.17 0.03
0.71 -0.55
-1.26 -2.28
1.35 -0.08
-1.76 -0.89
-1.75 0.44
-0.32 -0.71
-0.54 -1.38
1.81 -0.72
0.91 -0.77
1.06 1.42
0.47 -0.81
