-0.20 0.31
-1.33 1.78
-1.52 1.48
-1.06 0.08
0.78 -0.38
-0.13 -0.20
-0.50 0.57
1.06 -1.23
0.96 -1.13
1.17 -1.14
0.03 -0.37
0.52 0.19
1.34 -1.11
0.89 -1.67
0.49 -0.23
0.28 0.08
-1.26 1.46
1.71 -1.59
0.09 0.20
-1.72 2.00
2.00 -2.58
-0.11 -0.03
1.17 -1.98
-1.60 1.25
0.84 -0.63
0.33 -0.21
0.98 -1.17
0.33 0.08
1.61 -1.45
-2.42 1.55
1.83 -1.50
-0.68 0.14
0.38 0.14
-1.63 1.22
1.73 -0.80
-0.94 -0.05
1.47 -1.04
-0.21 0.13
0.83 -1.39
0.14 -0.02
-0.45 0.35
0.47 -0.53
-0.01 -0.09
0.68 -0.42
-0.80 0.79
0.06 0.61
-1.10 1.03
0.22 -0.39
-0.98 -0.06
-0.67 0.57
-0.77 0.18
-0.34 0.15
-1.57 2.22
0.16 0.41
-1.02 0.51
1.46 -0.86
-0.44 0.92
0.11 -0.27
0.10 -0.79
-0.33 0.26
-0.46 0.84
0.31 -0.17
-1.70 1.21
0.93 -0.78
2.38 -2.69
0.87 -0.33
-0.59 -0.13
-0.44 0.90
-0.57 -0.02
-0.86 0.95
0.24 0.00
-1.68 1.17
-0.63 1.00
0.38 -0.20
-0.45 0.12
1.53 -1.94
-0.50 0.94
-1.37 1.63
-0.48 0.96
-0.64 0.69
0.48 -0.56
0.69 0.04
0.22 -0.01
-0.59 1.06
-0.24 0.10
1.38 -1.73
-0.06 0.37
-1.76 1.58
0.21 0.32
0.51 0.37
