-1.53 0.78
-0.60 -0.07
-0.96 1.25
0.22 -1.00
-2.04 0.50
-0.54 0.69
-0.46 -0.29
-0.98 0.36
0.74 -0.29
-1.70 0.97
1.00 -1.51
-0.34 1.18
-0.85 1.67
0.57 -1.64
0.58 -0.30
0.14 0.34
-1.31 0.29
-0.08 -0.23
-2.48 0.79
0.86 0.84
-0.02 -0.45
0.09 -0.88
-0.12 0.94
-0.10 0.50
2.18 -1.18
1.38 -0.35
-0.20 -0.59
0.26 0.12
0.87 -1.98
-0.95 2.28
0.01 0.02
-0.02 1.40
-1.31 -0.68
1.86 -0.96
0.01 0.41
-0.80 1.20
-0.16 0.85
0.15 0.10
-0.46 0.15
0.89 2.14
1.19 0.00
0.36 -1.21
-0.50 0.17
1.89 -1.06
-0.43 -0.03
0.22 1.82
-0.55 -0.23
0.71 -0.78
1.64 -2.10
-1.38 0.05
