0.41 0.07
-1.47 1.11
-1.19 1.14
-0.93 -0.27
-0.20 0.00
0.50 -0.14
0.20 0.05
-0.93 3.25
0.28 1.06
0.61 0.01
0.09 0.89
0.49 -1.18
1.33 0.43
1.03 -0.66
1.74 -2.62
-0.91 1.08
2.04 -1.05
-0.64 -0.94
0.73 -0.72
-0.44 -0.45
-0.77 1.15
0.36 -0.96
0.99 -0.47
2.25 -1.98
-2.92 1.49
0.35 -1.26
0.27 -0.85
-0.39 0.62
-0.79 0.41
-0.06 1.44
0.19 -0.65
-0.01 0.16
-0.21 0.36
-1.56 -0.15
0.03 0.09
0.87 -0.50
1.27 -1.12
0.80 0.39
1.74 -1.07
-0.69 0.14
0.41 -0.35
2.24 -0.47
-0.36 -0.89
0.07 1.08
-0.02 0.33
-0.86 0.11
1.06 -0.81
0.28 0.52
-0.02 0.29
0.06 -1.41
