1.02 1.11
1.02 -1.05
-1.61 0.05
-0.96 -0.89
-0.44 -0.14
-0.32 -1.00
-1.70 0.47
-1.67 -1.56
0.30 0.84
0.92 -0.37
0.25 -0.93
1.23 1.28
0.63 0.42
-0.14 -0.37
0.94 0.24
-0.36 1.33
-1.89 -1.15
0.24 1.51
-0.37 -0.85
-0.81 -1.11
-1.63 -0.21
1.50 -1.15
-0.19 -2.39
0.73 -0.76
0.02 0.37
0.55 -0.91
-0.41 0.96
2.22 0.24
0.50 0.94
0.58 0.07
1.28 0.25
-1.11 1.41
-0.79 -1.48
-0.37 -0.56
0.18 -0.48
1.21 0.71
2.16 0.70
1.55 0.07
-0.34 -1.61
0.91 0.40
-0.82 1.06
-0.54 -0.23
-1.05 -1.12
-1.53 0.07
-1.53 0.56
1.58 0.31
-1.26 -1.73
-1.03 -1.19
-1.74 1.29
0.22 -0.16
0.38 0.02
0.20 0.81
-0.83 -0.56
-0.54 2.23
0.11 0.67
-0.17 -0.26
1.94 -0.58
0.32 -2.99
1.85 -0.97
-0.43 1.56
0.58 -0.75
0.62 0.91
-0.76 -1.60
-0.55 0.21
-0.28 -0.52
0.62 -0.28
-0.78 0.23
-0.24 -0.75
2.20 0.12
1.47 -0.98
0.83 1.18
1.13 0.06
0.94 0.18
-0.76 -1.33
0.33 1.57
0.97 1.31
-0.66 -1.03
-0.31 0.54
1.33 -0.04
-0.46 -0.59
-0.79 -0.11
0.37 -0.10
0.28 -1.10
0.43 -0.69
1.22 -0.01
0.77 -0.39
-0.47 0.19
-0.05 2.59
1.51 -0.58
-0.62 1.28
