1.90 -0.66
1.25 -1.54
-2.39 -1.48
-0.08 0.93
0.31 0.37
0.18 -0.63
-0.19 0.82
0.47 0.22
-1.96 0.54
0.46 3.67
0.27 -0.12
1.72 1.22
1.84 -1.95
0.47 -1.25
-0.40 0.52
0.78 -0.56
-1.04 -0.68
0.48 -0.47
-0.37 -0.46
-1.59 0.49
-1.12 0.07
-0.02 0.58
0.35 -0.06
-0.77 -0.40
-0.02 0.26
-0.43 -0.21
-1.11 0.02
1.37 -0.18
0.48 0.20
0.63 0.45
-0.55 -0.03
2.23 -0.61
0.36 -0.65
0.15 -0.08
-0.17 0.75
-0.03 0.72
0.85 -0.58
-0.51 -0.35
0.84 2.00
1.25 0.89
0.77 0.66
-0.56 1.76
-0.60 0.61
-0.97 -0.41
-1.09 0.82
-1.73 1.15
0.25 -1.97
1.27 0.37
0.51 -1.57
-0.76 -0.29
