-1.78 -0.16
-0.87 0.12
1.06 -0.11
-1.29 0.34
0.84 1.16
-0.00 -0.26
-0.77 1.38
0.25 0.97
-0.35 -0.68
-1.12 0.22
0.98 -0.77
-2.00 -0.34
-0.27 0.71
-0.92 -0.25
0.57 0.03
-0.75 0.68
-1.18 -1.81
0.30 0.19
-0.81 1.84
1.11 -0.46
-1.01 1.73
1.11 1.04
1.32 1.19
-0.29 -0.25
0.03 1.01
0.77 0.39
-0.35 1.26
-0.50 -0.17
0.60 -1.52
-0.72 0.84
1.40 -1.59
0.35 -0.19
-0.75 -0.36
1.78 0.18
0.03 0.09
1.31 1.06
1.14 -1.01
0.28 -0.24
-0.29 -0.98
0.80 0.23
0.27 -0.33
0.10 -0.01
1.67 0.86
-0.49 -0.38
-1.30 1.05
-0.34 1.33
0.04 0.65
-1.14 1.23
-0.76 -0.82
0.50 -1.57
-0.24 0.96
-0.50 -0.73
-2.27 0.37
-0.62 0.13
-0.79 -0.20
-1.72 -0.56
1.34 1.03
-0.57 -0.53
0.64 -0.61
1.04 0.38
0.16 0.09
0.29 1.67
0.88 -1.31
0.81 -1.79
-0.21 -1.13
1.73 -2.67
-0.41 -0.82
2.54 -1.17
0.04 -0.92
-0.15 -0.25
0.79 -1.22
0.33 1.29
-1.88 -0.45
1.94 -0.58
0.36 0.90
-0.04 -0.40
-0.14 0.34
1.78 1.40
0.23 -2.78
-1.53 1.86
-0.71 0.16
0.79 1.69
-1.14 -1.35
1.59 0.84
1.25 -0.51
-0.22 1.32
0.73 0.81
-0.90 0.92
0.37 -0.36
1.44 0.66
