-1.30 1.72
-0.63 -0.62
0.83 -0.47
1.36 0.23
-0.03 0.13
-0.53 0.10
-0.74 1.57
0.28 0.39
0.79 0.37
0.89 -0.00
-0.23 -0.55
2.39 -0.31
0.60 -0.36
0.07 0.75
-0.47 0.02
-0.04 -1.00
1.39 -1.51
1.16 -0.40
0.29 0.92
-1.00 0.18
-0.76 0.83
0.62 0.60
-1.38 0.82
-0.92 -0.67
0.77 0.56
-2.35 0.50
-0.90 1.92
-2.06 2.77
1.19 1.42
1.12 -2.32
0.13 -0.75
0.59 -1.26
-0.44 -0.10
-0.04 1.44
1.01 -0.99
1.08 -1.96
-0.98 0.24
0.15 -0.34
-0.02 0.84
-0.22 0.31
-0.23 -1.01
0.48 0.92
0.11 2.02
-1.66 1.14
-0.27 0.57
-0.56 1.03
-0.15 1.44
0.53 0.21
1.05 -1.02
-0.72 0.84
0.82 -0.55
-0.34 -0.59
-1.11 -0.11
0.06 0.60
0.13 1.16
-2.43 0.63
0.17 -0.47
-0.95 -0.41
0.38 -0.15
1.59 -1.27
1.44 1.61
-0.08 -0.29
-1.20 0.17
0.41 -2.07
-0.01 -0.59
0.30 -0.42
-0.49 0.13
0.66 -0.88
0.07 -0.09
-2.03 1.34
-0.16 -0.10
-0.84 -0.30
-1.08 0.86
-0.99 1.76
1.98 -1.81
0.01 1.60
-1.39 0.96
-0.12 0.40
-1.25 0.55
0.08 0.55
1.93 -1.21
-0.90 -0.68
-1.09 -0.33
0.59 0.22
0.55 -0.11
0.55 -0.68
-2.51 1.85
0.61 -1.20
-0.46 -0.44
1.42 -1.13
