0.54 0.51
0.99 0.54
0.39 -0.62
0.98 1.55
-0.81 -2.01
-0.75 -0.59
-1.67 -0.11
-0.94 -0.75
0.58 1.26
-0.89 -0.17
-1.88 -1.68
-0.08 -0.67
-1.62 -1.56
1.65 1.01
-0.51 -1.19
2.32 1.56
0.10 -0.23
-1.84 -1.60
0.10 -0.23
-0.71 -0.40
-1.83 -0.98
-1.94 -1.15
0.01 -0.11
-1.15 -0.37
-0.92 -1.36
0.14 -0.40
-0.41 0.08
0.87 1.01
-0.46 0.48
-1.26 -1.40
-0.53 -0.80
-0.66 -2.15
-0.98 -0.50
-1.25 -1.52
-1.02 -0.55
0.42 1.42
-0.10 0.04
1.14 0.15
0.36 0.28
1.21 0.99
-0.53 0.06
1.06 0.50
0.12 -0.54
-0.24 -0.38
1.79 2.87
0.07 -0.08
0.61 0.01
-0.87 -0.70
-0.40 -0.66
-0.57 -0.92
