0.03 -1.63
1.02 1.31
0.10 0.16
-0.44 -0.63
0.34 0.99
-0.83 0.55
-0.81 0.18
-0.23 1.93
0.91 -0.65
1.16 -0.77
0.97 0.13
-2.21 -0.58
-1.45 -0.02
-0.76 -0.58
-0.68 -0.46
0.26 -0.27
-0.38 -0.21
0.97 -0.60
-1.62 -1.15
0.76 1.35
-0.29 -0.80
-1.51 -1.71
-2.10 -0.37
1.00 1.19
2.20 2.24
-0.80 -0.89
-0.53 -1.24
-1.03 -0.22
-0.22 -0.12
-1.54 -1.83
-0.30 -0.19
0.75 0.11
-0.18 -0.19
-0.03 -1.45
0.36 -0.12
-0.78 -1.09
-0.80 0.57
-0.34 -1.13
-0.50 -1.06
1.02 0.24
-1.19 -1.61
0.95 1.06
0.57 0.94
-0.43 -0.81
-0.11 0.06
-2.91 -2.82
-1.50 -1.15
-0.45 0.92
-0.41 0.23
0.87 0.20
