-1.24 -1.66
0.12 1.02
0.56 -0.05
0.80 1.19
-0.37 1.02
1.44 -0.90
2.02 -0.52
-0.34 -0.89
0.92 -0.82
-0.03 -1.23
1.70 1.86
-0.15 0.13
-0.37 -0.79
0.66 -0.21
1.04 -0.57
-0.71 -1.25
1.08 0.93
-0.29 -2.77
-1.37 0.65
-1.78 -0.64
-1.32 0.72
-0.86 -1.32
0.04 -0.48
0.07 -0.33
-1.16 -0.35
0.36 -0.01
1.78 -1.28
-0.77 0.93
1.88 1.78
0.78 1.70
1.02 1.46
0.24 -0.18
-1.13 -0.03
1.09 0.25
2.00 0.40
0.09 -1.74
-1.11 0.64
-0.15 -1.36
-1.94 0.69
0.96 0.58
-0.17 0.97
1.11 0.76
0.05 0.89
0.82 0.54
0.36 0.20
-0.33 0.72
0.36 0.88
-0.75 -0.00
-0.46 -0.64
1.28 -0.39
