-0.77 0.97
0.46 -0.70
1.33 -1.66
0.44 -1.72
0.63 0.10
-0.18 0.19
-0.89 0.38
1.00 -0.13
0.46 -0.01
-0.36 -0.26
0.59 1.00
-1.07 2.48
0.16 0.54
-1.21 0.98
-0.41 0.07
-0.50 0.54
0.26 -0.55
-0.35 -0.25
-1.92 1.52
-0.74 0.33
0.04 2.06
-0.41 0.11
2.09 -1.44
2.15 -1.68
-1.89 1.26
1.43 -0.61
-0.19 -0.88
0.09 0.75
1.10 -0.44
1.04 -2.31
-0.77 1.30
-1.59 1.43
0.49 -0.71
0.50 1.11
-0.06 0.14
-0.23 0.54
-1.30 1.02
-1.37 1.21
-1.32 1.11
0.94 -0.20
-0.56 0.06
-1.66 0.55
-1.69 0.68
0.62 -1.13
0.01 0.41
-0.52 -0.48
-0.06 0.15
0.60 0.85
1.43 -1.16
1.00 -0.30
