-1.54 -1.03
-2.18 1.58
-1.51 -1.75
-1.26 0.38
-0.62 -0.83
-1.44 -0.36
-0.03 0.42
0.55 0.33
-0.26 0.40
-0.30 -1.04
0.12 -1.36
-2.27 0.00
0.37 0.30
-0.42 2.06
1.06 0.23
-0.41 0.85
-1.50 2.09
-0.38 0.35
0.72 0.44
-1.33 -1.33
-1.22 -0.60
-1.10 0.61
-3.22 -1.45
0.77 0.46
-0.27 -0.54
-0.23 1.70
-0.62 -0.88
-2.83 0.50
-0.42 1.01
-0.04 1.49
1.03 0.81
-0.82 0.42
-0.10 -1.66
-0.72 0.48
0.43 0.20
-0.25 -0.75
0.94 -0.29
-0.71 1.63
1.01 -1.40
-0.78 -1.21
-1.08 -0.33
-0.89 -0.93
-0.75 0.66
1.13 0.20
1.39 -1.13
-0.67 -0.53
-0.16 -1.20
0.34 -1.05
-0.31 -1.03
0.53 -0.20
