-0.24 -0.90
-0.76 -0.22
-0.63 -0.51
0.93 1.75
-0.08 -1.20
0.67 1.41
-0.94 -1.19
-1.52 -0.40
1.11 1.67
2.05 0.14
-1.98 -1.74
0.69 0.25
-0.71 -1.16
-1.24 -1.68
-1.48 0.47
-0.37 0.39
0.20 1.70
0.15 1.49
0.15 -1.21
-1.02 0.17
-1.73 -0.64
0.24 -1.83
0.58 0.99
0.25 1.15
-0.92 -0.78
1.49 0.04
1.39 1.47
-1.31 0.02
-1.12 0.75
1.15 0.60
-0.39 0.61
-0.47 -1.26
-0.24 -0.46
-0.07 0.51
-0.06 0.02
0.98 -0.24
0.88 -0.68
-0.61 1.40
0.38 1.69
1.36 1.33
1.20 0.20
-1.90 0.13
-0.68 -0.11
0.88 -0.06
0.27 0.75
-0.59 -1.28
0.89 -1.28
-1.48 -1.91
0.15 -1.22
-1.90 0.54
-1.35 -1.06
-0.84 -0.12
0.40 0.76
-0.21 -0.22
0.85 1.15
-0.11 -0.71
0.84 0.57
-1.10 0.17
0.52 0.72
-0.47 0.16
0.08 -0.74
1.04 1.76
0.40 0.25
0.20 1.23
1.99 0.58
0.37 0.62
-0.73 -1.05
0.03 1.30
-1.02 -0.46
0.54 0.94
0.20 -0.13
-0.54 -0.51
0.14 -2.20
1.22 1.73
2.66 0.38
0.87 -0.10
0.51 1.19
1.85 -0.26
1.63 0.66
0.35 -0.43
-0.39 -0.79
0.61 0.72
0.39 1.53
-0.81 -0.08
-0.34 -0.01
0.63 0.87
2.17 -0.42
0.17 -0.36
1.15 -0.53
-1.35 -2.43
