-0.68 0.83
-0.05 0.64
0.53 0.16
-0.83 -2.61
-0.64 -0.17
0.70 0.16
-1.99 -0.41
1.67 0.72
0.71 -1.72
1.02 0.85
-2.03 2.93
-1.12 1.67
0.66 -0.17
-1.30 0.58
-0.09 0.19
0.73 -0.80
0.83 -2.01
-1.75 1.72
0.41 -0.04
0.01 -0.70
-0.89 -0.01
1.29 0.29
0.87 -0.46
0.48 -0.61
-1.11 -0.59
-2.77 0.19
-0.78 -0.44
0.98 -0.10
-1.09 -1.11
-0.69 -0.07
0.54 -2.12
1.07 -0.67
-1.14 0.24
-1.09 -0.83
-0.11 1.10
1.45 -0.64
-1.24 -0.10
1.00 0.60
-0.51 -0.38
0.75 -0.04
-1.81 1.18
0.93 0.17
-0.04 -0.62
-0.40 0.00
0.82 1.41
-0.75 0.96
0.23 1.15
0.28 -0.17
-1.73 0.99
1.05 0.47
-0.45 0.32
-0.59 0.41
1.39 -0.53
0.46 -1.39
-0.01 0.20
-0.40 -0.98
0.37 -1.72
-0.11 -0.28
-0.89 1.26
1.35 -1.32
-0.54 -0.72
-0.47 -0.48
0.56 0.76
-0.17 1.56
-0.94 0.34
0.52 -0.43
-0.22 0.38
0.91 0.98
-1.27 1.85
0.73 -0.42
0.86 -0.03
0.00 1.07
-1.11 1.09
1.57 0.15
-0.73 0.68
1.00 -0.89
-0.56 2.42
-0.36 0.98
-0.13 -0.01
-0.50 -0.88
0.36 -0.90
-0.96 0.60
-0.66 1.30
-0.53 0.51
-1.56 2.11
0.04 -0.66
-1.76 1.22
0.61 0.22
2.78 1.16
0.79 -0.85
