-1.99 -0.84
0.21 -0.56
0.24 1.51
1.15 -1.07
-1.50 0.60
-0.06 0.28
-1.50 0.19
-0.44 0.96
-1.09 0.71
0.85 -0.51
-0.15 0.19
0.50 -0.54
0.18 0.21
0.18 0.32
-1.43 0.92
1.82 1.90
-0.27 -0.13
-0.74 0.57
-0.48 1.59
0.34 -0.69
-1.48 -0.47
0.71 -0.05
0.20 0.49
-1.58 0.53
0.94 0.81
-0.66 -0.79
-1.97 -0.03
-0.24 -0.73
-0.58 1.30
0.41 -0.86
-0.01 0.13
-0.36 -0.76
1.54 2.24
-0.32 0.49
1.80 -1.22
-0.37 -1.50
-1.12 -0.05
0.32 0.61
-0.37 0.69
0.10 0.53
2.11 -1.92
-0.30 -1.37
0.27 -1.06
1.16 1.07
0.42 -0.62
-0.32 -1.74
0.25 0.28
1.47 1.11
0.10 -0.13
2.00 0.84
-0.06 0.45
-0.69 0.51
-0.77 1.26
2.04 1.56
1.35 -0.10
-1.00 -0.91
-0.37 0.22
-2.39 1.36
0.01 -1.04
0.06 0.11
-0.58 -0.87
1.58 -0.02
0.72 0.14
-0.86 -0.55
-0.02 -1.64
-0.04 -2.14
0.64 1.37
0.20 -0.54
0.69 0.25
-1.17 0.50
-0.28 0.18
-0.41 -1.27
-1.12 -1.54
0.65 -0.30
1.58 -0.15
-0.38 0.35
-0.04 2.93
1.44 -0.61
0.70 1.84
0.44 0.04
1.15 0.65
0.07 1.04
2.13 0.57
-1.33 -1.52
-1.05 -0.60
0.03 0.59
-0.78 1.34
-0.84 1.59
0.31 1.47
-0.89 1.96
0.09 -0.65
-1.03 0.39
-0.98 -0.28
1.78 -0.03
1.70 0.74
0.17 0.94
-0.35 -0.76
-1.41 -1.49
-1.16 -0.36
0.46 1.24
