-1.39 -0.94
0.82 0.01
0.39 0.57
0.09 -0.18
2.56 1.76
-0.62 -0.28
0.46 0.55
0.59 1.13
-0.10 -0.68
1.84 1.78
1.19 1.14
-0.59 -0.19
-1.47 -1.95
0.35 0.42
-0.25 -0.52
-0.20 -0.27
-0.50 -0.17
0.93 0.58
0.15 -0.75
0.45 0.84
-0.26 0.02
0.36 -0.45
-0.48 -1.07
-0.54 0.65
0.33 1.90
-0.62 -0.66
1.83 1.32
-0.83 -0.88
-0.47 -1.93
-1.15 -2.01
1.18 1.04
0.46 -0.05
-0.51 0.29
-0.56 -1.41
-1.87 -1.56
1.24 0.59
0.51 0.65
-1.13 -0.23
-2.14 -1.72
0.73 0.86
0.14 -0.17
-0.42 0.36
-0.88 -0.85
0.37 0.27
-2.18 -2.36
-0.09 -0.18
-0.16 0.64
0.02 -0.48
-2.16 -0.48
0.23 -0.25
