0.49 0.39
0.39 0.62
0.22 -1.90
1.16 -0.45
-0.82 0.46
-0.76 1.69
-0.44 1.14
-1.49 1.85
1.03 -1.13
0.98 1.25
0.78 -1.16
-0.73 0.71
-0.80 -0.57
-0.36 -1.13
-1.18 0.02
-0.44 0.37
0.34 -0.37
-0.17 0.69
0.81 -1.56
0.73 0.12
-0.98 0.25
-1.61 0.67
0.06 0.35
1.49 -0.54
1.07 -0.35
-1.16 -0.03
0.07 0.57
-0.30 -0.78
-1.28 0.44
0.78 0.51
0.52 -0.33
1.51 -1.03
2.53 -0.53
-0.19 -0.97
0.38 -1.09
0.01 -0.14
1.31 -2.37
1.43 -2.03
0.97 -0.80
-1.19 0.56
0.05 0.66
1.51 0.91
-1.14 2.50
-0.51 0.26
-0.46 -0.45
0.59 -1.22
-1.05 -0.75
-0.83 1.00
-2.18 0.88
0.99 -0.58
