0.24 1.00
0.15 1.11
-1.06 1.08
1.12 0.75
0.42 0.02
-0.67 -0.08
-0.18 1.46
-0.30 -0.35
-0.67 -1.18
-1.38 0.32
-0.15 -1.11
0.67 -0.21
-1.81 2.15
0.33 -0.35
1.44 -1.24
-1.85 1.05
-2.38 -0.45
-0.13 -1.27
-0.18 -1.51
-0.14 -0.23
0.14 0.19
1.18 -2.00
0.21 -1.05
-0.75 1.43
-0.46 -0.52
0.23 0.06
0.48 -0.87
1.89 -0.68
-0.40 -0.65
0.98 -1.32
1.15 -2.32
0.06 0.52
-1.20 -0.75
0.33 -0.50
1.43 -1.94
0.92 -0.27
0.27 -0.25
0.43 -0.71
0.30 -0.64
-1.67 0.26
0.86 0.44
-0.65 -0.03
0.36 0.86
0.73 -1.78
-0.15 0.64
-1.14 0.88
-0.34 -0.02
-2.26 2.72
-1.12 1.15
-0.95 0.86
1.17 0.29
0.45 -0.41
0.24 -0.40
-1.91 1.52
0.18 0.14
2.08 -1.58
-2.11 1.14
-0.62 0.11
0.73 -0.69
0.45 -0.72
-0.02 0.65
-0.52 -0.54
0.63 -0.11
0.49 -0.99
-1.36 1.75
-0.93 -0.24
1.31 -0.24
-0.13 -0.47
-1.41 1.50
0.22 -0.57
1.73 -1.34
1.95 0.38
-0.53 1.39
0.02 0.00
-0.19 -0.54
-0.48 0.89
1.29 -1.76
-0.01 0.09
0.33 -1.19
-0.23 -0.27
0.33 -0.50
-1.12 0.89
1.70 -1.62
0.82 -1.65
1.92 -0.94
-0.47 -0.26
-0.81 0.48
0.60 0.57
-0.30 0.76
-1.04 -0.73
