-0.10 0.13
0.81 0.34
-0.57 -1.00
0.97 0.06
0.43 -0.34
-0.34 -0.75
-0.49 -2.07
1.44 0.05
0.33 0.85
0.17 -0.65
-0.39 0.09
-1.22 -0.59
-0.55 1.09
-0.99 0.06
-1.80 0.41
0.32 1.12
-0.77 -1.85
0.55 0.58
-0.25 -1.75
-0.19 1.26
-1.78 -0.24
0.50 1.83
0.02 0.24
-0.56 -1.36
-0.32 0.45
0.62 -0.94
0.84 -0.08
0.43 1.06
0.81 -0.99
-1.80 1.13
0.98 -0.90
-0.20 1.52
-0.51 0.21
0.22 0.86
1.65 0.30
0.18 1.08
-0.66 -0.16
0.46 -1.27
-1.50 -1.74
0.17 1.21
1.45 -0.04
0.29 0.89
-1.72 -1.10
0.67 0.58
-0.07 0.76
0.69 -0.18
-1.10 0.15
0.00 0.34
0.14 0.96
-0.16 -0.47
-0.07 -0.93
-0.97 0.57
0.72 1.41
1.51 0.09
-0.72 -1.14
-1.54 -1.86
0.13 -0.16
-0.82 0.53
0.17 1.55
-0.54 0.49
0.88 2.09
-0.15 -0.40
-1.61 -1.96
0.07 0.31
0.19 0.15
0.61 0.42
1.91 0.68
0.98 0.92
0.02 2.00
1.59 0.39
1.36 -0.15
-1.59 -1.23
1.03 -0.24
-2.74 -0.28
2.24 1.49
-1.83 -0.61
-0.01 0.36
1.56 1.42
1.13 -0.24
-0.87 -1.24
-2.32 -0.23
-0.58 -0.64
-0.37 -1.43
-0.43 -0.64
-0.71 -0.51
-0.85 0.04
0.72 0.67
-1.49 -2.89
0.83 0.09
0.04 1.01
