-0.45 0.35
-0.06 0.62
-0.33 -0.05
-0.34 -0.45
-0.05 0.43
-1.52 -1.45
-1.69 -0.87
0.83 0.50
0.84 0.25
-0.19 0.53
0.42 0.51
0.97 1.08
-1.04 -0.54
2.00 1.61
-0.64 -0.53
-1.35 -0.79
-0.65 -0.04
-1.42 -1.57
-0.71 -0.87
-0.15 0.11
-1.92 -1.92
0.30 -0.38
0.06 0.18
1.55 1.20
0.86 0.35
-0.16 0.08
0.55 0.02
-2.20 -3.25
-1.86 -1.65
0.50 0.68
-0.93 -0.59
0.24 0.41
-1.17 -1.29
-0.78 -1.22
-0.44 -0.89
-2.01 -1.74
0.48 0.78
0.72 0.21
0.48 0.07
-0.55 0.45
-0.09 0.48
-1.05 -1.25
1.56 0.94
-1.01 -0.53
0.13 0.16
0.88 0.95
-1.26 -1.75
-2.04 -2.30
-1.17 -1.25
-0.54 -0.43
