0.59 0.63
-1.40 -1.33
-1.46 -1.91
-2.00 -2.03
-0.05 0.57
1.65 0.57
1.04 -0.07
0.20 0.24
-0.95 -0.69
-1.01 -1.20
1.85 1.45
-0.26 -0.76
-0.32 -0.57
-0.13 -0.35
-0.49 -1.72
0.65 -0.12
1.63 -0.32
-0.51 -0.14
-1.63 -0.25
-1.90 -1.78
-1.60 -0.28
0.00 1.76
-1.36 -2.00
-1.16 -1.94
-0.26 0.49
0.58 0.32
1.28 0.91
0.31 1.25
0.34 -1.00
0.19 0.89
-0.50 -0.62
0.04 0.73
-1.17 -0.32
1.08 2.11
0.17 -0.13
0.35 0.62
0.96 1.19
0.65 -0.09
-0.19 -0.77
1.37 1.27
-2.20 -1.20
0.85 0.52
-0.34 -0.36
-0.24 -0.12
-0.53 -0.92
0.03 -1.44
-1.09 -0.10
1.05 1.29
-0.13 -0.91
-1.01 -1.36
1.03 -1.36
0.70 1.76
0.28 0.67
-0.63 -1.53
0.00 0.25
2.02 0.74
0.48 0.56
-1.66 0.19
0.51 0.01
-0.45 -1.27
0.52 1.69
-0.22 -0.06
-0.20 0.39
1.32 1.30
-1.25 -1.60
-0.19 0.26
-0.40 0.75
-0.98 0.19
-0.20 0.66
2.31 1.69
-0.37 0.72
0.68 -0.12
-0.98 -0.53
-0.65 0.29
0.71 0.61
-1.00 0.28
-1.39 0.28
0.83 -0.05
0.35 0.25
-0.23 -0.84
0.63 0.81
-0.62 -0.81
-0.89 -0.57
-0.76 -0.76
-1.52 -1.91
0.15 -0.24
-2.14 -1.32
1.29 1.27
-0.07 -1.17
0.89 -0.29
1.52 0.06
0.98 -1.64
0.30 0.54
-0.93 -0.04
0.15 1.03
0.88 0.16
-0.83 -1.12
1.14 1.92
-2.16 0.23
-0.31 -1.04
