-0.07 0.59
1.59 -1.65
-0.29 0.45
0.04 -0.62
0.92 -0.53
0.42 0.64
-1.20 0.36
0.86 -1.59
1.04 -1.52
-0.23 -3.11
-1.25 1.18
-1.54 -1.35
0.75 -0.09
-0.52 0.53
-1.16 -1.73
-0.84 0.02
-0.72 -0.80
0.60 -0.32
-1.38 0.17
-0.62 -0.23
0.57 0.17
-0.42 -1.50
0.90 0.76
-0.27 -0.26
0.34 0.48
0.86 -1.46
0.34 0.35
0.20 0.79
2.00 1.60
0.33 -0.59
-1.06 1.35
0.16 -1.04
1.43 -0.17
0.60 1.09
-1.48 1.11
0.58 -0.97
2.53 -0.87
-0.62 -1.83
1.71 -0.16
-1.12 1.04
-1.17 0.81
1.22 -1.08
1.19 -0.24
-1.22 0.76
1.40 -0.87
0.24 1.02
-0.04 0.30
-0.64 0.21
-1.27 0.54
0.03 -0.35
