-0.05 -0.40
-0.52 -0.46
1.20 -1.26
-0.54 0.88
-1.82 1.74
1.08 -0.68
-0.28 0.97
0.27 -0.09
0.71 -1.25
0.14 1.45
0.76 -1.35
1.77 -1.50
-1.96 1.99
0.15 -0.95
-2.52 2.50
0.48 0.06
1.34 -0.93
-0.07 -0.50
0.40 -0.46
-0.51 0.17
1.53 -1.05
-0.07 -0.19
-0.07 0.16
-0.69 0.90
-0.47 0.67
-0.17 -0.35
-0.31 -0.13
-1.45 0.42
-0.75 -0.26
-0.28 -0.05
-0.54 0.89
0.82 -0.82
-1.18 -0.18
-0.92 0.87
1.16 -1.53
-0.63 0.45
-0.43 0.77
-0.00 0.24
-1.56 1.56
0.06 -0.11
-0.24 -0.11
-0.89 1.39
-1.62 2.27
-0.03 -0.24
-1.28 1.52
-0.08 -0.70
0.71 1.04
-1.01 0.68
0.10 -0.19
1.21 -0.59
-0.28 0.34
0.49 -0.14
0.91 -0.46
-1.14 0.98
-0.41 1.13
0.00 0.30
0.35 -0.98
-2.23 0.99
2.21 -1.38
0.51 -1.23
-0.97 -0.72
1.49 -1.09
-0.39 0.43
1.31 -0.78
-0.17 -0.55
-1.46 1.69
2.62 -1.22
-0.31 0.32
0.08 1.02
-0.18 -0.14
0.18 -0.62
-0.26 0.44
0.11 0.33
-2.35 2.17
-0.72 0.43
-1.57 0.55
0.32 -0.93
-0.09 0.46
-0.18 0.08
-0.85 1.63
0.01 -1.25
-0.07 -1.20
-0.04 0.04
-0.07 -0.01
-0.84 1.74
-0.09 0.68
-2.12 1.36
0.49 -0.13
0.61 -0.84
0.18 0.51
-0.11 -0.87
3.60 -3.35
-0.32 0.48
-0.23 0.22
0.05 -1.42
-0.12 0.44
-0.36 -0.05
0.68 -0.69
-0.16 -0.31
-0.07 0.23
