-1.16 -0.93
0.05 -0.24
1.11 1.64
1.29 2.14
-1.43 -2.13
-1.11 -1.44
1.25 1.34
-0.35 -0.68
0.67 1.55
-0.56 -0.50
0.13 0.14
0.63 0.61
-0.22 -0.59
-0.35 -1.04
0.34 0.64
-0.12 0.22
0.86 0.86
0.44 0.56
-0.22 0.17
1.09 0.77
0.81 0.59
0.18 0.73
-0.52 -0.25
0.33 0.73
-0.19 0.09
1.64 1.10
-0.05 0.58
0.51 0.07
2.82 2.46
0.74 0.05
-0.37 -0.03
-1.09 -0.82
-0.44 -0.81
-0.92 -0.76
0.17 0.30
0.21 1.10
0.48 1.00
2.33 2.24
-0.21 -0.23
0.90 1.67
-0.21 0.40
-0.03 0.57
0.38 1.29
0.18 -0.45
-0.73 -0.35
2.29 2.22
-1.66 -2.02
-0.59 -0.42
-2.34 -1.48
0.75 0.24
1.19 1.11
-1.49 -1.33
-0.33 0.03
-0.11 0.37
0.57 -0.36
-1.96 -2.05
1.12 1.45
0.58 0.21
1.52 1.28
0.64 0.83
1.32 1.09
0.01 0.05
-0.27 -0.51
-0.95 -0.18
-0.63 -0.51
1.20 1.46
-0.10 0.14
-0.46 -0.06
1.12 1.22
-0.91 -0.64
0.12 -0.08
1.61 1.36
0.17 -0.11
0.97 1.41
-1.55 -1.81
-1.96 -1.30
1.06 0.46
-0.46 0.43
0.22 0.82
0.49 0.10
0.83 0.52
-1.33 -1.21
-0.80 -0.47
0.15 0.33
0.02 -0.27
1.27 0.55
0.20 -0.08
-1.53 -1.43
0.31 1.07
2.07 1.27
