-2.64 -0.99
-0.06 -0.24
-0.63 0.90
-1.48 -1.56
0.43 0.75
-0.36 -0.05
1.76 -1.41
-0.76 1.79
-0.41 -1.55
0.14 0.35
0.61 -1.34
1.03 -0.34
-0.08 -0.78
-0.03 -1.53
-1.99 -1.09
-1.74 -1.07
1.69 1.79
0.49 -0.00
0.05 -0.27
0.99 -1.44
-0.41 0.02
-0.64 0.26
-0.10 0.14
0.70 -1.16
-0.26 -1.77
-0.30 -0.99
1.40 1.46
-1.17 -0.56
-0.77 -0.43
0.10 -1.12
0.43 0.77
-0.06 -1.16
0.31 0.28
0.14 0.33
1.37 0.82
1.55 -1.67
-0.59 -1.16
-0.16 1.20
0.32 -0.40
0.29 0.05
-0.05 -0.71
-0.05 -0.23
0.01 -2.34
2.54 1.24
-0.79 1.70
2.16 -0.12
-0.44 0.38
-1.17 0.02
-0.00 -0.34
-0.39 -0.24
