-1.05 0.29
-0.59 0.13
-0.66 0.43
2.45 -0.09
-0.02 1.95
0.54 1.49
-1.60 -0.29
1.93 -1.96
-0.61 -1.22
0.74 0.43
-0.81 0.86
0.18 -1.03
0.35 0.12
-2.02 -0.21
-0.84 0.55
0.86 0.51
0.56 -0.17
-0.81 0.67
0.98 1.03
-1.24 -0.36
1.70 0.50
-0.32 1.80
-0.55 0.07
-0.23 -1.93
-0.35 1.01
0.03 -1.69
0.84 -0.17
-2.41 2.76
0.89 -0.50
0.22 -1.60
1.07 1.15
0.52 -0.28
-0.84 -1.37
1.23 -1.27
0.22 -0.55
-0.95 1.20
-0.86 0.64
1.32 0.83
-0.30 -0.14
0.03 -0.48
0.59 -0.86
0.51 -0.55
0.31 -0.80
-1.11 1.03
-1.33 0.60
0.14 -0.05
0.41 0.16
0.59 0.69
2.09 -0.30
-0.13 1.81
0.41 1.69
0.67 0.25
-1.08 -0.74
0.94 -1.66
0.04 -0.84
-0.01 0.74
0.12 0.23
1.01 0.87
-0.25 -1.01
0.01 -0.69
-0.99 1.22
-2.21 1.16
-0.34 -1.08
1.34 -0.44
-0.14 -0.80
-0.81 0.40
1.13 0.16
-1.26 0.81
0.22 0.45
-1.14 -0.69
0.39 0.39
1.42 -1.28
0.73 -1.42
1.21 1.39
1.14 -0.40
0.45 1.50
-0.82 0.39
-1.31 0.49
-1.42 0.84
0.78 0.20
-1.35 -0.13
-0.74 0.69
-1.26 -0.11
1.33 0.57
1.44 -1.99
-0.03 -0.30
-0.39 -2.05
-0.43 -0.59
-0.97 -0.92
0.07 0.35
-0.43 -0.51
-1.57 -0.21
0.68 0.79
1.78 -0.57
-1.44 0.25
1.81 -0.73
0.14 1.49
0.27 -2.20
-0.54 -1.52
-0.25 0.71
