-1.41 1.04
-2.08 0.18
0.31 -1.67
1.33 -0.33
0.58 0.72
0.64 0.68
-0.32 1.18
-1.12 0.68
1.26 1.09
-1.40 2.24
1.48 -0.21
1.18 -1.35
-0.67 0.01
-0.59 -1.20
-0.51 0.59
0.37 -0.13
0.77 0.81
-1.61 -0.14
0.45 -0.45
0.13 1.04
-0.90 -0.80
0.65 -0.75
-1.04 0.64
1.05 0.42
0.07 1.10
-0.14 0.32
1.84 -0.98
-0.08 0.56
2.03 1.09
0.87 -0.14
0.01 -0.36
0.15 0.36
-0.83 1.19
0.28 -0.20
0.36 1.20
-1.11 2.46
-2.32 0.19
-1.49 0.75
-0.66 1.52
-1.38 0.07
1.56 -1.59
2.28 -0.96
0.34 1.53
-1.09 0.02
0.44 -0.20
0.50 0.48
-0.16 1.14
0.32 1.62
0.21 1.53
0.92 -0.12
-0.26 2.08
-0.59 1.83
1.16 1.96
0.53 0.62
-0.44 -0.57
0.24 0.73
-0.16 0.45
-1.80 0.03
-1.76 0.78
0.90 -0.60
0.07 -0.63
-1.55 -0.90
1.01 0.38
-1.55 0.45
-0.63 -0.42
1.32 -0.74
-0.06 1.75
0.85 -1.01
-1.18 -0.27
1.22 0.03
-0.40 0.33
-0.37 0.44
-1.14 2.30
0.14 -0.45
-0.80 0.14
1.00 0.36
-0.21 -0.88
-1.34 -2.48
-0.46 -0.06
-0.51 0.16
-1.42 -0.01
0.79 -2.00
0.17 -0.47
0.32 -0.96
1.03 -1.26
-1.08 0.15
0.77 1.38
-0.65 -0.10
0.12 -1.10
1.16 -1.17
