0.71 -1.27
-0.10 -0.55
0.77 2.11
2.27 0.29
-1.39 0.06
-0.12 1.10
0.09 -0.01
1.65 2.16
-0.75 0.25
2.99 0.43
-0.70 -1.80
0.42 -1.24
-0.36 0.24
-0.35 0.16
0.55 0.55
0.53 -0.15
1.30 -1.13
0.09 -0.18
0.34 -0.55
0.24 0.43
-0.11 0.15
-1.05 0.77
-1.00 -0.44
-0.49 0.02
1.47 1.60
-0.09 0.92
-0.41 -0.36
0.78 1.38
-0.51 -0.13
-0.56 -0.34
-0.55 -0.91
1.33 0.05
-1.21 0.69
-0.41 1.16
-0.77 -1.55
1.88 1.16
-1.33 -1.55
-0.24 0.34
-1.24 -0.15
1.10 -1.03
0.65 -0.12
0.81 2.21
-0.13 0.78
1.95 -1.09
0.16 0.82
-1.33 -1.14
1.01 -1.09
-1.49 1.58
-0.16 -0.34
-1.72 -0.83
0.15 -0.52
0.64 1.25
1.22 0.93
-0.09 0.54
-2.63 -0.84
0.81 0.71
0.22 0.66
-0.16 2.05
-0.46 0.26
-0.84 -1.58
1.06 -0.54
1.64 0.25
-1.24 -0.62
0.12 -0.62
0.99 -1.51
0.02 0.99
-0.31 0.97
-0.57 1.02
-0.70 0.58
-0.51 -0.54
-1.47 -0.19
0.41 0.93
-0.42 -2.51
0.37 -1.45
1.10 1.02
-0.30 0.14
-0.51 -1.13
0.62 -0.53
0.05 0.45
-1.72 1.47
-0.08 -0.51
-1.63 -0.89
0.79 0.37
1.98 -0.61
0.79 0.79
0.26 0.32
0.12 -0.45
0.39 0.59
-1.02 -0.74
0.08 0.30
1.40 -0.27
0.14 0.43
-1.34 -1.86
-1.79 -0.66
-0.98 1.59
-1.27 -0.79
0.71 -0.70
-0.55 -0.39
-0.03 0.84
-0.05 -2.47
