-0.07 0.98
0.38 2.31
-1.67 -1.62
-0.36 0.38
-1.49 -1.25
-0.04 0.24
-0.39 -0.94
0.93 0.53
-0.66 0.39
-0.21 1.38
0.12 0.26
0.02 0.29
1.82 2.38
1.90 1.41
-0.87 -0.59
-0.32 -0.54
0.48 0.85
-0.91 -0.91
0.59 -0.47
0.18 -0.16
1.10 0.31
1.52 0.81
1.27 2.23
0.38 1.30
1.88 0.72
-0.00 -0.19
-1.66 0.18
-0.60 -1.25
1.40 1.25
-0.37 -0.15
-0.11 -0.42
1.56 1.43
0.06 -1.22
1.47 1.33
-0.18 -0.37
-0.14 -0.44
2.09 0.22
-0.80 -0.69
1.10 0.59
-0.06 -0.47
0.41 -0.24
-0.82 -0.10
-0.95 -1.32
-1.14 -1.80
2.05 1.56
0.59 -0.64
-0.96 -0.39
-0.33 0.20
-0.58 -0.04
1.31 1.06
