-0.06 0.12
0.31 -1.08
-1.26 0.85
0.61 0.05
0.58 -0.49
-0.56 0.35
-0.22 0.26
0.65 -0.18
0.52 -0.40
0.41 -1.02
0.29 -0.60
0.27 0.08
-0.15 0.42
-1.29 1.74
0.83 -1.32
-0.27 0.18
0.95 -0.86
1.64 -2.03
0.61 -0.11
-1.28 1.84
-1.07 0.56
1.36 -1.59
-0.87 1.06
0.44 -0.34
1.76 -1.72
-0.42 -0.26
1.20 -1.01
-0.86 0.47
-0.13 0.55
0.72 -0.62
-1.06 1.29
-0.46 -0.10
-0.57 0.51
-1.03 1.72
-0.61 0.60
-0.26 -0.45
0.31 0.06
1.53 -1.24
0.24 0.15
2.22 -0.95
-1.29 0.76
0.28 -0.46
-0.70 0.68
-2.22 2.38
-0.91 1.01
1.87 -2.32
-1.55 0.98
-0.67 0.68
1.11 -0.56
-0.79 0.98
-2.60 1.89
0.16 0.60
0.42 -0.45
-1.93 1.37
-0.62 0.44
0.91 -0.46
0.05 0.42
-0.07 -0.22
0.65 -0.38
0.35 -0.37
0.51 -0.55
-0.09 -0.51
1.02 -1.47
1.16 -0.83
-1.39 1.03
-0.45 1.24
-0.58 1.56
-1.36 1.41
0.69 -0.31
-0.06 0.10
-0.29 0.72
1.10 -1.09
0.33 -0.34
-0.32 -0.64
1.42 -1.17
1.73 -1.20
0.50 -1.07
-0.11 0.85
-1.52 1.38
-2.00 2.01
-1.46 1.61
0.26 0.28
0.35 -0.07
0.03 0.54
0.28 0.63
-0.04 0.79
2.33 -1.52
-0.61 0.54
0.65 -1.51
-0.12 0.54
-0.13 -0.17
-0.16 0.36
2.22 -2.38
1.23 -1.15
0.82 -0.83
0.48 -0.58
0.82 -0.52
0.89 -0.94
0.09 0.35
-1.08 0.97
