0.12 0.99
-0.60 -1.76
-1.35 0.61
1.73 -2.41
1.65 -0.19
0.32 -0.25
0.49 -0.82
0.69 -1.02
-1.00 -0.38
-0.08 -0.52
0.01 -0.15
-0.08 0.48
-0.79 1.22
-0.47 1.68
0.22 -0.99
-0.49 0.05
-0.06 1.32
-0.26 -0.72
1.87 -0.77
2.09 -0.44
-0.73 0.95
-0.37 0.34
0.75 -0.13
0.83 0.39
-0.28 0.48
-2.30 0.69
1.33 -1.91
-0.73 1.53
0.54 1.24
0.81 0.86
1.42 -0.81
0.15 1.79
-0.18 -1.29
1.34 -1.62
1.65 0.34
0.60 0.96
-1.63 2.36
1.12 -0.76
-1.15 1.29
-1.34 0.77
1.81 -0.24
0.70 0.08
0.34 -0.25
-0.34 -0.34
-0.63 -0.14
0.95 -0.26
0.31 -0.50
1.66 -0.48
-0.61 0.65
-0.22 0.13
