-0.03 1.41
-0.87 -1.17
0.16 -0.38
1.45 1.56
-1.92 -1.42
1.16 0.36
-0.25 -0.42
-0.01 -0.63
0.45 -1.29
-1.62 -1.86
-1.84 -1.50
-1.11 -1.40
1.35 1.27
0.02 0.49
-0.69 -2.13
-0.63 -0.85
0.81 1.20
0.30 -0.54
-2.36 -1.41
-1.28 -0.10
-1.11 -0.26
0.93 1.73
-0.96 -0.40
1.62 0.84
0.34 -0.15
1.27 1.80
1.56 0.50
-0.59 0.01
0.10 1.03
-1.10 -0.73
0.61 0.20
-0.81 -0.33
0.11 -0.08
1.27 1.59
0.28 -0.30
0.57 0.76
0.85 -0.19
0.19 1.15
-0.02 1.68
-0.83 0.70
1.24 1.12
-0.20 -0.27
-1.24 -1.61
-0.48 0.27
-1.84 -0.33
-1.39 -0.97
0.93 1.40
1.12 1.33
0.09 -0.17
0.24 0.60
-0.24 0.79
0.73 1.38
-0.92 0.07
0.45 1.11
-0.09 0.66
0.15 -0.24
-1.43 -0.02
0.36 -0.28
-0.21 0.02
0.99 1.44
0.86 1.05
-0.39 -0.33
2.15 0.55
-1.73 -1.21
-1.72 -1.41
-0.79 -0.39
-0.82 -0.56
2.05 0.38
-0.67 -1.06
-0.41 -1.04
0.70 1.25
1.06 0.72
-0.08 -0.39
0.92 1.47
-0.22 -0.71
-0.17 -1.17
-0.19 0.59
2.45 2.25
-0.25 1.28
0.21 -0.21
1.00 -0.91
0.82 1.19
-1.35 -1.34
-0.68 -1.51
-0.12 -0.35
-0.13 -0.54
-0.11 -0.14
0.87 0.24
1.06 0.03
-0.41 -0.86
