0.91 0.52
0.15 -0.56
-0.96 -1.35
0.41 -0.50
-1.22 1.47
-1.32 0.47
-1.27 -0.57
0.09 -0.27
-0.48 0.85
0.12 -0.12
0.25 -0.54
0.38 -1.10
-1.26 1.36
-0.67 -0.36
-0.18 0.37
0.84 0.71
0.78 0.79
-1.72 -0.09
1.63 -0.72
-0.01 1.78
-0.74 2.01
-1.04 0.28
0.39 -1.42
-0.03 0.37
-1.72 -0.48
0.48 1.06
0.49 0.03
-0.75 1.72
0.17 0.06
-0.16 -0.10
-0.36 -0.20
-0.44 -1.27
1.29 0.52
-1.10 0.58
0.26 0.21
0.07 0.18
1.59 -0.83
-0.18 2.02
0.65 -0.36
2.28 1.91
0.12 1.08
-0.43 1.00
1.70 -0.05
1.31 1.40
2.39 0.29
0.20 0.01
0.29 -1.90
-0.14 2.69
2.54 -1.26
0.17 0.14
