-2.49 -1.77
-1.14 -0.35
1.48 2.15
0.36 1.71
2.44 1.75
1.68 1.52
0.42 -0.55
0.58 -0.20
-0.43 -1.26
-0.05 -0.30
0.19 0.50
0.62 0.65
-1.16 -1.33
-0.90 -0.16
-0.18 -1.22
-0.63 -0.89
0.44 0.15
0.44 1.07
-0.63 0.27
-2.89 -2.97
-1.39 -1.00
0.84 0.58
-0.48 -0.23
-0.18 -0.84
0.34 0.77
0.83 0.45
0.69 -0.71
-0.08 -0.46
1.88 0.10
-0.40 -0.31
1.47 0.27
0.96 0.19
1.04 1.71
-2.25 -1.41
-0.57 1.36
0.20 -0.02
0.25 1.28
1.57 0.62
0.15 0.16
-0.58 -1.94
0.55 0.50
1.18 1.56
0.57 -0.33
0.07 -0.09
0.35 -0.55
-0.61 -1.40
0.65 0.43
-1.68 -1.69
0.27 -0.41
-0.89 -1.02
1.07 -0.02
1.17 0.16
-0.00 -0.14
-0.33 -1.51
1.66 1.30
0.24 -0.77
-0.54 0.03
1.15 -0.12
-0.05 -0.59
1.72 -0.97
0.63 0.59
0.58 0.31
0.61 0.32
-0.08 -0.77
2.39 1.25
-0.36 -0.12
-0.46 -0.87
0.97 -0.84
-1.10 -0.71
-0.82 -1.36
-0.04 0.44
-0.43 -0.92
-0.38 -1.62
-0.79 -0.49
-1.05 0.14
-0.47 -1.11
0.05 -0.17
0.27 0.43
-0.64 -1.04
0.67 0.82
-0.38 -0.13
-0.25 -1.12
-1.19 -1.59
-1.07 -0.60
0.48 -0.59
-0.29 0.20
-0.04 1.30
0.31 0.09
1.44 0.32
1.36 0.89
0.81 -0.97
-0.49 -0.41
0.19 -0.04
0.21 0.55
-0.20 -1.23
-0.15 -0.10
-2.43 -2.75
0.16 -1.27
0.60 1.31
2.18 1.87
