1.55 -0.63
0.51 2.19
-0.11 -1.43
-0.44 -0.24
-0.10 0.88
-1.11 -1.16
0.93 0.05
1.22 -0.32
0.90 1.35
-1.03 0.30
-0.43 0.36
0.97 -0.77
1.70 0.48
1.30 0.20
1.50 -0.07
-0.97 0.41
0.66 -0.62
1.34 0.61
1.34 -0.09
-0.01 -0.50
-1.39 -0.83
-0.79 -0.18
0.27 -0.93
-0.27 0.02
0.38 1.30
0.15 0.51
-1.05 1.23
1.59 0.76
0.20 -1.99
1.17 0.96
-1.18 -0.24
0.01 -2.49
-0.42 -1.55
1.42 0.23
2.46 0.46
0.97 0.13
-0.83 0.78
0.25 -0.39
-0.71 0.33
-1.78 -0.22
-1.25 -1.11
0.55 1.21
0.06 -0.23
-0.62 -0.45
0.72 -0.85
-0.69 0.11
1.19 -2.30
1.02 -0.32
-1.27 -0.12
-1.02 0.67
-1.52 -0.51
-1.00 -0.93
1.13 1.54
0.81 1.32
1.41 -1.36
0.86 -0.96
0.89 -0.38
0.56 0.34
-0.38 -0.30
0.94 -1.54
-0.62 0.09
-0.53 0.45
0.67 1.86
-0.20 -0.56
2.77 1.08
-0.61 -1.07
1.09 -0.84
-0.59 -0.01
0.98 0.90
-0.34 -0.87
0.13 -0.15
-0.96 0.10
-1.46 -1.21
-0.37 1.41
-0.53 -2.10
-0.31 2.29
1.34 -0.14
-0.46 -0.43
-0.22 1.26
-1.02 -0.94
0.19 -0.40
-1.07 0.10
0.37 -0.07
0.18 0.73
-1.42 2.83
0.39 0.73
-0.57 0.27
1.93 1.17
-0.82 0.64
-1.28 0.39
