-0.99 -1.34
0.28 0.07
-0.87 0.09
-1.27 -1.45
-1.35 -0.47
-1.19 -0.49
0.66 1.18
-1.83 -1.53
-0.29 -1.27
1.17 0.63
0.46 0.09
-0.74 -0.38
0.63 1.22
-2.52 -3.01
0.20 -0.63
-0.64 0.61
-1.00 -0.04
0.34 0.35
0.33 0.83
-0.58 -0.67
0.90 -0.98
0.83 -0.13
-0.31 -0.04
-0.25 0.09
-0.21 -0.56
1.22 0.00
-0.67 -1.10
-0.71 0.02
-0.19 0.02
-0.70 1.09
-0.75 -1.23
0.19 0.75
-2.16 -1.29
0.23 -0.56
0.24 0.25
0.90 1.13
1.40 1.01
0.58 -0.94
1.02 1.24
1.43 2.05
0.23 -0.74
-3.28 -2.89
-1.39 -0.88
0.25 -0.80
-0.01 0.66
-0.30 -0.12
-1.50 -0.97
0.98 -0.66
0.40 1.14
-1.59 -1.34
0.27 0.04
-1.30 -0.37
1.74 0.68
-0.16 0.29
-0.91 -0.10
-0.06 -0.74
-0.23 0.25
-0.59 -1.85
-0.77 -0.38
0.09 -0.99
-0.33 -0.48
-0.72 -1.39
-1.76 -1.21
0.03 0.40
-0.86 -0.91
0.55 -0.79
-0.24 -1.14
0.14 -0.36
1.06 1.77
0.46 0.97
0.74 -0.04
-0.04 -0.48
0.65 -0.40
1.00 0.20
-0.81 0.18
-1.11 -0.60
0.24 1.06
0.75 1.58
-1.23 -1.59
-0.18 -0.13
0.87 -0.28
2.79 2.51
-0.49 -0.11
-0.81 -0.47
1.94 1.11
0.64 0.96
0.31 0.99
1.26 1.57
-0.40 0.13
-0.04 -0.83
-2.68 -1.47
-1.01 -1.05
0.04 -0.71
-0.59 1.16
-1.11 -0.02
-0.42 0.01
0.68 1.68
0.82 0.64
-0.24 -1.37
0.26 -0.78
