-0.02 1.07
-0.42 1.16
0.36 -0.15
-0.37 -0.84
1.35 1.44
0.72 -0.56
1.25 1.04
-0.30 0.52
1.41 0.24
-0.71 -0.50
-1.07 -2.59
1.42 1.50
0.43 -0.64
-1.30 0.11
-0.40 0.03
-0.80 -1.94
1.78 0.67
0.58 0.61
0.08 -0.30
-2.42 -1.96
0.54 0.57
0.96 0.34
-0.77 -1.02
0.77 0.80
-1.39 -0.16
2.11 0.13
0.43 1.07
0.84 1.21
0.76 0.47
1.10 -0.22
-0.41 0.46
-1.09 1.13
-0.88 -0.48
1.03 0.36
0.35 1.00
0.87 0.96
-0.29 0.65
-0.91 -0.31
1.82 -1.59
-1.08 -0.38
-0.04 0.44
-0.65 -1.18
0.13 2.25
-0.96 0.32
2.01 1.72
-0.38 -1.52
1.13 -0.11
0.11 -0.27
1.01 -0.94
-0.64 0.66
