-0.05 -1.77
-0.06 1.28
-0.22 0.35
-1.36 0.15
-0.88 0.90
-1.19 -0.02
-1.32 -0.45
0.79 -1.48
0.43 0.10
-0.03 0.08
-2.24 -0.07
-0.41 -0.37
-0.37 0.18
0.65 0.10
-0.08 0.23
-0.50 -0.81
-1.10 -1.34
1.00 1.71
-0.90 -1.75
-0.82 1.63
-0.14 1.34
1.31 0.11
1.00 -0.94
-0.08 -0.13
0.30 -1.62
0.03 0.70
0.83 -2.02
-0.29 -0.04
0.53 0.40
0.17 -1.43
0.05 0.59
1.22 0.81
-2.24 0.54
1.00 -0.00
-2.33 -0.80
0.24 -0.67
1.67 0.18
-0.89 0.97
0.72 0.18
-0.26 0.53
1.59 0.32
1.16 -0.70
-2.42 -0.80
0.42 -0.78
0.36 -1.78
1.20 1.29
0.60 -1.50
-0.87 1.43
-0.59 -0.40
-0.16 1.97
