-1.12 -0.47
-0.10 0.50
0.25 0.69
0.34 0.46
1.34 0.69
0.52 2.39
0.97 1.35
-0.31 0.24
-0.40 -0.83
-0.06 0.40
0.27 0.09
0.70 -0.83
-0.36 -0.68
0.11 1.08
-0.08 0.80
1.28 0.70
0.06 0.74
0.72 -0.26
-0.67 0.45
1.14 1.25
0.29 0.69
-0.11 -0.24
-0.09 -0.46
-1.07 -1.80
-0.96 -1.83
0.42 0.64
-1.57 -1.64
2.03 0.95
-0.96 0.30
0.15 0.92
-0.35 -0.15
0.89 0.48
1.01 0.78
0.10 0.28
-1.48 -1.03
1.25 -3.02
1.28 -0.47
1.08 -1.45
-1.47 -0.32
0.47 -0.11
1.58 1.64
0.01 1.14
0.90 -0.37
-1.42 -0.16
1.60 -0.48
0.44 1.80
-0.01 -0.30
-0.55 1.55
-0.92 -0.24
0.49 0.72
-2.58 -2.17
-0.35 0.38
-0.20 0.40
-1.78 -1.07
0.71 0.37
0.85 -0.99
-1.74 -0.15
1.52 0.28
0.44 -0.38
1.41 0.28
1.53 1.50
-0.13 -1.19
-0.59 -0.49
0.59 0.32
-0.57 -0.55
-1.10 -1.98
-2.31 -1.23
-0.04 1.21
0.79 1.18
0.55 0.16
0.19 -1.66
-0.58 -0.50
0.81 0.75
-0.38 0.06
0.29 0.21
0.81 0.38
0.19 2.41
-0.09 0.32
-1.48 -1.19
-0.04 -0.49
0.01 -0.18
0.98 -0.46
0.56 0.87
0.78 -0.68
-1.23 -0.39
-0.51 0.55
-2.08 -1.04
-1.87 1.22
0.22 0.89
-2.28 -0.88
