-1.39 -1.43
0.53 1.62
-0.15 -1.95
-0.76 0.30
-1.03 -1.58
-2.34 1.03
0.64 0.20
-0.77 1.09
0.41 -0.51
0.82 -0.49
-0.36 0.25
-0.00 1.01
1.72 0.37
1.94 -1.30
-0.26 0.00
0.77 1.23
-0.28 1.15
-0.27 1.59
-0.03 -1.20
-1.43 -1.35
0.80 0.09
0.71 0.59
1.29 -0.03
-1.40 0.45
0.44 -0.57
-0.98 0.19
0.22 1.00
-0.66 0.75
0.06 -0.80
1.05 -1.13
1.18 0.40
-0.87 1.12
0.10 0.43
-0.08 1.15
1.15 -1.43
-1.14 -0.77
0.98 0.08
-0.30 0.63
1.69 1.91
0.78 0.57
0.52 -0.45
0.92 1.38
-2.37 -0.43
0.07 -0.02
1.66 -0.55
-0.18 0.26
-0.06 0.19
0.84 0.54
-0.38 -0.16
-0.17 -2.07
1.42 -1.21
0.43 1.77
0.76 -0.44
-1.06 0.34
-0.68 0.67
0.27 -0.85
-1.63 -0.72
-0.53 -0.43
-0.89 -0.21
-1.06 -0.01
0.96 0.03
0.74 -0.85
0.86 -0.26
0.49 -0.78
-0.30 0.51
1.76 -2.18
-0.13 1.84
1.24 -1.78
-0.38 0.45
0.41 1.51
0.10 -0.65
0.77 -1.31
-0.07 -1.50
0.14 1.54
-0.91 -0.68
-1.79 1.41
1.35 -0.04
-1.56 -0.22
-1.26 2.18
-0.26 -1.70
0.08 -0.36
-1.99 -0.99
0.25 0.48
2.27 0.27
-0.95 0.18
0.37 0.61
1.43 -0.91
1.02 -0.14
0.91 0.15
0.95 -1.13
