-1.42 -1.42
-0.92 -0.92
0.11 0.11
0.26 0.26
0.02 0.02
-0.51 -0.51
0.20 0.20
0.18 0.18
-1.44 -1.44
-0.71 -0.71
-0.76 -0.76
-0.99 -0.99
0.26 0.26
-0.37 -0.37
1.38 1.38
0.29 0.29
0.21 0.21
0.83 0.83
1.65 1.65
1.24 1.24
-0.13 -0.13
1.61 1.61
-0.15 -0.15
-1.64 -1.64
-0.47 -0.47
1.07 1.07
0.55 0.55
1.89 1.89
1.33 1.33
1.10 1.10
0.40 0.40
1.21 1.21
-0.28 -0.28
1.25 1.25
-1.01 -1.01
1.47 1.47
-0.11 -0.11
0.87 0.87
0.39 0.39
-0.32 -0.32
-0.48 -0.48
1.33 1.33
-1.32 -1.32
-0.37 -0.37
0.87 0.87
-2.08 -2.08
-1.55 -1.55
0.76 0.76
-0.56 -0.56
-1.55 -1.55
