2.27 0.58
0.75 0.89
-1.27 0.53
-0.99 0.20
1.29 -0.24
-0.62 0.07
2.70 1.48
-1.71 0.76
0.81 0.29
0.48 -1.23
0.49 0.19
-0.81 1.06
-0.09 -0.71
-0.20 0.35
0.74 0.72
0.36 -0.65
-2.10 -0.10
1.17 0.67
0.60 -1.34
0.21 0.65
0.91 -0.58
0.86 1.48
-0.67 1.20
0.29 -0.43
-1.11 0.11
-0.18 -1.15
0.04 -1.01
-0.39 0.22
-1.57 -0.84
0.33 -0.55
0.27 -0.68
-0.65 0.75
2.22 2.11
-0.56 -0.36
0.33 -0.08
1.12 0.01
-0.06 0.76
-1.22 -0.53
-1.45 0.91
-1.61 -1.91
0.47 0.75
0.51 -0.37
-0.19 -3.09
-0.33 -0.25
-0.66 0.50
-0.78 0.53
0.31 -0.31
-0.65 1.58
0.25 0.14
-0.52 1.29
-0.16 1.23
-1.17 3.49
0.29 -1.50
1.96 1.47
-0.24 0.53
-0.71 0.15
0.03 -1.15
-3.13 0.71
1.10 -1.62
-0.53 -0.05
-0.17 0.68
0.10 -0.90
1.09 1.03
-0.47 -0.16
-0.07 -1.89
1.08 -0.28
0.60 0.42
0.93 0.30
-0.02 -0.30
-0.98 -0.23
-1.57 -0.67
0.82 1.75
-0.68 0.04
-0.76 -0.56
-0.68 -0.14
-0.83 -0.90
-1.05 -1.11
1.08 0.14
1.54 -0.34
0.38 -0.70
-0.78 0.35
1.23 0.01
-0.30 -1.28
0.09 0.58
1.32 0.69
1.28 0.35
0.94 0.02
0.55 -2.14
-0.09 0.82
0.22 1.26
