-1.68 -0.13
0.22 0.81
-1.05 -1.87
-1.72 -2.08
-0.15 -0.42
1.40 1.00
2.09 2.18
-0.48 -0.53
0.09 -1.02
0.85 0.47
2.03 1.26
-0.59 0.41
1.22 0.68
0.53 0.13
-1.50 -0.48
-0.25 -1.12
0.50 0.24
0.28 0.08
0.17 -0.26
-0.60 -0.13
1.16 0.40
-0.15 -0.48
1.41 1.05
0.22 0.05
-2.13 -2.36
-0.69 0.55
-1.28 -0.06
0.21 0.03
1.31 1.94
-0.04 -0.56
0.14 0.35
-1.84 -1.42
0.52 0.77
-0.01 -1.09
0.55 0.37
0.16 0.63
-0.98 -0.59
1.19 2.02
-0.76 -0.61
-0.63 0.03
-0.87 -1.75
-0.18 -0.24
0.83 0.97
0.25 -0.15
-0.47 -0.87
0.39 -0.00
1.76 0.85
1.03 1.24
1.34 1.56
0.30 0.57
-0.77 -1.04
0.32 0.63
-1.89 -1.90
1.25 1.82
0.28 -0.70
0.24 0.60
1.19 1.09
-0.64 -1.19
-0.66 -0.48
-0.04 0.69
-1.27 0.29
1.46 0.79
-0.34 0.49
0.17 0.34
0.48 -0.26
-0.51 0.88
-0.99 -0.04
0.85 0.85
-0.62 -0.72
-0.48 -1.05
1.34 1.01
-0.77 -0.40
-0.44 -0.70
1.99 2.00
-0.01 0.91
-0.85 -0.34
-0.87 -0.86
-1.32 -1.88
1.47 0.88
0.05 0.18
0.09 0.69
0.36 0.56
-0.60 -0.78
-0.34 -1.30
-0.04 0.66
0.13 -1.13
2.65 2.08
2.10 1.20
-0.14 0.09
-0.91 -0.88
