0.95 0.60
-1.10 -0.93
-1.00 -0.73
-0.15 -0.21
0.10 0.38
0.86 0.59
1.03 0.97
-0.58 -1.14
0.01 0.66
-0.93 -1.08
1.53 1.77
1.79 1.76
0.30 -0.48
-0.57 -0.90
-1.42 -1.63
0.36 -0.33
0.02 0.29
-0.62 -0.48
-1.49 -0.57
1.22 0.87
0.43 0.25
-0.88 -1.37
-1.46 -1.71
-0.52 0.15
0.86 1.17
0.62 0.21
0.36 0.73
1.84 1.77
-1.78 -1.47
1.25 1.29
-0.07 -0.18
1.43 1.26
-0.96 -0.92
0.21 -0.19
0.57 0.03
-2.22 -2.17
-0.20 -0.20
0.36 0.31
0.14 -0.40
-0.02 -0.09
0.03 -0.11
-1.94 -2.05
-1.19 -1.13
-1.77 -1.38
-0.92 0.15
-1.67 -1.93
-1.79 -1.51
-1.16 -0.55
-0.09 -0.29
0.27 0.71
0.48 -0.27
0.60 0.38
0.07 -0.73
0.60 0.42
-1.32 -0.72
-0.25 -0.36
-0.10 -1.14
0.07 -0.31
0.07 -0.13
0.52 1.08
-1.50 -1.05
-0.28 -0.47
2.64 2.50
0.96 0.78
-0.69 -0.60
1.57 1.71
-0.87 -0.58
-1.38 -0.99
-1.42 -1.13
-1.30 -2.35
-0.26 0.17
0.95 0.55
-0.19 -0.40
0.26 0.27
0.64 0.18
0.59 -0.02
-0.65 0.40
-0.04 -0.65
-1.35 -1.28
0.27 0.56
-0.23 -0.85
-1.39 -1.52
1.86 1.34
-0.30 0.06
-0.31 -0.59
-1.53 -2.09
0.09 0.85
-1.12 -1.90
0.17 -0.68
0.09 -0.21
