-1.40 1.50
-0.83 0.35
1.65 -1.59
0.27 0.57
0.16 0.24
-2.36 2.54
0.37 0.89
-1.28 1.85
0.97 -1.49
0.06 -0.57
-0.73 1.66
1.25 -0.21
-0.01 0.32
0.72 -0.79
2.38 -1.62
-0.86 -0.34
1.21 0.34
1.23 -0.74
-1.16 0.80
-1.04 0.63
0.06 0.51
2.55 -3.08
0.44 -0.96
-0.28 -0.14
0.85 -0.35
1.12 0.30
1.14 -1.99
0.11 0.97
-0.77 -0.96
1.70 0.06
-0.83 0.97
0.59 0.97
0.07 -0.62
-0.03 -0.66
1.08 -1.51
1.56 -0.89
-0.08 0.66
1.96 -2.72
1.48 -1.05
0.22 -0.76
1.41 -0.83
0.10 -0.09
0.96 -1.17
-0.13 0.55
1.74 -2.04
0.38 0.74
0.29 -0.75
0.13 -0.46
-0.58 0.51
-0.43 -0.64
-0.45 -0.59
-2.27 1.58
-0.20 0.14
1.49 -0.90
0.99 -0.22
0.52 -0.68
0.35 -1.31
-1.03 -1.05
-0.86 0.28
1.04 -1.49
0.19 -0.56
2.01 -0.70
0.62 -1.39
-0.67 1.44
-0.83 0.63
-0.89 -0.37
-0.32 0.71
0.67 -1.05
1.23 -0.49
0.51 -0.51
-0.34 -0.54
-0.67 0.26
0.29 -1.44
1.13 -1.47
0.29 -0.41
-2.01 1.57
-1.29 0.44
2.41 -1.15
0.11 0.91
-0.02 0.06
-0.93 0.83
-1.07 -0.14
0.61 -0.62
0.80 -0.39
0.04 0.28
-0.07 0.24
0.62 0.13
-0.95 1.72
0.91 -0.13
0.24 -0.23
-0.03 0.54
0.95 -1.14
-0.01 -0.47
1.18 -1.37
-0.87 0.73
0.75 -0.02
-0.69 0.48
-1.09 -1.07
0.22 0.33
-0.21 0.38
