-0.57 0.32
-1.78 0.78
-0.94 1.12
-1.44 0.21
-0.68 0.15
0.82 -1.44
-0.82 -0.05
-0.89 -1.00
1.71 -1.77
-1.10 -0.32
-1.07 1.37
2.58 -1.15
1.49 -2.38
0.56 -1.04
1.63 -0.74
-0.44 0.18
0.80 -0.25
-0.06 -0.40
0.25 0.48
2.61 -2.17
0.58 0.29
-0.28 -0.42
-0.14 0.13
-0.34 -0.05
0.10 0.17
0.36 1.13
0.42 -0.02
1.46 0.96
-1.01 1.37
0.49 0.61
0.97 -0.85
0.10 -1.10
-0.54 -0.59
-1.24 0.22
-1.52 1.20
1.00 -0.82
-1.89 -0.60
-0.95 -0.20
-0.83 -0.36
0.54 -0.55
-0.23 -0.94
1.22 -0.40
-1.51 2.48
0.42 0.48
0.57 0.11
0.95 -1.29
-0.84 -2.03
1.07 0.73
1.24 1.25
-0.66 -1.12
0.12 0.17
-0.46 0.86
0.66 -1.93
1.18 -1.27
0.98 -0.64
-1.30 0.46
0.24 -0.29
0.93 -1.95
0.85 -2.61
0.03 -0.67
-0.03 0.01
-1.17 0.15
0.49 -2.16
0.04 0.94
0.60 -0.30
1.07 0.38
1.38 0.00
-0.15 -0.07
-1.17 -0.65
-0.18 0.61
1.28 -0.09
0.88 0.52
0.94 -0.45
-0.85 -0.29
-0.14 -1.11
-1.08 -0.56
1.17 -0.69
-0.00 1.68
-1.19 0.15
1.08 -0.56
-0.39 1.84
1.55 -0.98
0.43 1.14
-1.14 0.51
-0.19 1.33
1.67 -2.53
1.22 -0.37
-0.90 -0.17
-0.84 0.03
-1.86 0.81
0.08 0.68
-0.43 -0.49
-1.81 -0.40
-0.78 0.04
0.58 -1.04
-0.37 -0.74
-0.83 -0.95
-0.66 0.46
-0.52 -0.06
0.42 -2.35
