1.28 -0.24
0.84 -1.27
-0.09 0.44
-1.22 1.22
-1.10 2.59
0.08 0.52
0.88 -0.25
-0.50 -0.60
-0.91 1.79
0.33 -0.19
-0.87 0.22
-1.46 1.14
-0.89 0.44
0.93 -0.61
0.11 -1.17
1.41 -0.60
0.10 -0.96
-0.89 0.66
0.60 -0.33
0.62 -0.18
0.22 0.17
0.32 -0.40
0.67 -0.82
-2.94 2.16
-0.08 0.57
-0.42 0.84
1.70 -1.68
-0.41 -0.13
-0.96 0.12
0.26 -1.02
0.85 -1.20
1.11 -1.06
0.20 -0.67
0.62 -0.61
0.61 -2.11
1.17 -0.49
0.40 -1.09
-0.98 0.73
-1.82 1.48
-0.22 -0.05
-0.10 -0.12
-0.60 0.17
0.64 0.10
1.33 -0.82
0.02 -0.10
0.74 -0.19
-0.65 0.98
-1.07 1.12
-1.60 0.77
1.40 -0.82
-1.50 0.53
1.02 -1.60
-1.33 0.60
1.16 -1.05
0.43 1.16
0.73 -1.01
0.47 -0.30
1.65 -2.03
0.57 -1.23
-0.16 0.90
1.21 -2.01
-0.54 0.09
-0.16 -0.62
0.28 0.21
0.03 -0.21
-1.74 1.07
0.25 0.04
-0.43 1.73
-1.24 1.34
-0.81 1.04
-1.90 2.39
0.55 0.08
1.61 -0.90
-2.11 1.61
0.86 0.11
-1.31 0.48
2.08 -1.72
-0.07 0.59
1.35 -1.61
-0.22 1.05
0.83 -0.01
-1.79 0.73
-0.67 0.57
-0.65 1.11
1.06 -0.67
0.53 -1.09
0.33 0.82
0.84 -0.15
-0.42 0.08
0.69 0.55
0.70 -1.05
-0.57 0.63
0.85 -0.18
0.49 -0.60
-0.92 0.67
1.35 -1.68
0.74 -0.79
1.75 -1.30
-0.56 0.95
-0.69 0.24
