0.85 -0.85
-0.73 0.73
0.42 -0.42
1.39 -1.39
-0.60 0.60
0.62 -0.62
0.08 -0.08
0.61 -0.61
-0.45 0.45
-0.60 0.60
-0.38 0.38
-0.24 0.24
1.58 -1.58
0.87 -0.87
0.62 -0.62
-1.17 1.17
1.20 -1.20
0.39 -0.39
0.50 -0.50
-0.59 0.59
0.50 -0.50
0.92 -0.92
-0.45 0.45
1.69 -1.69
0.01 -0.01
0.40 -0.40
-2.11 2.11
-1.48 1.48
0.37 -0.37
-2.04 2.04
1.25 -1.25
-0.35 0.35
2.33 -2.33
-0.88 0.88
-1.05 1.05
-1.04 1.04
1.03 -1.03
0.79 -0.79
-0.40 0.40
0.20 -0.20
-0.23 0.23
-0.41 0.41
-1.83 1.83
-1.54 1.54
-0.11 0.11
0.36 -0.36
-1.86 1.86
0.67 -0.67
-0.57 0.57
-0.28 0.28
