1.20 -1.20
-0.98 0.98
0.31 -0.31
-1.94 1.94
0.84 -0.84
0.09 -0.09
-0.79 0.79
-1.48 1.48
1.09 -1.09
-0.09 0.09
0.62 -0.62
-0.45 0.45
0.43 -0.43
0.79 -0.79
-0.64 0.64
0.60 -0.60
0.91 -0.91
1.75 -1.75
-0.52 0.52
0.19 -0.19
0.66 -0.66
0.08 -0.08
-0.77 0.77
-0.89 0.89
-1.44 1.44
-0.05 0.05
0.66 -0.66
-0.49 0.49
1.33 -1.33
-0.08 0.08
0.20 -0.20
0.53 -0.53
-1.74 1.74
-0.61 0.61
0.05 -0.05
0.16 -0.16
0.12 -0.12
-0.85 0.85
0.48 -0.48
0.88 -0.88
-1.64 1.64
2.40 -2.40
-2.01 2.01
0.91 -0.91
0.84 -0.84
-1.37 1.37
0.82 -0.82
-0.43 0.43
-1.02 1.02
-0.48 0.48
-1.72 1.72
-2.95 2.95
1.41 -1.41
0.46 -0.46
0.69 -0.69
-1.57 1.57
-1.29 1.29
0.78 -0.78
1.00 -1.00
0.75 -0.75
1.01 -1.01
-1.12 1.12
-0.30 0.30
2.01 -2.01
0.45 -0.45
-0.71 0.71
1.87 -1.87
0.41 -0.41
-0.53 0.53
0.03 -0.03
-1.12 1.12
0.05 -0.05
0.93 -0.93
0.80 -0.80
2.28 -2.28
-0.81 0.81
-0.68 0.68
-1.41 1.41
0.80 -0.80
-0.54 0.54
-0.38 0.38
-0.19 0.19
-0.92 0.92
0.33 -0.33
1.81 -1.81
-0.62 0.62
0.34 -0.34
0.58 -0.58
-0.44 0.44
-0.46 0.46
0.64 -0.64
-0.01 0.01
-0.22 0.22
-0.43 0.43
1.12 -1.12
0.91 -0.91
-0.39 0.39
0.20 -0.20
-0.40 0.40
-0.61 0.61
