0.18 -0.48
0.94 1.15
-0.31 -0.19
1.48 0.68
-1.08 -0.07
-1.11 -1.77
1.22 -0.22
1.15 0.04
0.11 1.02
-0.35 -1.74
1.13 -1.40
-0.54 -0.29
1.03 1.21
-2.25 -3.21
1.56 0.72
0.02 -0.07
0.79 0.72
0.17 0.63
0.41 0.78
-0.99 -0.26
-0.63 -0.02
0.06 1.12
-0.28 -0.75
-0.64 -0.59
0.88 0.78
1.41 0.73
0.13 0.04
-1.06 1.00
-0.32 -0.81
-0.20 -0.27
-1.21 0.30
0.79 0.67
-0.78 -0.90
1.39 0.18
0.39 1.27
-0.10 -1.22
-0.26 0.14
-0.28 -0.97
0.42 -0.36
-0.10 -1.12
-1.24 -1.45
0.28 -0.24
-0.09 -1.22
1.30 0.08
0.73 -0.03
-1.78 -1.95
1.30 0.08
-0.02 0.97
1.18 -0.07
-0.49 0.39
-0.81 -0.90
-1.80 -3.04
-0.55 -0.32
-0.81 -0.17
-1.59 -0.88
-0.48 -0.32
0.06 0.21
-1.38 -0.63
-0.45 0.35
-0.93 -0.31
1.55 0.65
2.12 2.73
-1.06 0.07
0.52 0.27
0.38 1.78
1.00 0.53
-0.26 -0.46
0.66 0.35
-2.23 -1.00
-1.16 -0.47
1.21 1.65
-0.07 -0.11
-0.63 -0.19
-1.61 0.25
-1.55 -0.81
-0.43 -1.40
1.12 1.00
1.51 0.48
-0.04 -0.36
0.98 2.62
-1.02 -0.66
-1.08 -0.69
0.45 0.61
0.19 1.06
1.67 -0.44
0.61 1.22
0.23 -0.37
0.77 0.28
-1.36 -1.38
-1.66 0.41
