-0.86 2.48
-1.61 -0.19
1.63 -2.28
-0.31 0.82
0.07 -1.27
0.71 -0.48
-0.53 -0.17
-0.92 -0.20
0.35 -0.71
0.54 0.97
-0.09 2.60
-0.22 0.20
0.47 -1.24
-1.75 0.16
-0.43 0.70
-0.95 -0.62
0.14 0.61
-0.21 0.60
0.46 0.81
0.11 0.53
0.80 0.54
-0.81 -0.11
0.90 -1.61
0.14 -0.85
-0.54 1.32
-0.06 0.28
0.37 -0.47
-1.71 0.92
0.66 0.61
-1.68 0.53
-0.05 -0.05
-1.12 1.91
2.16 -0.07
0.41 0.71
-0.83 -1.47
1.89 -0.81
-0.03 -0.14
-0.95 -0.04
1.92 0.98
-1.74 0.91
1.94 -1.44
-0.97 1.47
0.73 -0.10
-1.71 0.37
-0.59 1.38
0.95 0.55
0.28 0.65
-1.07 -1.33
0.20 0.61
-0.36 0.50
