-0.01 0.41
0.55 -0.68
-1.09 -0.60
-0.40 -0.63
0.38 0.73
-0.36 -0.22
-1.32 0.25
-0.07 -0.33
1.14 -0.94
-0.48 -0.63
-0.37 -2.01
-2.00 -1.00
0.50 -0.74
0.99 -0.51
0.59 -0.93
0.73 -1.60
-0.68 0.58
0.25 0.02
1.90 0.62
0.72 -0.45
-0.15 0.30
-0.32 0.50
0.62 0.09
-1.91 -1.46
0.21 -0.18
-0.63 1.31
-0.70 0.63
1.10 0.07
0.09 -0.03
-0.68 0.27
0.09 0.62
1.38 -1.11
-0.82 -1.37
-0.29 -1.32
2.23 -0.57
0.95 1.03
-0.67 1.85
0.12 0.46
-0.17 0.49
-2.36 -1.49
0.05 0.67
0.91 -1.04
0.03 0.35
-0.26 -2.02
-0.34 1.93
0.09 -1.01
0.85 1.74
-0.01 0.83
-1.46 -1.14
0.47 -2.71
1.32 0.53
-0.56 -0.01
-0.17 0.84
-1.30 0.21
-0.89 0.87
0.25 -0.39
1.12 1.50
-1.53 -0.34
1.36 0.99
0.07 1.76
-1.14 -1.93
-0.61 0.39
-0.40 -0.58
1.60 -0.63
-0.58 1.24
-1.04 -0.38
1.42 -0.02
-0.13 2.61
-0.30 -0.35
-0.20 0.82
-1.73 0.79
1.63 -0.01
-0.91 -0.67
-0.21 0.65
2.83 1.35
0.80 0.10
0.03 0.55
-1.74 0.67
-0.17 -1.16
1.48 -0.80
-1.48 0.40
0.78 0.89
-0.43 -1.35
-0.03 0.39
1.64 0.01
-0.42 -0.49
-1.81 -0.67
-0.92 1.67
-0.21 1.18
-0.18 0.05
