0.02 0.02
-0.06 -0.06
-0.84 -0.84
0.83 0.83
1.26 1.26
-0.33 -0.33
0.33 0.33
-0.80 -0.80
-0.47 -0.47
0.09 0.09
0.48 0.48
-1.27 -1.27
-1.48 -1.48
-0.31 -0.31
0.21 0.21
-0.45 -0.45
0.18 0.18
0.51 0.51
-0.63 -0.63
-1.54 -1.54
0.76 0.76
1.04 1.04
1.34 1.34
-1.84 -1.84
0.33 0.33
0.13 0.13
0.22 0.22
-1.02 -1.02
0.29 0.29
1.39 1.39
-1.26 -1.26
-1.00 -1.00
-1.38 -1.38
-2.58 -2.58
0.67 0.67
0.51 0.51
0.06 0.06
0.77 0.77
-0.79 -0.79
0.02 0.02
-0.35 -0.35
0.88 0.88
0.02 0.02
-0.25 -0.25
2.35 2.35
0.59 0.59
0.13 0.13
0.59 0.59
-2.83 -2.83
-0.96 -0.96
