-0.67 0.77
0.07 -0.08
0.28 -1.37
-0.32 1.29
0.73 -1.68
-1.48 1.02
-1.69 -1.93
0.15 -1.62
-0.35 0.17
0.02 -0.67
1.45 -1.01
0.05 -0.99
0.16 -2.53
-0.13 0.82
1.07 0.31
0.54 -0.83
-0.89 -0.20
0.27 0.43
-0.53 0.60
0.31 -0.75
0.91 -0.53
-0.11 -0.06
-0.39 0.60
-2.02 1.11
-0.12 0.07
2.21 -0.59
-0.69 0.45
0.46 -0.81
-1.38 -0.63
-0.93 -1.15
0.43 0.00
0.62 0.33
1.12 0.52
0.26 -0.72
-0.53 1.58
-0.81 -0.21
0.12 -0.70
2.00 2.00
0.11 1.61
-0.44 0.15
0.52 -0.02
0.52 -0.53
1.17 -1.18
0.24 0.82
0.41 -0.01
-1.78 0.39
0.82 -0.98
-0.79 2.30
2.12 0.57
1.48 -0.78
-0.37 -1.07
1.40 -0.87
-0.12 0.72
0.55 -0.15
-1.49 -0.27
0.80 -1.16
-0.29 -0.43
-0.17 1.89
-0.08 -0.21
-0.55 -0.65
-1.80 1.80
-0.94 1.16
0.08 -0.70
-0.34 2.12
-0.91 0.68
1.25 -0.78
0.92 -1.44
-0.96 2.47
-1.27 0.23
1.71 -0.14
0.06 0.09
-1.42 1.68
-0.18 0.58
0.21 -0.51
0.45 1.36
0.55 -1.50
-0.65 -0.39
-1.17 0.82
-0.62 -0.06
-3.08 0.82
-0.32 -0.20
-1.93 -0.31
-1.48 0.70
1.05 0.07
-0.44 -0.75
0.31 0.86
-0.60 1.14
-0.59 -0.03
0.65 -0.12
1.10 0.90
0.54 0.56
0.36 -0.94
-0.66 0.46
2.71 -1.72
1.00 0.83
0.70 -0.06
-0.77 -0.50
0.98 -1.34
0.16 -1.34
1.11 0.33
