1.88 1.39
-0.28 -1.10
1.24 1.01
0.34 -0.12
0.89 -1.62
-1.10 -0.52
-0.22 -0.60
-1.30 -1.30
-0.19 -2.14
-0.62 -0.82
-0.03 -1.85
1.47 -0.56
0.51 -0.98
0.30 -1.88
-0.29 -0.26
0.67 -0.58
-0.11 -0.31
-0.64 -0.09
-1.20 0.80
0.06 0.29
0.42 0.09
0.81 -0.39
0.54 -0.46
-0.92 0.21
-0.30 0.99
-0.92 -1.06
-0.96 -0.97
0.38 -0.16
2.36 1.18
-0.51 -1.52
1.44 2.41
2.11 2.41
-0.65 -0.67
0.24 0.63
0.79 0.06
-0.47 -0.58
-0.18 -1.37
0.81 -0.48
0.22 -1.00
0.73 0.01
1.97 -1.55
-1.09 -0.59
-0.35 0.25
0.65 -0.34
-0.01 -0.26
1.83 1.45
-0.93 -1.46
-0.16 -1.51
-1.29 0.52
1.67 2.12
-0.82 -1.64
-0.20 0.11
0.13 -0.48
0.97 -0.71
-1.34 0.75
0.53 0.71
-0.88 0.44
1.04 -0.40
-0.26 1.38
-2.10 -0.21
0.44 1.16
-0.06 -0.54
1.50 0.22
0.01 0.31
0.79 0.15
-0.80 -0.79
-0.34 -0.88
-1.01 0.44
-2.40 -0.64
-0.42 -0.66
0.23 -1.43
-0.31 -1.20
0.96 0.91
-1.99 -0.45
-0.25 0.62
-0.37 -0.12
0.87 0.90
-0.35 0.38
-1.27 -0.70
-0.18 0.76
1.46 1.96
-0.52 -0.62
0.77 -2.29
-0.95 0.32
0.83 -2.01
1.88 0.17
1.24 -0.94
-0.42 -0.46
-0.35 -0.13
-2.00 -0.37
