0.63 -0.96
-0.52 1.16
-1.49 0.84
1.53 -0.58
-1.53 1.43
0.09 0.66
-0.01 -0.82
0.93 -1.79
-0.86 -1.16
-1.71 -0.38
-1.00 -0.14
-0.98 0.67
-1.53 0.24
-0.28 0.61
0.76 0.78
1.38 -0.28
0.38 1.58
1.14 0.63
-0.40 1.49
0.37 -0.87
-1.90 -0.55
1.11 -1.45
-1.33 -0.06
-0.62 0.75
0.04 -1.25
-0.17 0.89
0.57 -1.98
1.55 0.56
-0.76 1.31
0.07 0.07
0.36 2.17
1.13 -0.73
0.18 -0.68
-0.60 -0.94
0.86 -0.39
-2.72 1.23
-0.66 0.74
2.08 -1.07
1.13 -0.27
1.14 -0.51
-0.51 0.06
-1.10 0.72
-2.07 1.59
-1.17 0.39
0.46 0.73
-0.44 -0.53
0.24 0.66
0.20 0.00
1.39 -1.11
-0.41 -0.72
-0.13 -1.20
0.24 1.42
-0.36 -1.21
0.26 -2.08
0.09 -0.49
-0.73 0.43
0.08 -1.11
-0.09 0.87
-0.03 -1.07
-0.95 -0.56
-0.71 -1.31
1.91 1.37
0.80 -0.39
-2.34 0.59
0.42 -0.10
-2.01 -0.90
0.75 -0.20
0.86 1.29
-1.78 0.04
0.15 -0.22
-0.01 -1.38
-0.50 -0.30
-0.06 0.28
0.76 0.42
-0.20 1.76
-1.97 -1.80
-0.79 2.12
-0.82 0.47
-1.01 1.63
0.88 -0.36
0.40 0.14
0.09 0.42
0.31 0.88
-0.43 2.14
1.44 -0.11
0.73 -0.57
0.19 -0.34
-0.10 0.36
0.10 -0.68
-1.27 1.16
