-0.41 1.03
0.31 0.80
-1.66 2.63
0.78 -0.23
-1.59 1.06
1.48 -0.52
-0.30 -0.52
1.51 -0.48
-1.13 1.23
0.31 0.83
0.30 0.94
0.24 -0.65
0.77 -1.07
0.81 -0.75
-3.05 1.20
0.25 1.60
1.60 -1.05
0.01 -0.89
0.06 0.09
0.06 2.24
0.20 -1.10
0.20 1.81
-0.86 1.61
0.05 -0.44
-0.96 0.38
1.01 -1.11
0.54 -0.95
1.53 -0.73
0.15 -0.02
0.44 0.52
1.63 -1.83
-0.40 2.27
0.13 1.04
-0.03 0.84
0.60 0.34
0.65 -1.14
-1.13 0.69
0.25 0.23
0.46 0.68
-1.14 0.96
1.32 -0.07
-0.57 0.65
0.94 -0.33
-1.26 0.09
-1.50 0.76
1.73 0.06
1.14 -0.93
0.05 0.49
0.48 0.17
-1.26 0.72
