-1.16 0.08
0.51 0.48
-0.47 0.55
0.58 -1.12
-0.80 -0.28
-0.21 0.87
-0.07 -2.51
-0.90 -1.36
1.57 -0.38
0.40 0.32
-0.09 0.32
-0.91 -0.51
-0.78 -0.62
0.10 -0.62
0.17 1.47
0.51 -0.60
-2.07 0.35
-0.99 -0.60
-0.37 0.72
0.74 0.37
-0.89 -2.48
-0.63 -0.94
0.21 0.19
2.35 -0.45
-1.06 -0.59
1.07 0.64
1.28 0.33
-2.19 -1.88
0.08 0.53
1.41 -0.58
-0.45 -0.24
-0.23 1.35
-0.69 -0.12
1.74 -0.41
-2.92 -1.47
-0.12 0.49
1.58 -0.38
0.55 0.87
-1.05 -0.60
0.88 2.21
0.87 0.38
-0.33 -0.81
0.28 0.87
-0.44 -2.46
-1.45 -1.24
0.69 0.88
-0.47 -0.43
-0.37 -1.00
-0.38 -1.61
-0.39 -1.72
-0.20 -0.27
-1.43 -1.45
0.39 0.26
1.55 0.21
1.31 -0.20
-0.80 -0.56
-0.49 0.13
-0.19 -1.27
1.42 0.94
1.81 0.51
0.84 -0.39
-0.99 -0.35
-1.23 0.27
0.50 -1.10
-0.66 -0.96
-0.39 0.16
1.90 -0.93
-0.05 1.67
-1.08 0.65
1.31 0.82
-1.15 -0.40
1.12 -1.31
0.56 0.87
-0.07 -0.28
1.02 1.06
0.62 0.47
-0.09 1.35
-0.08 -0.99
-0.24 -1.10
-0.68 0.50
-0.67 -0.13
0.80 -1.59
0.72 1.75
0.50 2.01
0.27 -1.10
-0.94 -1.21
-0.69 0.61
-0.43 1.42
-2.39 -1.16
-0.63 -0.19
