-0.38 0.58
-0.32 -0.13
-1.20 0.41
0.36 0.99
1.11 0.05
0.59 -1.81
1.67 -1.08
-0.82 0.58
-0.73 1.02
1.02 -1.83
-1.28 -0.47
-0.24 0.42
-0.44 0.92
0.53 0.43
-0.72 1.00
-0.29 -0.38
-0.34 0.83
2.29 0.65
0.08 0.30
-0.02 -2.50
1.39 -0.57
-0.54 2.60
-0.77 1.34
-0.30 -0.09
-0.23 0.68
-0.05 -0.05
0.48 -1.31
-0.39 -0.72
-0.49 0.35
0.68 0.15
-1.52 1.52
1.69 -1.39
0.24 0.76
1.55 0.32
-1.95 0.95
0.21 -0.77
1.14 0.36
-1.19 0.55
0.77 0.11
1.33 -1.88
-1.20 0.35
1.16 0.20
1.72 -0.19
0.27 -2.00
0.87 -0.24
-2.31 0.49
-0.69 -0.75
0.53 -1.40
-0.55 -0.41
-0.06 0.08
