1.73 -0.97
0.37 -0.41
0.58 0.20
0.31 -0.31
0.85 -1.49
-0.13 -0.22
0.29 -0.96
0.69 -0.87
0.68 -0.92
-0.17 -0.74
1.30 -1.83
0.16 -0.74
0.72 -1.15
-0.26 0.07
0.64 -1.54
-0.99 0.46
-1.95 2.10
-1.49 1.04
-0.60 0.86
-0.85 1.01
-1.46 1.85
-0.74 -0.17
0.38 0.49
-0.19 0.19
-0.22 0.47
0.78 -1.07
2.09 -1.01
1.12 -1.31
-1.58 2.27
-0.62 0.67
1.24 -0.74
-0.63 -0.10
0.97 -2.08
-1.07 0.53
-0.48 0.59
0.49 -0.82
0.53 0.28
-1.92 1.73
1.34 -1.38
-0.71 0.52
0.73 -0.55
-0.38 -0.16
1.68 -0.98
0.83 -0.53
-0.13 0.51
-0.37 -0.22
0.49 -0.43
-0.05 -1.41
0.62 -1.35
0.07 0.35
1.55 -0.72
0.38 -0.81
-0.99 0.64
-0.10 0.25
-0.87 0.07
0.24 0.02
0.62 -0.10
2.84 -1.67
0.24 0.10
-1.33 0.56
-0.32 0.63
1.81 -0.45
1.67 -1.90
0.06 0.03
-1.06 0.03
-1.07 1.25
-0.54 -1.13
0.34 -1.26
0.36 0.04
0.76 -0.50
-1.74 2.16
-0.43 1.21
-0.38 0.35
-1.48 1.45
-1.49 0.74
-0.62 0.36
1.69 -1.18
1.35 -1.15
-0.64 -0.51
-0.42 1.02
-1.14 -0.23
-0.67 1.71
-0.65 0.22
-0.06 -0.88
-1.56 1.57
1.11 -1.26
0.77 -1.12
-1.22 1.55
0.78 0.32
0.15 0.22
