-1.90 -0.03
0.94 0.76
-1.12 -0.67
0.69 -0.20
-0.27 -2.40
-0.05 -0.48
-2.12 0.61
-0.21 0.34
-0.08 -0.60
-0.89 -0.05
-1.84 0.86
-1.11 1.17
-1.44 -0.58
1.09 -0.03
-0.21 0.70
-0.10 0.62
-0.42 0.99
2.58 0.86
-1.02 0.32
-0.77 0.10
0.72 1.57
0.56 0.69
0.51 0.66
-0.09 0.69
-0.46 0.32
-0.02 0.63
-0.14 -1.16
-0.39 1.90
-0.63 0.06
-0.02 2.02
0.50 -0.96
-0.93 -1.83
0.32 -2.08
-0.20 -0.67
0.24 1.09
0.49 -0.16
0.97 0.11
2.01 -2.63
-0.60 -0.79
-1.31 -0.01
-1.32 -1.51
-1.31 -1.18
-0.49 1.17
-0.42 0.57
-0.06 -0.24
0.43 -2.10
0.03 0.05
0.59 -0.29
-0.36 -1.23
-1.25 0.66
-0.16 -1.07
-0.46 -0.34
-0.59 1.16
1.02 1.33
-0.57 -1.15
-0.65 0.32
1.22 -0.30
-0.97 0.26
-0.27 0.84
-0.25 -1.43
-0.52 -0.95
1.03 -0.30
-0.56 -1.97
0.35 -1.26
-0.53 1.18
0.13 1.47
0.26 -0.67
0.18 1.11
0.07 -1.09
0.65 -0.42
0.19 0.48
0.20 -0.41
-0.37 -1.08
0.16 -0.48
0.31 -0.24
1.25 0.74
1.26 1.04
-1.53 -1.19
1.81 -1.16
2.66 -2.02
0.22 0.34
-1.96 -1.56
0.75 0.73
-1.83 0.86
-0.63 1.19
0.71 0.57
-1.68 0.86
0.85 -1.06
1.97 -0.24
0.50 -0.51
0.07 -0.24
0.96 -0.47
-2.50 -1.03
0.18 0.32
0.72 0.05
0.89 -1.02
2.44 1.46
0.60 0.30
-0.76 -0.57
0.23 -0.34
