-2.14 -1.19
1.17 -0.37
-1.17 0.56
-0.00 -1.60
-1.07 -0.78
-0.07 0.83
1.07 0.61
-0.96 1.79
0.83 -0.06
-1.88 -1.92
-1.78 0.39
1.40 0.80
-0.28 0.71
-0.43 0.11
-0.81 1.14
0.32 -0.18
0.72 -1.75
0.96 0.55
0.40 1.27
1.22 -2.20
-0.41 -0.44
0.17 -0.12
-0.51 -1.26
0.14 -1.96
-0.84 -0.70
1.72 0.30
-0.46 -0.10
0.86 0.41
0.36 -1.25
0.18 -1.72
-1.09 1.08
-0.24 0.90
0.71 1.39
1.37 -0.58
1.28 -0.83
-0.35 0.60
-0.20 1.02
-0.39 -0.76
0.43 1.04
1.11 1.27
-0.20 -0.67
-0.92 -0.05
1.75 2.19
-0.11 -1.13
-0.15 0.19
0.29 0.48
-0.92 -1.01
-0.22 0.65
-0.83 -1.24
-0.64 1.85
0.26 -0.05
-0.87 -1.05
-1.13 -0.17
0.03 -0.43
0.26 1.33
2.21 0.30
-0.49 1.57
2.51 0.61
1.22 -0.07
-1.09 -0.19
1.18 -0.60
0.88 0.48
0.21 0.44
0.79 -0.79
-2.12 -0.83
-1.35 1.51
1.55 0.49
-0.29 1.16
-0.07 -0.65
2.57 0.12
-1.10 -1.47
0.22 -0.03
-0.42 2.01
-0.15 0.36
-0.23 -0.88
0.09 -1.04
0.30 -0.64
-1.82 1.29
-0.29 -0.44
0.45 -0.02
0.51 -0.17
0.38 1.59
-2.17 0.78
0.53 -1.28
-1.11 1.02
-1.29 0.78
-0.37 1.47
1.52 -0.80
-0.63 -0.21
-0.65 0.50
0.13 1.57
-0.32 -0.17
-1.13 0.25
-1.72 -0.10
0.79 -0.31
-1.00 0.26
0.67 -2.07
-0.26 0.55
-0.03 1.17
-0.08 -0.04
