-0.92 0.42
-1.58 0.20
-0.38 1.40
-0.27 0.61
-0.30 0.75
1.25 0.32
-0.92 0.58
2.15 -0.17
-2.26 0.14
-0.40 -0.03
-0.57 -0.21
-0.05 -1.73
0.44 0.67
0.92 -0.00
0.34 -0.88
1.00 -0.43
-1.37 0.85
-0.77 -1.43
-0.96 0.95
0.91 0.67
0.86 0.22
1.46 -0.98
0.12 0.45
-0.47 2.21
1.27 -0.32
0.92 -1.75
-0.98 0.76
0.48 -0.55
-0.75 -0.47
-0.44 -0.26
1.23 2.06
-0.86 0.09
2.13 0.38
-0.95 2.32
0.97 -1.55
-2.01 -0.02
-0.20 -0.09
-0.07 -1.20
-0.35 -0.64
1.24 0.31
0.35 1.59
0.02 -1.45
-0.26 1.04
0.16 -0.33
-0.70 0.81
0.27 1.89
0.29 -0.77
-1.46 -0.01
-1.62 -1.45
0.01 -0.90
