-1.47 -0.97
0.54 0.63
0.15 -0.14
-0.64 1.09
-1.98 0.35
-2.10 1.95
-0.06 -0.30
-1.14 1.29
1.80 -0.73
1.61 0.38
-1.87 0.24
-0.38 1.78
-0.39 -0.39
-0.24 0.05
-1.02 0.68
0.06 0.80
1.11 -2.14
0.73 -1.77
-0.40 -0.18
0.06 -0.10
0.33 -1.18
-1.44 0.95
-1.61 1.19
-1.06 0.28
1.23 -2.17
-0.57 0.28
1.26 -1.40
-0.32 -0.32
1.66 -0.86
0.97 -0.46
0.78 -1.62
1.11 -0.94
-0.74 -0.07
-0.30 -1.25
0.85 1.53
-0.40 0.85
1.29 -0.94
0.52 -0.72
-0.42 0.79
0.12 -0.56
0.89 -0.56
0.33 0.16
0.54 -0.72
-1.48 0.87
0.64 -1.56
0.43 -0.04
-0.42 0.89
-0.21 0.88
0.65 -0.44
-1.33 1.08
