-0.89 -0.15
-2.25 -2.53
0.12 -1.27
1.71 0.41
-0.16 -0.70
-0.18 0.79
0.65 0.97
-0.46 0.15
-0.33 -0.23
-0.43 -0.30
0.83 0.24
-1.14 -0.86
0.70 1.49
-0.48 -0.61
0.37 0.73
1.34 -0.40
0.15 -1.13
0.30 -0.51
-0.77 -0.39
0.26 -1.70
0.32 -0.17
-0.71 0.47
-1.81 0.52
0.56 -0.57
-0.19 0.83
1.44 2.10
0.23 -0.12
-0.96 -0.36
-1.23 -0.19
-1.06 -1.47
0.29 0.45
2.56 0.67
-1.15 0.07
0.21 0.45
1.58 0.87
-0.60 0.64
0.46 -0.87
-0.94 -0.06
-0.06 -0.70
0.29 1.55
-1.97 -0.67
-1.15 -0.94
-1.35 -1.87
0.44 -0.78
-0.43 -1.07
-0.49 -0.49
0.53 0.79
1.12 1.67
0.31 -0.14
0.02 0.32
-1.87 -1.40
-0.03 0.85
-0.13 -0.52
0.52 0.26
-1.92 -1.29
0.74 1.49
-2.54 -2.62
1.40 1.93
0.27 0.70
0.83 -0.22
-1.44 -1.66
1.49 0.40
0.06 -1.34
0.45 -0.70
-2.12 -1.28
-0.05 1.15
-0.91 -1.37
-1.04 0.73
1.59 1.72
0.27 -0.34
-1.24 -0.57
0.63 0.88
1.04 0.61
-1.37 -0.48
-0.90 0.58
0.55 0.82
0.94 0.80
0.84 1.02
-0.00 0.29
0.49 0.36
1.32 0.69
0.52 0.27
0.39 -0.84
-1.33 -1.33
0.12 -1.37
-0.01 1.21
0.89 0.41
-0.13 -0.92
-0.30 0.06
1.75 0.72
1.16 2.03
-1.10 -1.13
0.79 -1.27
-0.79 -0.75
-0.19 0.39
-0.50 -1.80
0.74 -0.69
0.12 -0.64
1.29 0.78
-0.99 -0.93
