-0.65 -0.59
0.72 1.39
1.60 0.31
-1.21 -1.45
-0.35 -0.21
0.18 0.16
-0.01 0.06
-0.73 -1.33
0.04 0.50
1.71 0.46
0.98 1.59
-0.52 0.17
-1.69 -1.12
0.96 0.54
-0.70 -0.07
1.60 1.12
1.05 0.94
-0.98 -0.83
0.26 0.70
0.15 0.67
1.08 -0.17
0.40 0.18
-0.57 -0.67
0.89 0.02
0.51 -0.59
0.44 -0.73
2.07 1.39
-0.41 1.37
0.10 0.68
0.42 1.55
1.51 1.60
-0.94 -1.72
-2.25 -1.97
3.44 2.13
0.55 -0.00
-0.70 -0.77
0.72 0.94
-0.59 0.03
-1.69 -1.27
0.06 0.34
1.67 0.80
-1.31 -2.02
-1.12 0.55
-0.28 -0.40
0.04 -1.89
0.16 2.03
0.42 0.53
0.85 0.36
-0.82 -0.40
-0.13 -0.11
-0.60 -0.23
-0.59 -2.02
-0.46 0.45
-1.65 -1.69
-0.23 0.19
-1.60 -2.06
-0.08 -0.14
0.06 0.07
0.55 0.52
-0.49 -0.75
2.21 0.96
-0.18 -1.27
-1.21 -0.68
-0.78 -0.58
0.23 0.24
-1.20 -1.33
-0.14 -0.36
0.01 -0.69
0.39 0.82
-1.01 -0.30
-0.14 0.14
1.26 1.65
0.48 0.59
0.67 1.61
-0.58 -0.70
1.28 -0.67
-0.15 0.13
1.55 1.41
-0.28 0.30
0.42 0.84
1.64 1.17
-0.23 0.57
0.48 -1.27
-1.59 -1.60
-0.45 -0.05
1.08 0.14
-0.72 -1.57
0.54 1.11
-0.97 -0.14
1.00 0.28
-0.14 0.06
-1.03 0.04
-1.79 -0.83
1.31 1.70
0.84 0.10
0.66 1.89
-0.42 0.17
0.45 -0.03
-0.77 0.74
-0.79 -1.02
