2.72 1.07
-0.38 -0.41
1.09 1.17
1.50 1.05
1.80 0.45
1.10 0.48
-0.66 0.80
1.61 0.03
-0.12 0.13
-0.38 0.48
-0.83 -0.51
-0.08 1.23
-0.87 -1.91
1.53 1.59
-1.92 -0.15
-0.45 0.27
-0.28 -2.40
0.47 -0.52
1.26 0.78
0.86 0.26
-1.61 2.07
1.12 1.87
0.48 -0.31
-1.03 -2.10
-1.24 0.08
0.36 0.85
0.25 -0.72
-0.18 0.78
-0.30 -0.85
-0.92 -0.20
-1.03 -0.67
-1.07 -1.16
0.97 -1.66
-0.15 0.46
0.59 -1.88
0.61 -0.14
0.35 -0.23
-0.69 -0.71
-0.98 -0.18
-1.34 1.87
0.03 0.75
0.55 -1.13
-0.06 -0.80
-0.13 -0.61
-1.16 0.24
0.82 0.76
-2.74 -0.88
-1.17 -1.70
0.45 -0.57
-0.34 0.42
-2.34 1.10
1.13 1.39
1.48 1.29
0.58 -0.68
-0.42 1.02
-0.46 -1.04
-0.97 -1.10
0.07 -0.32
0.33 0.13
1.04 0.69
2.05 1.18
-0.29 -0.83
0.26 0.74
0.58 -0.46
1.03 1.27
0.09 1.74
-0.61 -0.74
-1.49 1.36
-0.89 0.33
-1.06 0.09
-0.76 -1.11
0.66 0.51
0.06 1.48
-0.63 1.13
0.41 0.52
-1.07 0.52
1.03 1.51
-0.39 -1.93
0.21 -0.91
0.37 -1.48
1.42 0.19
-1.01 -0.37
-1.01 0.41
-0.73 0.30
-2.13 -0.91
-0.12 -0.15
0.28 0.62
0.47 0.14
-0.11 -0.78
-0.01 0.02
1.28 -1.64
0.29 0.75
-0.00 -1.78
-0.68 0.88
-0.54 -0.00
-0.11 -1.05
1.52 -0.33
0.86 -0.61
1.80 0.06
0.11 -0.66
