-0.20 0.91
0.08 1.38
0.41 1.03
1.21 0.39
0.49 1.01
-1.51 0.26
1.71 -1.02
-0.12 0.42
-1.66 -0.28
0.83 -1.42
0.05 -0.90
1.08 -1.41
2.05 -2.59
-1.46 -0.05
1.74 -0.62
0.01 0.55
-0.91 0.86
0.05 0.60
-0.82 1.57
0.96 0.29
-0.52 0.66
1.46 -0.05
-1.61 0.83
0.51 1.36
-1.98 1.84
0.70 0.32
0.40 -1.35
2.00 -1.11
-0.70 0.39
-0.42 0.36
2.16 -2.26
1.01 -0.96
0.69 -0.19
0.54 0.73
0.66 -0.34
0.72 -0.69
0.23 0.30
1.15 -1.45
-0.09 -0.15
0.58 0.90
-1.26 -0.87
1.08 -1.11
-0.54 1.05
1.50 -1.43
-0.88 -1.12
-0.48 0.87
0.96 -1.01
0.23 -0.55
0.26 -0.56
-0.79 2.31
0.66 0.92
-0.92 0.06
0.27 -0.08
2.01 -2.36
-0.29 -0.26
0.58 0.37
-0.09 0.63
-1.51 1.66
-0.85 0.38
0.53 0.06
0.52 -0.35
0.78 0.91
-0.50 0.29
0.03 0.19
1.32 -0.45
1.90 -1.18
-0.95 -0.01
2.19 -1.55
-0.21 0.70
-0.02 0.58
1.52 0.41
-0.40 0.37
-0.63 0.59
-0.58 -0.03
0.24 0.09
-0.83 -0.24
-0.11 -0.88
-0.55 -0.02
-0.17 -0.98
1.28 -1.37
0.19 -0.59
1.72 -0.88
-0.72 -0.18
0.07 1.63
1.16 -1.70
0.56 0.34
-0.72 0.29
-1.73 2.03
0.59 -1.91
1.18 -1.05
-1.60 0.51
-1.67 0.79
1.30 -0.80
0.30 -0.68
0.80 -0.72
0.35 1.39
-0.11 -0.07
-1.42 1.54
-0.02 0.54
-0.12 0.79
