-0.63 0.63
-0.73 0.73
0.05 -0.05
0.62 -0.62
1.32 -1.32
-1.59 1.59
-0.34 0.34
0.30 -0.30
1.84 -1.84
-0.46 0.46
-0.25 0.25
-0.37 0.37
0.13 -0.13
-0.52 0.52
-0.80 0.80
-0.29 0.29
-1.67 1.67
-0.87 0.87
0.79 -0.79
-0.20 0.20
-0.95 0.95
1.32 -1.32
1.44 -1.44
0.76 -0.76
1.36 -1.36
0.95 -0.95
0.38 -0.38
0.03 -0.03
1.16 -1.16
-0.03 0.03
-0.85 0.85
0.05 -0.05
-0.10 0.10
1.65 -1.65
1.57 -1.57
1.14 -1.14
-1.14 1.14
0.57 -0.57
-0.12 0.12
0.54 -0.54
-1.24 1.24
0.12 -0.12
-0.25 0.25
-1.64 1.64
-1.26 1.26
0.16 -0.16
0.02 -0.02
1.62 -1.62
-0.15 0.15
1.13 -1.13
-0.89 0.89
1.48 -1.48
-0.47 0.47
-1.20 1.20
-0.08 0.08
0.96 -0.96
0.01 -0.01
-1.11 1.11
0.12 -0.12
-1.71 1.71
0.29 -0.29
-0.92 0.92
-1.53 1.53
-0.53 0.53
-0.00 0.00
-0.09 0.09
0.33 -0.33
0.22 -0.22
1.75 -1.75
1.70 -1.70
-0.93 0.93
-0.07 0.07
1.71 -1.71
0.67 -0.67
-2.78 2.78
1.31 -1.31
2.26 -2.26
-1.86 1.86
-0.34 0.34
-0.11 0.11
-1.04 1.04
-0.99 0.99
0.38 -0.38
-0.21 0.21
0.99 -0.99
2.31 -2.31
-0.48 0.48
-0.19 0.19
0.45 -0.45
0.67 -0.67
-1.28 1.28
0.83 -0.83
0.01 -0.01
0.53 -0.53
1.29 -1.29
0.53 -0.53
0.21 -0.21
0.58 -0.58
-0.94 0.94
0.17 -0.17
