-1.35 -1.98
0.66 0.49
-1.20 -0.37
1.23 1.54
0.22 0.16
-0.92 -0.04
0.48 -1.26
0.47 0.48
1.35 0.74
0.05 -0.43
-0.94 0.30
-0.60 0.15
0.56 1.23
0.08 0.69
-0.89 -0.61
1.41 0.97
-0.64 -0.18
-0.78 -0.08
1.83 1.18
1.04 1.61
-0.14 -0.05
-1.09 -0.59
-0.49 -0.39
-1.06 -1.02
1.01 0.17
-0.23 0.21
-1.19 -0.89
-1.48 -1.64
0.05 -1.38
1.24 0.98
-1.81 0.12
1.31 1.31
-0.72 -0.35
0.17 -0.07
-1.02 0.41
-0.96 -1.35
-0.90 -1.93
-0.43 -0.42
-1.27 -1.77
0.42 -0.09
1.36 1.29
-0.84 -1.15
-0.70 -1.78
1.77 1.07
-0.71 -0.74
0.10 -0.38
-0.11 -0.00
1.42 1.58
-0.70 -0.42
1.17 0.24
0.33 0.80
-0.52 0.16
-2.31 -2.46
0.74 0.29
1.33 2.29
-0.61 0.47
0.33 1.23
-0.41 -0.54
-0.62 -0.83
-1.50 -2.51
0.87 -0.77
0.53 0.21
0.03 0.66
-0.55 -0.64
-0.92 -0.89
0.42 0.27
-0.64 -0.41
-0.87 0.62
0.43 0.82
-0.72 -0.88
-0.34 -0.13
0.91 1.55
-1.43 0.54
-1.20 0.01
-1.70 -0.57
-0.65 0.90
0.50 0.62
2.36 1.32
1.62 0.99
-0.18 -0.93
0.85 0.36
-1.83 -2.61
-0.09 -0.05
1.26 0.98
0.81 0.66
-0.05 0.25
0.22 0.03
-1.53 0.49
-1.21 0.56
-1.28 -1.29
