-1.10 -3.29
1.39 0.01
0.27 1.32
1.20 -0.28
0.08 -1.48
-0.82 -0.06
-0.42 0.15
1.18 2.12
-1.06 -0.09
1.00 0.30
-0.38 -1.30
0.45 0.07
-0.55 -1.15
0.03 0.53
1.98 -1.32
0.75 1.02
1.50 0.28
-1.42 -1.81
0.32 0.05
0.53 0.36
1.37 -0.00
-0.26 -0.57
0.01 0.12
0.61 0.53
-0.12 0.84
-0.57 0.10
0.56 1.34
-0.68 0.33
0.30 -1.57
0.31 -0.17
1.46 2.82
-2.22 -1.24
0.22 0.70
-0.39 -0.61
0.11 0.44
0.84 -1.89
0.05 0.61
0.00 -0.37
-0.67 0.19
0.14 0.30
1.13 -1.26
2.08 -0.40
1.60 -1.05
1.86 0.45
0.86 0.96
-1.00 0.10
0.42 -0.42
1.15 2.45
0.97 -0.17
-0.66 0.48
2.08 0.02
0.79 -1.09
0.77 -0.88
-1.71 0.83
1.28 1.22
-0.12 -1.35
-0.76 -0.62
0.44 -1.25
-0.97 -0.07
-0.06 -0.18
1.21 0.71
0.35 0.19
-0.46 0.41
0.74 0.44
0.11 0.93
-2.21 -0.23
0.10 2.52
-2.85 -0.52
-0.29 0.17
1.22 -0.35
-2.15 -1.53
-1.18 -0.32
0.57 0.83
-0.66 -0.69
0.84 1.32
-1.00 -1.52
-0.32 0.05
-0.65 -0.28
-0.68 -0.93
-0.43 0.23
1.30 0.87
-0.10 0.23
0.45 0.18
-0.01 -0.37
1.09 1.10
0.56 1.18
-1.04 0.26
-0.37 -0.15
0.72 -1.03
0.95 0.47
