-0.10 -0.32
-0.07 0.30
0.33 -0.39
-1.12 0.36
1.33 -1.73
-1.85 0.45
0.00 -0.38
0.55 -2.11
1.01 -0.66
-0.61 0.77
-0.53 0.80
-0.88 0.53
-0.08 -0.67
-0.71 0.29
1.27 -0.37
-0.46 1.79
0.51 -0.11
-0.54 0.12
-0.19 1.13
-0.89 0.85
-0.99 1.26
-0.12 -0.57
-0.15 0.20
-0.45 -0.31
-0.39 -0.19
0.30 -0.30
0.84 -0.80
0.74 -0.42
-2.32 2.05
-2.07 2.20
-1.15 0.59
-0.99 0.58
-1.57 1.05
0.90 -0.51
-0.51 0.13
0.19 -0.31
2.15 -2.65
0.42 -0.38
0.90 0.47
0.02 0.54
-1.49 2.11
1.81 -0.36
0.05 -0.37
1.07 -0.96
-1.03 1.67
-0.64 0.46
1.40 -0.55
-1.75 1.28
-0.33 -0.30
-1.29 1.61
