0.00 0.20
-0.24 -0.45
0.01 -0.20
-0.61 0.47
-0.02 0.38
1.55 0.53
0.80 0.41
0.99 0.32
0.26 0.57
1.18 1.04
-0.18 0.35
0.31 0.36
0.47 -0.20
-1.48 -0.72
0.23 -0.34
0.89 0.15
-1.55 -1.76
0.21 0.72
0.19 1.14
1.99 2.08
0.65 1.32
0.72 0.82
1.57 2.27
-1.77 -1.28
0.54 -0.46
-1.59 -0.53
0.57 0.93
0.14 0.75
-0.55 -1.41
-0.76 -1.03
-0.03 1.45
-1.93 -1.85
0.41 0.03
0.15 -0.81
-1.06 -0.65
0.71 0.63
1.27 0.90
-1.15 -0.95
0.12 1.08
2.72 2.08
0.93 0.68
0.40 0.11
0.96 0.91
2.07 2.51
1.65 1.55
0.13 1.03
-1.53 -1.67
0.11 -0.30
-0.22 -0.68
-1.47 0.26
-1.00 -1.80
1.79 1.98
0.93 0.45
0.13 0.01
-0.66 -0.80
2.10 0.81
-0.08 0.06
1.17 1.08
-0.65 0.10
-0.90 -1.16
-0.41 -0.32
-0.60 -2.36
0.75 0.51
0.69 0.54
-0.91 -0.93
-0.12 -0.27
-1.65 -1.01
0.29 1.12
-0.08 0.20
-0.50 0.17
1.97 0.66
0.33 1.31
-2.18 -1.93
0.27 0.05
0.47 0.61
0.45 0.51
0.47 0.98
0.46 0.46
0.40 0.48
0.90 0.75
1.06 1.35
-1.20 -0.66
-0.68 -0.85
-1.34 -1.23
0.77 -0.66
0.49 -0.03
0.62 0.06
0.88 1.57
-0.46 -0.26
0.83 0.23
