0.55 -1.54
0.46 0.70
-1.48 -0.00
-0.78 -0.74
-0.79 -0.60
1.03 -2.06
-1.24 -0.02
1.68 -2.27
-0.65 -0.93
-1.74 -0.54
0.86 -1.73
-0.32 1.01
0.58 2.30
-0.57 0.94
-1.03 -0.32
-1.37 -0.69
-0.44 1.53
-1.04 0.59
2.65 0.56
-0.14 1.38
-1.03 0.96
-1.51 0.41
2.21 1.07
-0.02 1.14
-1.15 0.03
0.71 -0.01
0.49 0.71
0.06 0.90
1.69 0.60
-0.28 -0.83
-1.41 0.42
0.29 -1.02
0.03 -0.57
-1.06 0.89
-0.51 -0.11
-0.01 -0.97
-1.33 0.72
-0.29 1.25
0.02 -0.37
0.48 1.52
-0.25 -0.64
0.70 0.25
-0.25 0.63
-0.48 1.63
0.58 -1.66
1.98 0.15
0.19 0.06
-0.40 -0.11
-0.57 0.52
0.63 -0.41
