0.19 0.19
-1.92 1.65
-0.63 0.90
1.69 -0.76
-1.60 1.24
0.95 -1.70
0.24 0.09
0.02 -0.59
1.84 -2.03
-1.38 0.22
-0.86 0.91
0.10 -0.14
0.32 0.96
0.28 -0.74
-0.10 0.37
-0.12 -0.37
-0.33 0.67
-0.18 1.37
-0.84 0.99
-0.10 -0.02
-1.69 2.17
1.36 -1.13
-0.26 0.12
0.62 1.02
-0.16 -0.84
0.84 -1.09
-1.98 1.56
-1.72 -0.12
0.51 -0.60
0.69 -1.23
-0.17 -0.34
1.89 -0.26
-0.21 0.23
-0.56 -0.24
-0.85 0.19
-1.42 1.23
0.44 0.58
-0.12 0.23
0.61 -1.35
1.18 0.82
-0.83 -0.21
-1.16 0.68
2.07 0.61
-0.23 1.07
-1.60 -0.18
1.76 -1.03
-0.69 -0.18
-0.51 0.69
-0.68 0.54
-0.23 1.87
-0.20 0.01
-0.15 -0.15
0.41 -0.10
-0.33 -0.11
0.37 0.53
-1.24 1.80
-0.25 1.03
-0.95 0.03
0.98 -2.30
1.25 0.09
0.85 -2.17
-0.22 0.35
2.66 -1.04
0.12 0.94
0.02 1.23
-0.93 0.91
1.53 -1.11
0.28 0.14
-1.08 0.23
-1.56 0.62
0.70 0.39
-0.53 0.78
0.79 -0.63
-1.26 0.21
1.55 -1.40
-0.24 0.73
-0.70 -1.05
0.15 -1.55
-0.26 -0.41
1.08 -2.25
-0.20 -0.20
0.17 1.65
-1.08 1.35
0.08 -0.40
0.16 -0.87
-1.76 2.15
0.66 1.00
-0.03 0.25
0.96 -0.93
-0.79 -0.44
-0.60 -0.09
-1.26 0.43
0.89 -1.20
0.11 -0.49
-1.46 1.48
-1.37 2.18
1.33 0.06
0.18 0.05
-1.84 1.57
1.33 -0.21
