0.05 0.32
0.21 -0.38
1.45 -0.72
1.41 -1.33
0.18 0.24
-0.52 0.77
-1.10 1.11
0.76 -0.68
1.49 -1.58
0.86 -0.42
-0.30 0.16
2.90 -2.04
0.55 -1.13
0.30 0.12
0.64 -0.45
-1.70 1.05
0.65 -0.45
-1.09 1.04
-0.27 -0.60
2.36 -1.88
0.99 -0.95
-0.26 -0.26
-0.29 1.45
-1.15 1.76
0.93 -0.95
-1.26 1.12
-0.40 0.95
0.53 -1.07
-1.81 2.24
0.97 -1.16
-0.02 0.59
0.62 -0.95
2.31 -1.85
-1.58 1.68
0.61 -0.77
1.19 -1.23
1.27 -0.83
1.16 -1.65
-1.45 0.80
0.03 -0.34
-1.41 1.12
-0.18 0.38
1.45 -1.48
-0.91 1.23
-0.24 0.85
1.96 -2.50
-1.03 0.19
-0.32 0.19
-2.35 2.39
0.09 0.10
0.20 0.34
-0.43 0.14
-0.46 -0.02
0.00 0.21
0.43 -0.77
-0.45 0.78
0.32 -0.36
0.57 -1.17
0.04 -0.23
-0.31 0.33
-1.89 1.55
1.24 -1.62
-0.40 -0.04
-0.72 0.65
-0.20 0.39
0.06 -0.01
0.45 -1.24
-0.46 0.03
0.33 0.11
0.95 -1.08
0.12 -0.72
-0.50 -0.02
-0.42 0.03
0.55 -0.20
-0.35 1.02
-1.62 1.67
1.12 -0.53
-1.77 1.29
-0.39 1.08
-0.01 0.43
-0.34 0.47
-1.13 0.33
-0.81 0.84
-0.53 0.46
-0.44 0.46
-1.22 1.03
-0.67 0.35
0.57 0.03
2.21 -2.28
-0.72 0.31
0.45 -1.12
-1.48 1.23
-0.38 0.34
0.26 0.06
0.32 -0.08
-0.77 -0.14
0.80 -0.41
-0.57 0.82
0.01 1.19
0.15 -0.15
