-0.42 0.69
-1.90 2.16
0.22 -0.27
-1.22 1.20
-0.98 1.11
0.03 -0.55
0.63 -0.03
1.82 -1.37
-1.51 1.30
1.50 -1.55
-0.78 0.45
-2.02 2.27
-0.96 -0.01
0.85 -0.06
0.60 -0.28
0.44 0.20
2.30 -1.31
1.01 -1.30
-0.72 0.20
-1.02 0.94
-0.63 1.27
1.35 -0.50
0.42 0.25
-1.26 0.48
0.38 0.01
0.94 -0.50
0.81 -0.15
0.23 -0.20
-0.32 0.15
1.26 -0.50
1.44 -1.55
-2.13 2.17
1.47 -2.05
1.82 -1.92
0.11 0.71
-1.10 0.71
0.82 -0.83
0.37 -0.10
-0.87 1.20
-0.32 0.08
-0.74 0.19
0.15 -0.27
-0.04 0.42
0.32 -1.09
-0.58 0.33
0.86 -0.36
-1.52 2.02
-0.05 0.05
1.60 -1.35
0.39 -0.67
0.50 -0.79
0.16 -0.44
0.02 0.46
-0.17 0.41
-0.17 -0.70
-1.49 0.84
-0.45 0.19
0.78 -0.75
1.18 -1.15
2.18 -2.54
0.64 -0.91
0.83 -0.33
-0.83 0.92
0.55 -0.39
-1.12 0.24
0.11 -0.26
0.94 -0.85
-0.46 0.85
-0.56 0.53
-0.44 0.53
0.92 -1.38
0.17 0.69
0.82 -0.31
0.85 -0.23
-0.73 0.64
-1.09 1.52
-1.00 1.02
-2.07 2.42
0.53 -0.31
0.40 -0.55
1.22 -1.20
-0.65 0.44
1.51 -1.10
2.13 -1.76
-0.53 1.11
-0.74 0.65
-0.82 1.18
-0.13 -0.06
0.48 -0.48
-0.96 1.44
-0.42 -0.38
-0.13 -0.00
-1.56 1.53
-0.85 1.33
-0.04 -0.80
-1.05 1.57
-0.94 0.33
0.64 -0.64
-0.46 0.54
0.04 -0.58
