0.92 -0.74
-0.60 0.74
-1.66 1.56
0.94 0.05
-0.38 0.64
0.33 0.58
-0.31 1.01
1.68 -2.62
-0.41 0.67
-0.95 1.25
-1.43 1.05
-0.48 -0.06
0.40 0.16
-0.63 1.28
-1.36 1.04
1.50 -1.80
-2.05 2.16
0.53 -0.88
1.49 -0.70
-1.78 1.68
0.18 1.19
-0.01 -0.24
-1.27 1.87
0.18 0.12
-0.79 -0.18
0.16 -0.69
0.32 0.98
0.65 -0.96
-0.31 0.33
0.14 -0.49
0.37 0.91
-0.77 0.56
-0.51 0.21
2.03 -1.26
-0.16 -0.22
-1.61 0.88
-0.46 0.62
-0.36 0.59
-1.00 1.04
0.89 -1.25
0.79 0.53
-0.59 0.78
1.00 -0.61
0.30 0.20
1.07 -0.77
0.82 -0.52
-0.63 1.31
0.85 -1.68
-1.84 2.02
-0.38 0.55
1.70 -1.82
-1.48 0.74
0.05 -0.84
0.76 -0.77
-2.10 1.27
2.03 -1.96
-0.51 0.43
0.67 0.97
-0.09 0.02
0.19 -0.88
1.04 -1.12
-0.29 -0.12
-1.15 1.35
-1.04 1.30
-0.37 -0.21
-1.42 0.33
-0.32 0.50
0.45 0.19
-0.61 -0.23
0.25 -0.46
-0.67 0.42
-0.85 -0.80
0.20 0.03
1.19 0.09
-0.57 0.85
0.08 0.07
-1.91 0.95
-0.06 0.62
0.22 -1.35
2.55 -2.37
-0.11 1.16
-0.26 0.17
-1.05 0.74
0.77 -0.79
-2.23 1.86
0.22 0.21
-0.69 0.59
-0.36 -0.22
0.46 -1.04
1.22 -0.36
