-0.27 -0.64
0.11 -0.85
-1.81 1.63
-2.40 -0.90
-0.64 -0.21
0.52 -0.18
-0.94 0.20
0.43 0.44
-0.14 -0.01
-0.95 -1.29
-1.01 1.07
1.49 -1.10
0.67 -1.04
-1.21 -1.04
1.50 -1.06
0.00 -0.98
1.13 0.18
-0.18 2.06
0.04 0.10
0.99 0.55
-0.55 -0.41
0.68 0.63
1.92 0.00
1.56 0.34
-0.98 -0.30
1.38 0.22
-0.35 -1.75
0.96 0.19
-0.20 -0.73
1.59 -1.03
0.14 0.17
0.34 -0.98
0.77 0.82
1.18 0.14
-1.09 -0.21
-0.68 -0.46
0.93 0.30
1.61 1.11
-0.26 -0.25
-1.55 -2.60
-1.07 -0.48
-0.74 -0.04
1.12 1.55
0.39 0.09
0.35 0.03
0.71 -0.90
-0.50 -1.08
-0.96 1.18
0.83 0.95
-0.52 -3.43
