0.08 -0.22
1.02 -1.68
-1.21 1.47
-0.44 0.89
0.14 0.06
0.19 -0.60
0.93 -0.04
0.62 1.34
2.50 -0.54
-1.49 0.53
-0.02 -0.01
1.28 0.84
-0.96 1.49
0.04 1.09
-0.18 0.31
0.57 -0.87
0.17 1.10
0.34 0.81
0.84 -1.83
-1.04 -0.02
-0.22 0.14
0.80 -1.50
1.90 -0.04
-0.55 -0.88
0.09 1.14
0.42 0.07
1.17 -0.07
-1.30 0.16
-0.11 0.03
-0.12 -2.12
2.04 -0.69
-0.06 0.28
0.44 0.07
1.01 -0.02
0.45 -0.92
-0.80 -0.22
-0.94 0.58
1.62 -1.00
0.34 -0.05
-1.29 -0.44
-0.50 -0.26
1.08 -1.04
-1.83 1.74
-1.26 2.47
0.35 0.07
-0.16 -1.08
-1.45 0.29
0.12 -0.77
-1.03 1.28
-1.90 2.44
