0.55 -0.82
1.22 -0.10
0.04 -0.60
-1.08 -0.09
-0.68 -2.58
0.62 -0.36
0.90 -1.22
-1.74 2.38
0.84 -1.31
-0.40 -1.31
-0.94 -0.32
0.63 -0.15
0.18 -1.42
0.77 -1.21
2.82 -2.43
-0.78 0.88
-0.23 0.19
-1.55 1.43
-0.48 -0.51
-0.16 -1.85
-0.02 -0.52
-2.06 -0.23
0.29 -1.67
-0.20 0.19
0.21 -1.63
0.52 1.45
-0.64 -0.85
-0.64 0.64
1.18 0.34
0.91 0.08
0.38 0.18
0.11 0.07
-0.79 0.14
0.28 0.87
0.27 1.01
-0.01 0.35
-0.25 1.37
1.60 -1.06
-0.64 -1.43
-3.09 0.57
-0.08 0.05
-0.25 -0.06
-0.66 1.04
0.02 0.44
-0.73 -0.64
1.30 -0.56
-0.73 -0.80
0.83 0.00
1.73 -2.19
-0.74 0.85
1.48 -0.12
-0.29 -0.21
1.39 0.70
-0.47 0.94
-0.28 1.26
0.10 -0.25
0.60 0.11
0.16 -2.64
0.80 -0.28
0.15 -1.52
0.43 0.52
1.20 0.49
-1.04 0.08
-1.74 1.43
0.24 1.26
-1.33 0.70
1.39 -0.33
-1.40 0.60
0.31 0.47
0.78 -0.74
1.83 -0.62
0.16 0.33
1.16 0.36
0.80 -0.99
-0.17 -1.32
0.39 0.65
-0.05 -0.04
1.30 -0.56
0.14 -0.57
0.34 1.04
0.15 -0.44
-2.36 1.59
-0.48 -0.13
-0.10 0.47
-2.11 1.29
-1.05 1.25
0.00 0.66
0.29 -1.62
0.49 -0.47
-1.07 -0.85
-0.86 -1.04
0.95 -0.35
0.17 -0.32
-0.12 0.51
1.12 0.36
2.02 -1.69
1.60 -1.64
0.61 -0.59
-1.38 0.15
0.27 1.13
