-1.37 1.67
-0.04 -1.47
0.71 0.40
-0.45 0.17
-2.09 2.07
0.23 1.26
0.11 0.27
-1.10 0.23
0.24 1.86
-1.66 1.17
-0.11 0.42
-0.18 -0.76
0.27 -0.75
1.44 -0.13
-0.91 0.04
-0.72 2.16
0.41 1.23
-0.20 0.85
1.87 -2.58
1.04 -0.32
0.63 -0.39
1.15 -0.38
-0.49 0.98
1.94 -1.40
-0.21 0.52
-1.79 1.51
-0.09 0.18
1.34 -1.13
1.17 -0.49
0.58 -0.33
-0.58 0.22
0.90 -0.82
-0.16 0.18
-0.44 -0.20
-1.80 -1.47
-0.71 0.20
-0.10 0.20
-0.61 0.02
0.42 0.29
0.60 -0.50
0.68 1.28
-0.67 1.78
0.67 -0.26
0.16 1.20
0.56 0.50
-0.55 0.76
-1.96 2.12
0.75 0.62
1.16 -0.74
-0.13 -0.72
0.58 -0.06
0.49 -0.55
0.24 -1.15
-0.11 -1.27
0.71 -1.69
-0.98 1.01
0.81 -1.49
0.96 0.24
0.51 0.26
0.94 -1.31
0.80 -0.10
-1.55 0.20
0.25 0.28
2.09 -2.09
-0.22 -0.44
0.99 1.13
0.58 -0.91
-1.08 0.57
1.34 0.09
-2.13 1.32
-1.58 1.88
-0.59 0.44
0.32 -0.86
-0.69 0.53
1.36 -0.67
-1.68 -0.07
-0.10 0.59
2.00 -1.21
-0.55 -0.79
-1.26 1.28
-0.01 0.04
-0.59 0.79
-1.03 0.69
0.08 -0.73
1.56 -1.33
-0.36 -0.65
-0.77 0.76
-1.59 1.02
0.77 -0.70
-1.24 0.79
