1.05 -1.05
0.58 -0.58
-0.21 0.21
0.42 -0.42
-0.09 0.09
-2.54 2.54
-0.41 0.41
-0.06 0.06
-1.76 1.76
-1.87 1.87
0.01 -0.01
1.76 -1.76
0.28 -0.28
-0.13 0.13
0.25 -0.25
0.10 -0.10
-0.51 0.51
0.38 -0.38
0.25 -0.25
-0.09 0.09
0.45 -0.45
0.29 -0.29
-0.14 0.14
-0.39 0.39
0.79 -0.79
0.55 -0.55
-0.20 0.20
-0.91 0.91
0.00 -0.00
-0.56 0.56
-1.84 1.84
-0.88 0.88
-0.60 0.60
0.98 -0.98
1.13 -1.13
2.32 -2.32
-0.87 0.87
-2.20 2.20
1.37 -1.37
-1.39 1.39
0.59 -0.59
-0.94 0.94
-0.30 0.30
-0.78 0.78
1.38 -1.38
-1.63 1.63
-0.82 0.82
0.34 -0.34
-0.43 0.43
0.50 -0.50
-0.45 0.45
-1.42 1.42
-0.20 0.20
0.38 -0.38
1.25 -1.25
-1.02 1.02
-1.45 1.45
-0.35 0.35
0.15 -0.15
1.52 -1.52
0.16 -0.16
-0.81 0.81
0.80 -0.80
0.08 -0.08
-1.64 1.64
-0.15 0.15
-0.02 0.02
0.75 -0.75
-1.42 1.42
0.63 -0.63
0.79 -0.79
2.26 -2.26
1.29 -1.29
-1.56 1.56
0.02 -0.02
0.01 -0.01
0.80 -0.80
0.21 -0.21
-0.97 0.97
0.96 -0.96
-0.04 0.04
0.99 -0.99
0.32 -0.32
-0.35 0.35
-0.50 0.50
1.00 -1.00
0.31 -0.31
2.29 -2.29
-0.28 0.28
1.62 -1.62
