-0.91 1.56
-0.87 0.80
1.18 -1.32
0.80 -0.47
0.50 -0.65
-0.62 0.59
-1.23 1.51
-1.72 1.53
0.82 -0.96
0.56 -0.19
0.15 0.09
-0.57 0.06
1.01 -0.94
0.32 -0.80
0.42 -0.65
-0.41 0.92
-1.21 1.34
0.77 -1.22
-0.38 0.10
0.90 -1.27
0.48 -1.31
-0.72 0.33
1.81 -0.70
0.88 -0.94
1.10 -0.78
-0.62 0.02
0.14 -0.21
-1.75 2.21
-0.12 0.12
-0.91 0.17
-1.26 1.68
0.94 -0.31
0.35 0.00
-1.42 1.19
-0.56 0.71
2.33 -2.40
1.35 -0.68
0.14 -0.11
-0.06 -0.54
-0.79 0.48
-2.64 1.65
1.52 -1.40
2.00 -0.47
-0.55 0.09
1.22 -0.85
0.38 -1.07
-0.87 0.17
0.37 -0.80
-0.51 0.49
0.45 -0.24
1.68 -2.21
0.96 -0.34
-0.16 -0.04
-0.50 -0.66
0.40 0.41
1.03 -1.41
-0.66 0.66
0.86 -0.65
-0.49 0.39
-0.58 0.27
-0.98 0.86
2.49 -2.69
-0.98 1.37
0.47 -1.18
-0.20 0.39
0.03 -0.70
1.72 -1.55
-0.37 0.27
-0.55 0.38
-0.28 -0.17
-0.92 1.10
2.32 -2.28
-0.42 0.66
-0.61 0.50
-0.13 0.84
-0.09 0.39
-0.15 0.04
-0.94 1.12
1.46 -0.94
-0.39 0.90
-0.50 -0.21
0.02 -0.43
-0.55 0.56
2.41 -2.53
0.42 -0.64
0.11 0.07
-1.55 1.14
-0.36 0.70
-0.05 0.36
-0.45 0.30
-0.47 0.42
-1.66 2.11
0.27 0.30
0.40 -0.54
0.99 -1.10
1.02 -0.35
-0.65 0.73
-0.68 0.53
-0.74 0.82
-1.03 1.28
