-0.11 -0.03
-1.42 1.05
-0.71 1.17
-0.27 0.77
-0.83 0.21
-1.24 1.58
-0.72 0.17
0.28 -0.26
-0.12 0.57
-0.95 0.68
-0.36 1.16
-1.15 0.23
-0.18 1.46
-1.30 0.10
-0.22 0.61
-2.34 1.04
0.80 -1.26
-1.69 0.73
1.74 -1.26
-0.53 0.31
0.10 -0.28
1.35 -2.84
-1.81 1.59
-0.90 0.60
0.19 -1.35
-0.85 0.18
-0.12 0.67
0.84 -1.70
-0.83 0.65
-0.72 0.23
-0.75 0.16
-0.78 1.51
1.89 -2.04
1.03 -0.41
1.82 -1.23
0.14 0.21
0.52 -0.10
-0.80 0.80
-0.74 0.87
-1.93 2.03
1.06 -0.54
0.11 -0.37
0.20 0.25
-0.06 1.30
0.91 -0.60
0.40 0.59
-0.87 1.09
-0.16 -0.45
-0.33 0.28
1.31 0.24
-0.21 0.82
-0.82 0.09
-0.66 0.43
0.25 -1.48
-0.49 0.50
-0.76 0.36
-1.13 1.26
0.87 -0.20
0.53 0.20
2.07 -1.81
-1.07 0.53
-0.16 -0.04
1.03 0.12
0.02 -0.24
-0.25 -0.20
1.46 -1.88
0.16 -1.00
1.09 -2.21
-1.00 1.28
-0.04 0.50
0.49 -0.68
-0.66 0.75
0.51 -0.77
1.23 0.15
0.66 -0.28
0.44 -0.89
1.37 -1.53
0.83 -1.02
0.97 -0.80
0.84 -0.78
2.11 -2.46
-0.25 -0.75
0.08 -0.61
-1.02 0.59
1.06 -1.21
-0.16 1.01
1.28 -0.78
2.28 -1.37
-1.05 0.82
-0.18 0.41
0.49 -0.30
-2.38 1.35
2.00 -1.92
-1.26 1.24
0.47 -0.09
0.32 0.21
-0.26 0.83
-0.91 0.96
0.19 0.78
0.73 -0.22
