0.66 0.05
0.03 0.03
-1.79 1.10
0.91 0.24
1.45 -1.09
0.30 -0.16
0.39 0.79
-0.42 -1.24
-0.40 -1.04
1.84 -1.11
1.71 -0.74
1.02 -0.35
-0.58 0.08
-0.15 0.40
-1.82 1.17
-0.42 0.83
-0.29 -1.00
0.58 0.69
-0.71 -0.02
0.02 0.94
1.03 -1.50
2.29 -0.43
0.97 -0.36
1.29 -1.39
0.57 0.49
-0.20 0.75
0.82 -1.77
0.06 0.04
0.86 -0.57
0.77 -0.67
-2.08 2.03
-1.88 -0.70
-1.34 1.08
0.77 -0.59
0.07 0.43
0.04 -0.29
-0.05 -0.94
0.45 -0.47
-0.80 0.03
1.21 -1.13
0.52 -0.02
2.65 -2.92
-1.01 0.81
-1.01 0.41
0.80 -0.09
0.25 -0.17
-1.27 0.25
0.66 -1.40
-1.39 0.60
-0.07 0.05
-0.06 0.25
0.77 -0.70
0.20 -1.22
1.52 -1.14
-0.52 0.47
0.76 0.57
-0.19 -0.81
0.37 -0.79
-0.25 0.13
-0.10 -0.05
0.74 -1.48
-0.58 0.02
0.86 -0.41
0.99 0.33
1.29 -0.86
0.94 0.01
-0.71 2.03
1.66 -1.76
0.20 0.27
-0.73 0.41
-0.14 0.30
-0.59 3.02
-1.27 1.47
0.22 -0.27
0.51 -0.25
0.13 -0.61
-0.10 -1.83
-2.58 2.14
-0.66 0.88
0.13 0.41
1.27 -2.09
0.58 -1.11
0.79 -1.20
-0.10 -0.49
2.07 -0.56
-0.70 0.39
-1.14 0.24
-0.01 1.57
0.36 -1.67
-0.99 0.09
-1.57 0.51
-0.79 1.57
-0.47 -0.78
1.37 0.98
1.66 -0.54
-0.72 0.03
-0.72 -0.13
0.42 -1.18
-1.06 -0.50
-1.09 1.82
