-0.16 -0.97
1.51 1.57
0.20 -1.49
-0.84 0.14
-1.29 0.19
-1.40 -0.53
-0.23 0.11
0.54 -1.34
0.67 1.14
0.51 1.51
1.86 0.81
-0.40 -0.80
-1.49 0.09
0.46 1.17
-0.15 0.08
0.70 1.54
0.29 1.09
-0.12 1.47
-0.06 -0.64
0.03 0.22
1.01 -0.95
-1.89 -0.11
0.60 0.62
-0.21 -0.30
-1.09 1.22
-0.91 -1.31
1.95 0.85
-1.61 -2.04
-1.18 -0.63
0.81 -0.21
-1.02 -0.05
0.42 0.69
-0.94 -1.06
-1.14 -0.00
-1.55 -1.33
-0.75 -0.48
-0.15 0.95
0.36 0.53
-1.27 1.22
0.94 -1.26
-0.09 -1.02
1.23 0.81
-1.75 2.06
-1.22 -0.50
1.46 1.21
0.60 -0.75
1.70 -1.66
-0.09 -0.55
0.27 0.81
-0.26 0.48
