0.03 0.69
0.44 -0.47
-0.19 -0.16
1.87 -1.89
-1.74 1.83
-0.48 0.83
1.44 -0.87
-0.13 0.22
0.11 -0.94
-0.43 0.59
-0.02 -0.02
0.99 -0.40
0.78 -0.93
0.86 -0.74
1.00 -0.74
-0.21 0.34
-0.15 0.11
1.07 -0.93
0.24 -0.57
0.18 0.54
0.12 1.09
0.09 -0.02
2.95 -1.59
1.23 -1.30
-0.88 0.91
-0.78 1.14
-0.14 0.51
-1.06 0.85
1.27 -1.57
0.40 -0.43
-0.00 0.23
-0.44 0.04
1.24 -1.37
0.69 -0.47
-1.20 1.24
-0.26 0.27
1.57 -1.22
-0.26 0.86
-1.15 0.75
0.65 -1.62
0.98 -0.30
-0.44 0.60
-1.60 1.35
1.40 -1.63
-0.85 1.43
-0.68 0.31
0.40 -0.00
2.83 -2.54
1.03 -1.02
0.13 -0.18
-1.12 1.38
-1.39 1.44
-0.50 -0.03
0.22 -0.55
0.45 0.54
-0.65 1.22
-1.58 1.60
-0.66 0.74
-0.26 0.33
0.81 -1.68
0.81 -0.29
0.38 -0.40
-0.06 0.23
1.61 -1.07
-1.04 1.84
0.26 -0.42
-0.39 0.91
0.21 -0.05
0.13 -0.07
-1.40 1.88
0.82 -1.08
0.81 -0.84
0.83 -1.03
-0.38 0.11
1.30 -1.96
0.84 -1.43
-1.71 1.66
-0.57 0.25
-1.71 1.31
1.41 -1.02
1.18 -0.49
1.14 -0.93
0.25 -0.94
0.42 -0.21
-2.04 1.05
-0.79 0.71
-1.57 0.92
-0.66 0.59
-0.62 0.31
-0.04 0.43
