0.65 -0.53
-1.06 -0.98
0.98 -0.33
-0.52 -0.48
-0.15 0.17
-0.46 0.63
-1.46 -0.55
-0.44 -1.63
-1.25 0.51
-1.57 0.85
1.90 -0.75
0.91 -1.66
1.54 2.20
-0.20 1.99
-1.53 0.51
0.05 -0.33
0.90 0.45
-1.04 -0.95
-1.44 0.36
-0.92 -1.60
-0.22 2.22
-1.96 -0.29
1.13 0.21
1.15 -0.57
-1.35 0.44
-1.15 1.24
-0.18 -1.03
-1.54 -0.53
-0.32 0.40
0.25 0.14
-0.53 -0.93
-1.42 -0.25
-2.01 -0.76
0.79 2.43
1.33 0.35
-0.37 0.44
0.95 1.17
0.87 0.31
1.03 1.68
0.21 -0.67
-0.62 -0.35
-1.02 -0.39
0.21 -0.58
-1.10 -0.04
0.78 -0.19
1.79 2.12
1.59 -0.38
0.51 -0.54
-0.80 -1.10
0.51 0.01
-0.39 -0.68
-1.25 -0.90
0.03 0.31
-0.54 -1.41
0.27 1.27
0.03 1.17
0.47 0.22
-0.35 -1.00
0.83 -1.23
-1.37 -0.92
0.28 -0.73
1.41 0.03
-0.61 -2.78
1.76 0.86
-0.71 -0.13
-0.02 1.39
0.34 -1.72
0.02 0.73
-0.89 0.82
2.34 -0.77
-0.10 -0.24
1.32 0.41
1.85 -0.13
-0.43 -0.83
-1.33 -0.94
-0.35 1.05
0.14 -1.75
0.47 -0.99
-0.61 1.12
-0.18 1.52
-0.49 -1.56
0.77 -0.19
0.00 0.72
-0.14 -0.83
0.03 0.61
0.44 0.14
-1.07 -1.36
-0.88 -0.88
0.21 0.71
-1.02 -0.25
0.97 1.23
1.01 -0.62
0.18 0.84
-2.07 0.71
-1.01 -0.03
1.65 -0.12
-1.81 -1.48
-0.32 0.78
0.49 0.86
-0.42 -0.51
