-0.67 0.50
-2.03 0.02
-0.81 -1.61
-1.73 -0.01
-0.11 2.09
1.16 0.04
0.21 -0.28
-1.76 -1.98
-1.42 -0.08
0.82 -0.81
-0.13 -0.28
0.09 -1.62
-0.70 0.36
0.55 1.36
0.58 1.42
-0.66 -0.91
-0.84 0.17
1.95 -1.08
0.89 -0.93
-0.10 0.98
0.17 -0.00
-1.02 1.83
0.48 -1.20
-0.20 -0.93
-0.29 0.10
-0.96 0.03
0.20 -0.27
-1.43 2.19
-0.33 1.00
-1.63 0.12
-0.80 0.68
-0.34 0.27
0.86 1.01
1.35 0.22
-0.72 -0.52
-2.86 -0.44
-1.53 -0.38
0.64 -0.62
-2.20 0.28
1.45 2.14
-0.51 -1.02
-0.18 -0.73
-0.63 0.26
-0.96 0.71
-0.95 1.43
0.62 -0.43
-0.43 0.22
-0.58 0.55
-1.71 0.22
-0.37 -2.03
