-0.78 0.19
-0.89 -1.25
0.63 1.42
1.31 -0.18
0.63 -0.87
-2.10 -1.64
-0.37 1.31
0.32 -0.28
-1.46 -0.08
0.80 1.10
0.30 0.72
0.02 1.08
-1.82 -0.37
0.21 0.39
0.10 0.06
0.85 1.01
-0.09 1.24
1.44 1.53
-0.30 0.11
-0.99 -1.37
-0.46 -0.91
-0.84 -1.40
1.02 1.15
-0.35 -0.35
0.50 1.70
-0.99 0.16
-1.04 1.09
0.18 -0.09
1.10 -0.35
0.54 0.60
1.72 0.14
-1.21 0.33
-0.35 -0.61
-1.58 -0.63
-2.32 -1.45
-0.08 0.67
-0.26 -1.12
-0.64 1.12
0.98 1.33
-0.61 -0.78
1.10 0.21
0.68 1.76
0.42 -0.44
0.03 0.79
0.50 0.26
0.50 -0.14
0.43 -0.47
-1.91 -2.11
0.25 -0.21
-0.37 0.84
-0.55 -1.99
-0.14 -0.24
0.06 -0.15
-0.97 -1.48
1.79 0.40
0.40 1.02
0.39 0.42
-1.95 -0.56
-1.52 -0.52
1.02 0.68
-1.47 -1.02
0.20 0.02
0.22 0.07
-1.64 -1.45
-1.55 -0.45
-0.26 -1.25
0.56 1.00
-1.54 -0.17
0.20 1.57
-1.53 -1.41
0.76 2.42
-0.46 -0.21
-1.08 -0.63
0.15 -1.26
-1.39 -1.33
-2.35 -2.20
-1.38 -1.51
-0.52 -1.52
1.20 -0.94
0.33 -0.46
0.47 1.16
-1.36 0.16
1.44 -0.17
-0.88 -0.55
-0.23 1.15
0.44 -0.30
2.01 1.77
-0.32 -0.57
0.13 0.99
0.48 -0.15
1.11 -0.62
-1.32 0.24
2.43 -0.04
0.62 -1.49
-0.19 1.82
-0.49 0.12
-0.00 -0.89
-0.51 -1.13
-0.19 -0.43
-0.17 0.06
