0.82 0.29
-1.80 -0.19
0.36 0.44
0.43 0.15
-0.14 -1.44
-1.08 -1.25
2.18 1.76
0.74 0.96
1.13 0.15
1.27 0.27
-0.62 0.18
-1.04 0.13
-0.94 -0.63
-0.49 0.69
1.57 1.94
-0.28 0.96
-0.75 2.22
2.17 -0.22
1.76 0.53
0.11 1.54
0.36 1.45
-0.33 -0.96
-1.87 -0.79
-0.09 -0.14
-0.93 -1.22
0.85 -0.09
-0.55 -0.48
-0.72 1.06
1.03 -0.54
-0.25 1.46
-0.67 -0.69
-0.21 -1.16
-1.60 -1.35
-0.91 -0.32
-0.41 -0.87
1.73 1.74
-0.45 0.77
0.72 2.16
-0.84 0.29
-0.75 -1.33
-0.50 -0.89
1.79 2.01
1.06 -0.34
-0.17 -0.62
-0.67 -0.37
-0.03 -1.77
-0.51 -2.00
1.46 0.94
0.06 -0.42
0.38 -0.07
0.56 0.67
0.39 0.59
0.67 0.88
0.26 -0.17
-1.33 -0.14
0.34 0.58
1.65 0.24
-0.04 -0.29
-0.74 -0.12
-2.13 -1.73
0.76 1.05
-0.69 0.82
-0.56 -1.17
-0.58 -1.03
2.14 0.55
0.28 0.60
1.18 1.18
-0.82 -0.83
2.15 1.93
-0.09 -0.44
1.23 -1.11
-1.49 -0.74
-1.27 0.20
-1.39 -0.83
1.32 -0.94
-0.51 -1.74
0.85 -0.45
-0.18 -0.62
0.53 2.14
0.23 0.95
1.68 0.30
-0.67 -0.64
-0.67 -0.54
-0.38 -0.45
-0.69 0.43
0.60 -0.51
-0.16 0.67
-0.57 -0.80
-1.30 -1.02
-1.20 -0.52
0.46 0.44
1.09 1.62
0.55 -0.28
-1.58 -1.58
-0.87 0.68
-0.01 -1.34
0.59 0.60
-0.60 -1.05
-0.91 0.01
-0.49 0.04
