0.47 -0.98
-0.61 1.97
-1.02 -0.17
1.10 -0.82
-0.16 1.32
0.27 1.39
0.11 0.19
-1.62 -0.50
1.73 3.58
-0.79 -0.31
0.83 1.29
0.17 0.27
1.55 -0.93
0.66 -1.05
0.10 0.67
1.37 1.50
1.30 0.11
0.57 -0.62
0.14 -0.93
1.68 -0.16
0.31 -0.57
0.25 0.09
0.36 -0.18
0.30 1.27
-1.11 -1.10
1.88 1.43
-0.36 -0.98
-1.10 -0.27
-2.35 0.91
0.42 0.31
-0.44 -0.12
0.61 -0.38
-0.82 0.98
-0.40 -1.53
0.46 0.69
0.70 1.12
-1.29 -0.02
0.28 0.71
0.03 -0.05
0.27 -0.04
-2.24 -0.00
-1.59 0.34
0.40 -0.76
-0.31 -1.51
2.40 1.00
0.16 -1.08
-0.33 0.29
0.86 -0.75
-0.56 -0.84
0.42 -0.89
