2.46 2.46
-0.28 -0.28
1.09 1.09
-0.39 -0.39
0.53 0.53
0.75 0.75
-1.43 -1.43
-0.26 -0.26
1.66 1.66
-0.34 -0.34
0.59 0.59
-0.55 -0.55
-0.00 -0.00
2.23 2.23
-0.06 -0.06
-0.92 -0.92
-0.89 -0.89
0.99 0.99
0.03 0.03
0.24 0.24
-0.73 -0.73
-0.50 -0.50
-1.37 -1.37
0.19 0.19
-0.12 -0.12
-0.47 -0.47
-1.54 -1.54
-3.31 -3.31
-0.39 -0.39
1.08 1.08
0.89 0.89
-0.27 -0.27
-0.82 -0.82
0.29 0.29
-0.96 -0.96
0.98 0.98
0.97 0.97
-0.37 -0.37
-0.71 -0.71
0.29 0.29
0.25 0.25
-0.28 -0.28
-0.40 -0.40
-1.10 -1.10
1.45 1.45
0.77 0.77
0.12 0.12
-0.16 -0.16
0.42 0.42
-0.33 -0.33
-1.08 -1.08
-0.61 -0.61
1.09 1.09
1.84 1.84
-1.22 -1.22
0.73 0.73
0.53 0.53
-0.32 -0.32
0.37 0.37
1.99 1.99
0.06 0.06
-0.41 -0.41
-0.47 -0.47
-0.53 -0.53
1.12 1.12
-0.84 -0.84
0.10 0.10
-0.01 -0.01
1.89 1.89
-0.02 -0.02
-0.09 -0.09
1.84 1.84
0.96 0.96
-0.22 -0.22
1.32 1.32
-0.08 -0.08
0.16 0.16
0.41 0.41
0.23 0.23
-0.71 -0.71
0.12 0.12
-0.82 -0.82
2.83 2.83
-0.48 -0.48
-0.74 -0.74
-1.11 -1.11
-1.09 -1.09
0.93 0.93
-1.58 -1.58
-0.63 -0.63
