0.58 -0.45
1.44 0.77
-0.76 2.32
0.80 -0.68
-0.94 1.78
1.58 -0.57
0.56 1.37
-0.14 0.15
1.16 -2.08
-0.30 1.82
2.02 1.01
1.69 -0.43
-1.14 0.47
-0.64 -0.36
-0.64 -0.35
1.13 -0.54
-0.12 -0.43
0.56 0.56
-1.21 -0.93
-0.24 -0.26
-0.68 -0.74
0.72 -0.59
-0.78 0.32
1.07 -0.34
1.53 -0.67
0.30 -0.12
-2.93 -0.04
0.19 0.17
0.48 -0.50
-0.10 -0.63
0.70 1.43
0.47 0.52
-0.20 0.78
0.72 0.67
0.43 1.40
-0.86 1.27
1.82 1.44
0.87 0.10
1.51 -1.29
-1.10 -1.25
-0.64 0.92
0.42 -1.40
0.38 1.91
0.36 1.08
-0.38 1.42
-0.08 1.74
-1.74 -0.46
-0.72 -0.24
-0.94 0.50
0.90 -1.03
