-1.45 -1.90
2.16 1.51
0.17 1.07
-0.21 -0.36
1.15 0.07
0.68 0.58
1.31 0.82
1.53 -0.74
1.24 0.10
-0.41 -0.20
-0.47 -0.40
0.97 0.77
0.93 0.81
-0.59 0.47
-0.74 2.30
1.29 0.09
0.60 -1.07
-1.26 -0.54
-0.13 -0.09
1.65 0.12
-0.47 0.49
-1.25 1.72
0.67 -1.09
-1.47 -0.84
-0.48 -0.35
-0.85 -1.28
-0.31 1.43
1.73 -0.69
0.88 1.38
-0.49 0.42
1.10 -0.25
-1.34 -0.52
-1.02 -0.46
-1.88 -0.31
-2.69 -3.22
-0.83 -1.45
0.90 0.03
0.66 1.27
-0.65 -0.64
-0.15 -0.89
-0.18 -0.27
1.68 0.59
-0.17 0.36
-1.91 -2.65
-0.37 0.01
-1.25 -0.73
0.15 1.25
-0.96 -1.22
0.23 0.43
0.87 0.48
-1.71 -0.34
-1.23 -1.08
-0.70 -0.47
0.98 0.79
0.61 -1.53
-0.10 0.03
-0.23 1.78
-0.57 -0.94
0.71 -0.21
-0.11 0.26
-0.15 0.08
0.28 0.81
1.27 -1.02
2.24 1.19
1.32 0.63
1.58 0.59
0.89 0.91
-0.38 0.99
-1.37 -0.15
0.53 0.99
-0.54 -1.29
0.44 1.03
0.58 1.57
-0.98 -0.54
0.05 -1.25
-0.25 -0.14
-1.91 -0.53
-0.95 0.23
-1.71 -1.55
0.06 0.92
-0.17 1.97
0.48 0.45
1.16 1.05
0.17 1.05
1.40 -0.07
0.05 1.08
-0.22 0.20
-1.12 0.44
0.10 -0.75
0.32 0.74
-0.53 -0.89
-0.53 0.65
-0.90 -0.83
1.54 -0.49
0.23 1.19
0.30 -2.09
-0.07 -0.39
-0.08 -0.41
0.06 -0.12
0.54 -0.95
