-0.12 -1.09
1.94 0.73
0.31 1.05
0.87 0.67
-0.89 -1.23
0.71 0.32
0.38 0.37
0.86 0.45
1.42 0.73
-0.73 -0.96
0.69 -0.20
1.17 1.80
0.42 -0.46
0.22 0.74
-1.24 -0.00
0.33 0.29
-0.41 -1.00
-0.03 -0.52
0.66 1.91
-0.87 -1.29
-0.19 -0.03
0.13 -1.88
1.14 -0.28
1.41 0.52
0.86 0.62
-1.91 -2.25
-0.15 0.55
-1.09 -0.19
0.81 -0.84
-1.87 0.36
0.13 0.52
-1.25 1.16
-0.07 0.45
-1.57 -0.75
0.11 0.16
-0.01 0.93
0.84 -0.81
-0.67 -1.01
0.57 0.71
-1.67 -0.23
1.14 2.39
0.41 -0.76
0.08 0.38
0.93 0.80
0.65 -0.84
-0.62 -0.76
-0.82 -0.11
0.09 -1.06
-0.24 -1.48
0.06 -1.25
2.42 1.39
1.23 -0.32
-0.20 -0.05
-0.02 -0.95
-1.41 -1.18
0.70 0.93
0.97 1.02
0.26 0.21
0.14 -0.08
0.82 1.45
1.33 1.22
-1.02 -0.18
0.08 -0.44
-0.87 -0.66
-0.28 -1.04
0.04 -1.59
0.45 -1.29
0.51 0.44
-2.88 -1.32
0.55 -0.32
-0.17 -0.51
-2.43 0.42
0.63 -0.64
1.01 1.85
1.57 1.29
0.35 0.96
-0.28 -0.63
1.21 0.95
-0.26 0.41
-2.27 -3.46
2.25 0.54
-0.04 -0.38
1.36 1.05
-0.28 -1.40
-0.67 -2.21
-1.01 0.73
1.57 1.17
-0.59 0.17
-0.27 0.71
-1.77 -0.12
0.95 0.14
0.91 0.21
-0.21 1.19
-1.46 0.38
-0.62 -0.66
-0.18 -1.12
-0.42 0.78
-0.57 -0.70
0.28 -0.20
0.35 0.41
