-1.48 1.22
-0.74 -1.38
0.50 0.51
0.67 -0.39
-0.49 0.85
0.84 -0.26
-0.41 0.89
-0.90 1.58
-0.04 -0.11
-0.74 0.91
1.76 0.99
1.12 -0.55
0.19 -0.13
0.78 -0.02
0.35 0.41
0.03 1.12
-0.73 0.98
-0.75 -1.52
0.47 0.87
-1.21 1.13
-0.23 0.87
-1.16 -0.45
-0.75 -0.63
0.27 0.08
2.67 -1.70
1.29 -1.40
-0.19 0.89
0.05 0.02
0.47 0.85
-1.68 -1.39
-0.89 1.18
0.80 -0.86
0.66 -0.41
0.79 1.37
-0.95 1.26
0.23 0.50
-0.21 -0.29
0.96 0.66
-1.78 0.76
-0.05 -1.51
0.30 -1.49
1.07 -1.35
-0.66 0.60
0.84 0.61
-1.05 -0.89
0.42 0.16
-1.13 0.52
0.38 -0.52
0.08 1.12
-1.26 0.68
-0.53 -0.56
1.26 -1.62
-0.55 -0.16
-0.85 -0.80
-0.22 -1.05
1.15 -0.27
-0.91 -0.84
-1.45 0.68
0.03 1.64
0.91 2.34
-1.16 1.17
-2.28 0.89
0.30 1.33
0.96 0.13
0.53 -0.32
1.19 -0.35
-1.82 -0.13
-0.76 -0.08
-0.93 -1.84
2.32 -0.88
-0.84 -0.57
-0.35 2.09
-0.86 -1.17
-0.32 -1.81
1.14 -1.05
-2.35 0.27
-0.11 1.04
-0.67 1.86
0.66 0.52
-0.61 -0.56
0.62 -0.41
1.53 -0.43
1.30 -0.46
-0.94 0.07
-1.16 -1.21
-0.18 -1.28
1.19 -0.17
1.58 -1.50
-0.29 1.32
0.60 -0.73
