0.83 0.30
0.05 -0.94
0.35 0.22
-0.27 -1.06
-0.62 0.55
-2.47 1.36
0.48 -0.47
-0.94 1.83
0.35 0.23
0.91 -0.07
-0.54 -0.15
-0.06 0.18
-0.59 0.61
1.14 1.32
1.12 1.25
0.25 0.41
0.55 -1.32
-0.77 0.30
-1.57 1.13
-0.84 0.33
1.00 0.84
-0.32 0.87
0.85 -0.57
1.13 -3.35
-0.52 -0.02
-0.91 1.74
0.20 -0.43
1.87 -0.18
-1.24 -1.54
0.65 0.21
0.02 1.10
2.10 -1.78
0.41 0.11
0.33 0.10
-0.66 -0.45
-0.41 0.87
0.06 -0.30
-0.63 -0.66
-1.43 0.58
0.96 -1.93
2.30 -0.96
2.57 -1.98
1.18 0.18
1.54 -1.57
2.30 -1.13
0.19 -1.44
1.68 -2.21
-0.62 0.28
-0.04 0.12
-0.92 0.31
0.27 -0.10
-0.89 -0.98
0.02 0.17
-0.36 -0.73
-1.12 -0.62
0.49 0.55
-2.47 0.89
-0.33 0.44
-0.84 -0.05
0.17 0.65
-0.15 1.65
-1.08 1.16
0.40 -0.84
-0.57 0.42
-0.97 0.97
2.13 -1.49
-0.76 0.92
0.10 2.07
-0.17 -0.10
1.00 -0.73
-1.55 -0.91
0.99 -0.70
-1.01 0.93
1.17 0.69
1.03 0.80
-0.78 -0.64
0.02 -1.94
-0.94 -0.00
0.80 0.15
-0.17 1.08
-0.56 0.46
0.02 -0.31
-0.50 -0.20
-0.67 -0.79
1.38 -0.28
0.52 -0.24
-0.78 0.65
-0.54 -0.45
-1.69 0.15
-0.49 -0.56
0.53 1.39
-0.64 1.29
0.51 0.65
0.03 -0.61
1.10 -1.24
-0.58 0.96
0.58 1.78
0.82 0.34
-0.54 -0.28
-1.29 1.50
