-0.53 0.52
0.25 0.61
1.33 0.72
-0.26 -0.30
1.41 1.25
0.96 -0.31
0.05 0.42
1.72 2.62
0.10 0.23
0.15 0.43
1.10 1.09
1.11 -0.21
0.32 -0.57
1.61 1.87
2.19 1.19
-0.64 0.93
-0.75 -2.31
0.75 0.10
-1.10 -1.46
-0.73 -0.51
1.02 1.08
0.14 0.24
1.35 1.02
1.98 1.80
0.05 1.27
0.06 0.58
0.36 -1.45
-0.12 -0.33
-0.66 -2.20
1.37 1.36
0.85 -0.12
-2.00 -1.64
-0.26 -1.23
-0.48 0.49
-0.45 0.23
-1.17 -0.17
0.81 1.82
0.58 1.80
0.97 1.44
1.15 0.18
-0.60 0.02
0.12 -0.83
-0.87 -1.31
1.01 0.63
-1.73 -1.45
1.34 1.33
0.98 0.21
-0.14 0.87
0.36 0.19
-0.49 0.20
1.31 1.44
1.63 0.89
-0.25 0.97
0.08 -0.74
-0.39 -0.49
0.38 -0.19
-0.81 -0.19
-0.24 -0.27
-0.87 -1.10
-0.18 0.80
2.40 1.14
-0.79 -0.61
0.12 0.84
-1.27 -0.43
-0.48 -0.68
1.76 1.57
-0.43 -0.04
1.64 0.68
1.24 0.48
-2.40 -1.68
0.95 1.13
1.04 2.06
-0.74 0.30
0.11 0.16
-0.66 -0.75
0.03 -0.90
-2.00 -1.72
0.19 0.05
0.98 0.53
-0.76 -0.93
1.08 1.02
0.06 -0.95
0.29 0.15
-0.29 -0.66
0.75 -0.31
-0.84 -0.10
-1.59 0.49
-0.83 -0.45
-0.40 -0.07
1.36 0.50
