1.48 -0.46
0.30 0.81
-0.38 -1.41
1.68 -1.55
1.26 -2.06
-0.34 1.88
-0.98 0.28
0.20 1.26
-1.80 0.09
-0.85 2.41
0.36 -0.62
-1.88 1.06
-0.49 -1.19
0.06 -0.05
1.05 -0.50
0.03 -0.37
-1.21 -1.18
-0.68 0.03
-0.83 0.68
-0.89 -0.27
-1.52 0.14
0.83 -1.17
1.33 -1.84
0.55 0.51
-0.02 -0.47
-0.61 -0.56
-0.62 0.82
0.71 -1.17
-0.56 1.70
-0.46 0.71
1.01 -0.17
0.25 -0.30
-0.84 0.58
-0.15 1.75
0.79 -0.29
-0.82 -1.12
0.18 -0.40
-2.20 1.59
-0.01 1.49
-1.99 -0.64
1.56 0.12
0.71 0.05
0.26 0.30
-0.88 0.72
0.61 -0.13
-1.74 0.01
-0.02 1.12
-0.82 -0.38
1.92 1.06
-0.59 -0.04
