1.64 -0.79
0.14 -1.32
1.08 -1.85
-0.05 -1.63
-0.51 0.16
1.32 0.28
-0.31 0.82
-0.87 0.48
-0.72 1.35
-0.20 -0.08
1.39 -1.29
0.37 -0.17
-0.75 -0.47
-0.23 -0.44
-0.39 0.79
0.27 -0.04
-1.43 2.44
1.60 0.23
2.17 -1.80
0.41 -1.48
1.21 -2.09
1.29 0.01
-0.34 0.02
1.59 -0.84
0.88 -1.81
1.70 -0.46
-1.72 1.20
0.72 -0.67
-0.33 -0.17
-1.00 0.19
0.38 -0.21
-1.31 0.34
-0.28 -0.70
0.64 -0.15
0.12 -0.45
0.73 -0.41
0.63 -0.98
-1.57 0.50
-1.07 0.55
-0.49 1.32
-1.03 0.71
0.64 0.64
1.88 -1.12
1.29 -1.23
0.91 -1.89
0.73 1.41
-0.25 -1.13
1.45 -0.20
-0.80 0.23
-0.82 1.24
