1.46 1.46
0.32 0.32
-0.05 -0.05
-1.73 -1.73
-0.03 -0.03
1.86 1.86
-1.31 -1.31
-1.45 -1.45
-0.47 -0.47
-1.42 -1.42
-0.12 -0.12
2.98 2.98
-0.61 -0.61
-0.68 -0.68
0.04 0.04
-0.10 -0.10
-0.01 -0.01
-1.14 -1.14
0.86 0.86
1.00 1.00
1.57 1.57
-0.34 -0.34
-0.85 -0.85
-0.04 -0.04
1.10 1.10
0.07 0.07
0.84 0.84
0.18 0.18
0.39 0.39
0.17 0.17
1.45 1.45
-0.67 -0.67
0.46 0.46
-0.32 -0.32
0.10 0.10
0.14 0.14
0.01 0.01
1.49 1.49
-0.44 -0.44
-2.28 -2.28
1.42 1.42
2.02 2.02
-1.44 -1.44
-0.48 -0.48
0.24 0.24
-0.75 -0.75
-0.41 -0.41
-0.47 -0.47
0.77 0.77
-0.62 -0.62
0.21 0.21
-0.11 -0.11
-1.19 -1.19
2.12 2.12
-1.70 -1.70
0.32 0.32
-0.41 -0.41
-0.29 -0.29
-0.57 -0.57
-0.98 -0.98
-0.77 -0.77
0.64 0.64
0.30 0.30
0.99 0.99
0.17 0.17
0.79 0.79
0.81 0.81
-1.17 -1.17
-1.16 -1.16
-0.69 -0.69
-1.11 -1.11
0.37 0.37
0.39 0.39
-0.80 -0.80
-0.51 -0.51
0.27 0.27
-0.29 -0.29
-0.49 -0.49
-0.77 -0.77
1.85 1.85
-0.63 -0.63
-1.08 -1.08
1.61 1.61
-2.00 -2.00
0.79 0.79
-0.65 -0.65
-0.12 -0.12
1.54 1.54
0.45 0.45
-0.71 -0.71
