0.72 0.46
1.02 0.52
-0.11 1.73
-0.76 1.05
1.73 0.75
0.45 0.42
-0.81 -0.65
-0.38 -0.31
0.82 0.05
-1.27 -1.27
0.03 -0.82
-2.64 -0.57
1.47 -0.30
-1.38 -1.14
-0.69 0.18
0.46 0.61
0.15 -0.59
-2.05 -1.50
-1.36 0.44
0.56 -0.43
-0.57 -0.91
0.38 0.50
0.04 -1.19
0.40 1.28
-0.71 0.20
0.89 1.03
-0.24 -0.56
-0.62 0.13
-0.12 0.20
1.26 1.63
0.80 1.54
-1.18 1.32
0.34 2.45
0.15 0.82
0.95 2.39
0.18 -1.14
-0.03 -0.73
-0.41 -0.62
0.94 -0.77
-0.34 0.24
1.96 0.92
1.00 0.32
1.34 1.21
1.16 0.67
-0.12 -0.21
0.14 -1.29
-0.64 -0.83
1.13 1.21
2.41 2.18
-0.60 0.11
