0.46 0.56
0.20 2.32
-0.23 0.23
-2.27 0.37
-0.42 -0.32
-0.22 -1.48
-0.28 -1.25
-0.46 -1.76
0.38 1.80
0.40 1.40
-1.66 0.92
0.21 -0.03
-1.69 -1.26
-0.36 -0.61
1.36 0.42
-1.03 0.79
-0.50 0.12
-0.26 1.30
1.29 1.65
0.93 -2.18
0.81 0.65
0.29 0.59
-0.60 0.03
-1.57 -0.34
0.88 -0.45
0.87 1.92
-1.07 -0.11
1.51 0.17
-0.90 -0.48
0.21 -0.45
0.31 1.28
-0.11 -0.17
-0.64 -1.13
-0.23 -0.72
1.01 -0.62
0.84 -0.86
0.82 0.15
0.96 0.73
0.44 0.59
-1.75 -0.72
-0.26 0.34
-1.39 -0.29
1.48 0.04
-2.72 1.93
-0.60 -0.46
0.05 -0.27
2.77 0.09
-0.51 -0.45
-1.16 0.91
-0.64 -1.42
-1.15 -1.49
0.99 -2.37
-1.17 -0.06
-0.91 -2.22
-0.64 -0.02
-0.76 -1.16
0.15 -0.20
-0.39 -1.07
2.16 1.31
-1.13 1.97
-0.80 0.56
-1.23 -2.22
1.79 0.19
0.64 0.23
0.42 1.63
-0.60 -1.00
-0.70 0.51
-0.25 -1.67
1.43 0.47
1.84 0.68
0.96 0.51
0.28 0.03
0.02 -1.17
-1.06 0.35
0.28 -0.71
2.37 1.04
0.18 0.93
0.58 -1.03
-0.09 1.54
0.91 -0.39
0.76 0.91
-0.11 -0.41
0.03 -1.06
0.51 -0.00
-0.84 0.40
-0.70 -0.45
-0.14 -0.32
0.73 0.17
0.58 -0.23
-0.24 -0.16
-0.38 -0.15
0.05 -1.07
-0.55 -0.56
-2.09 -0.47
0.63 0.21
0.26 1.53
0.86 0.95
0.36 0.38
1.45 1.04
-0.22 0.63
