0.01 -0.01
1.56 -1.56
-0.02 0.02
0.42 -0.42
-1.41 1.41
0.29 -0.29
-1.36 1.36
-2.48 2.48
1.15 -1.15
-0.31 0.31
0.02 -0.02
0.65 -0.65
0.33 -0.33
-1.50 1.50
-0.05 0.05
-0.06 0.06
-0.34 0.34
0.27 -0.27
-0.50 0.50
-1.82 1.82
0.86 -0.86
1.54 -1.54
-0.36 0.36
-1.01 1.01
-0.54 0.54
0.43 -0.43
-1.07 1.07
-0.29 0.29
-2.12 2.12
-0.59 0.59
1.76 -1.76
0.95 -0.95
-0.30 0.30
0.04 -0.04
-1.27 1.27
-0.59 0.59
0.09 -0.09
-1.64 1.64
0.21 -0.21
1.86 -1.86
-0.23 0.23
-0.75 0.75
-0.65 0.65
-2.89 2.89
-0.34 0.34
-0.81 0.81
0.29 -0.29
1.19 -1.19
0.80 -0.80
-0.73 0.73
0.97 -0.97
0.73 -0.73
1.07 -1.07
-0.47 0.47
1.39 -1.39
-0.54 0.54
0.15 -0.15
-0.30 0.30
-0.09 0.09
-0.68 0.68
-1.19 1.19
-1.62 1.62
1.53 -1.53
-0.20 0.20
0.73 -0.73
0.06 -0.06
-0.98 0.98
0.27 -0.27
0.65 -0.65
-0.94 0.94
0.51 -0.51
1.39 -1.39
0.98 -0.98
2.03 -2.03
0.47 -0.47
-1.43 1.43
-1.04 1.04
-0.70 0.70
-0.09 0.09
0.71 -0.71
0.79 -0.79
-0.27 0.27
-0.78 0.78
0.16 -0.16
1.20 -1.20
-0.64 0.64
1.48 -1.48
1.20 -1.20
-0.63 0.63
0.12 -0.12
