-1.02 1.02
-0.65 0.65
0.71 -0.71
0.99 -0.99
0.79 -0.79
0.40 -0.40
1.79 -1.79
-0.55 0.55
-0.76 0.76
0.92 -0.92
1.26 -1.26
-0.52 0.52
0.82 -0.82
0.96 -0.96
-0.63 0.63
-0.12 0.12
0.16 -0.16
0.67 -0.67
-0.27 0.27
-1.69 1.69
-1.68 1.68
2.25 -2.25
0.93 -0.93
-0.22 0.22
-0.11 0.11
-0.00 0.00
0.15 -0.15
1.25 -1.25
-0.74 0.74
1.58 -1.58
-0.84 0.84
0.43 -0.43
0.31 -0.31
1.27 -1.27
-0.45 0.45
0.03 -0.03
2.23 -2.23
-0.70 0.70
1.33 -1.33
-0.52 0.52
1.77 -1.77
0.70 -0.70
-0.90 0.90
0.59 -0.59
-1.67 1.67
1.02 -1.02
-1.39 1.39
0.85 -0.85
-0.99 0.99
0.47 -0.47
