-1.02 0.08
1.34 0.23
-0.49 0.08
0.90 -1.16
-2.44 -0.58
1.04 0.35
-0.93 -1.64
-0.31 1.39
0.18 0.13
-0.55 -0.52
-0.95 -0.32
-1.03 -0.46
1.46 1.06
-1.19 -0.27
0.96 1.01
-0.45 -1.49
0.65 1.78
0.41 -0.44
-0.22 -0.34
-2.55 -0.74
1.87 0.10
-1.10 -0.83
0.02 -0.89
-0.38 1.18
0.88 3.10
0.32 -1.09
-0.84 1.09
0.79 0.20
0.75 -0.16
1.10 1.06
-0.13 0.01
0.45 -0.44
2.26 -0.01
-1.41 1.11
-1.56 0.71
0.74 -0.29
0.07 -1.63
-0.26 3.13
1.53 -0.45
-0.33 0.77
1.48 0.56
0.04 0.73
0.36 0.42
-0.75 1.86
1.64 -1.86
1.07 -0.54
-0.45 0.08
-1.24 0.57
0.40 -0.80
-0.22 0.74
0.74 0.77
0.78 -0.13
-1.03 0.84
-1.42 1.33
-1.20 -0.94
-0.13 -0.37
-0.39 0.09
1.18 -1.06
-0.63 -0.12
-0.76 -1.57
-0.40 1.30
1.21 -1.04
-0.87 1.70
0.77 -0.74
-0.39 -0.28
-0.35 -0.27
-1.88 -0.42
-1.76 -1.44
1.24 1.31
0.61 -1.53
-0.19 0.73
-0.56 0.40
0.34 -1.33
-0.06 1.13
-0.72 0.74
1.66 -2.23
-0.87 0.26
0.71 0.32
0.17 1.21
0.13 -2.11
0.62 -0.93
-0.66 0.60
1.79 0.74
-0.53 -0.69
0.01 0.38
0.56 -0.59
1.59 0.76
-0.74 0.49
0.88 0.36
1.59 0.96
1.07 0.42
0.37 -0.65
-0.46 -0.65
-0.20 0.74
-0.65 -0.39
1.61 -0.47
-0.50 0.38
-1.31 -0.34
-0.82 0.62
0.82 0.86
