1.86 1.18
1.06 -0.76
-0.22 0.20
-1.62 -0.12
0.01 0.94
-0.22 -1.57
0.30 2.15
-1.21 -0.43
-1.55 -0.53
-1.29 -0.50
-0.83 -0.13
1.33 -2.11
1.76 0.00
-0.58 0.56
0.00 -0.02
-1.55 1.24
1.20 0.36
0.12 -1.22
-1.44 -0.48
-0.96 1.32
0.87 0.53
0.64 1.01
-0.11 -0.26
0.52 -0.62
-0.89 1.18
-1.33 1.10
-0.34 -1.41
-0.45 -0.11
1.13 0.86
-0.08 -0.05
-0.98 0.98
0.28 -3.01
-0.90 0.51
1.48 -0.31
-0.87 -0.25
-0.31 0.27
-0.16 -0.05
0.60 0.57
-2.04 -1.07
0.21 -0.49
-0.18 -1.73
0.64 -1.30
-1.09 0.52
0.19 -0.54
1.50 -0.51
0.58 1.07
-1.19 -1.00
1.35 -0.44
-1.50 -1.35
0.38 0.93
