2.41 1.48
-0.23 -1.30
0.28 0.44
0.44 0.52
1.46 1.42
-0.22 -0.29
-0.37 0.84
0.04 0.81
1.13 1.78
0.09 0.20
-0.66 -1.63
-0.84 0.59
-0.72 -1.03
-0.38 -0.31
-1.63 -0.97
-1.97 -0.73
-1.75 -0.48
-0.24 -0.99
1.43 1.16
-1.48 -1.79
0.01 -0.97
-0.15 1.94
-0.11 0.21
-0.93 -0.19
0.65 -0.54
0.88 -0.00
0.47 0.05
1.06 1.18
0.64 0.77
0.26 0.47
-1.39 -2.08
1.32 0.80
-1.43 -0.98
1.44 -1.83
0.90 1.41
-0.12 0.34
0.42 0.32
1.03 1.33
-0.60 -0.58
-0.10 1.35
-1.22 0.01
-0.15 0.29
1.32 1.37
-0.36 -0.58
-0.68 -0.47
-0.15 -0.87
-2.03 -1.06
-0.06 0.52
1.21 0.56
-0.99 0.34
