0.05 0.15
-1.63 1.50
0.81 -0.88
-0.60 -0.06
0.36 -0.73
3.10 -2.57
0.44 -0.74
-0.06 0.13
-0.64 -0.61
0.18 0.51
-1.14 -0.74
-0.84 0.55
0.61 -1.06
1.10 -0.11
-0.77 0.51
-0.82 0.99
1.14 0.00
-2.46 1.92
-1.74 1.20
-0.37 1.30
1.03 0.68
1.31 0.07
-0.57 -1.49
0.20 1.28
0.93 0.38
-0.26 -0.21
1.49 -0.06
-2.21 3.60
-0.08 -0.38
-1.06 0.36
-1.21 0.75
1.37 -1.00
-0.03 0.69
-0.07 -0.55
0.80 -0.33
-0.95 1.44
0.85 0.98
-0.98 0.93
-2.40 2.49
0.50 0.06
0.92 -0.89
0.41 -0.16
-1.27 -0.98
-0.52 0.93
0.73 -1.56
-2.74 1.86
0.55 -0.42
0.80 -1.04
-0.22 0.32
-0.59 -0.03
0.46 -0.23
0.90 -0.13
0.33 -0.03
0.55 0.57
-0.30 -0.38
-0.16 -0.28
0.32 -0.38
1.01 0.40
0.32 1.31
-0.33 1.02
-0.42 0.70
0.65 0.59
-0.52 0.98
0.64 -0.31
0.75 0.33
1.20 -0.56
-1.80 2.50
-0.43 0.23
0.22 -0.21
0.19 -0.66
-1.22 -1.38
-0.98 1.47
-1.95 0.19
0.25 -0.09
-0.58 0.45
0.66 -1.74
0.98 -0.96
-0.74 0.28
-0.69 1.44
0.28 0.41
0.11 -0.45
0.45 0.69
-0.88 1.51
0.40 -0.08
0.11 0.52
0.69 -0.03
0.73 -0.92
1.58 -0.05
-0.04 -0.72
0.22 -1.53
