1.46 -0.95
-1.07 0.19
-0.29 0.66
-2.20 -1.34
-0.21 -0.96
-0.13 0.63
0.75 0.72
1.97 -1.14
-0.66 -0.70
-0.67 -0.45
0.53 -0.21
0.84 -1.09
1.77 0.25
2.96 -2.07
1.73 -1.14
-0.37 0.45
0.72 1.04
-0.05 -0.31
-1.27 2.70
0.78 0.26
0.39 0.83
0.02 1.52
0.21 0.36
-0.56 -0.69
1.34 1.74
0.43 -1.56
-1.20 0.90
0.39 0.01
1.06 -0.39
0.33 -0.53
-0.70 0.74
-1.18 1.14
-0.07 1.14
1.43 -1.24
-1.30 -0.33
-0.80 0.45
0.65 -0.07
-0.97 1.35
-0.18 -0.62
-0.74 1.62
-0.78 1.11
-1.09 0.19
-0.02 0.04
-0.09 0.52
0.12 1.19
1.31 -1.93
0.07 -0.28
-0.51 -0.71
-0.69 0.46
-0.20 0.43
