0.06 0.26
1.19 -1.48
-0.94 1.38
-1.46 2.05
-0.19 -0.02
0.14 -0.29
-0.45 0.40
-0.12 0.33
-0.68 0.52
-0.18 -0.11
0.65 -0.48
-0.02 -0.41
-0.61 0.20
-1.12 1.30
-0.45 0.30
0.85 -0.58
0.61 -0.75
-1.58 1.02
1.54 -1.03
-0.02 -0.18
-1.14 1.15
-1.27 1.27
-0.61 0.81
0.63 0.12
-1.17 1.11
0.06 -0.38
0.08 -0.12
-1.67 1.21
0.38 -1.29
1.89 -1.97
-0.62 0.56
-1.54 0.89
-1.88 1.78
-0.72 1.87
0.15 -0.97
0.88 -0.76
-0.10 -0.30
1.14 -1.10
1.28 -0.99
-1.33 1.22
-1.32 1.68
1.57 -0.77
-0.20 0.00
-0.39 0.10
-1.91 1.23
1.63 -1.83
1.43 -0.45
-0.06 0.83
-0.31 -0.21
-1.24 1.73
