-0.24 0.44
-1.18 -0.51
0.47 -0.54
-0.17 -0.18
-0.10 0.02
1.23 1.97
-0.05 -0.38
-1.94 -1.14
0.55 0.09
0.16 -1.03
2.40 1.99
1.21 0.43
-2.04 0.36
1.66 -0.49
-0.80 -0.55
-0.91 -0.53
0.74 -0.35
-1.06 -1.76
0.39 0.33
1.18 0.55
0.48 0.06
-0.50 -0.16
0.02 -0.58
1.68 0.32
0.35 1.67
1.07 -0.81
-0.51 0.20
1.62 1.75
1.15 1.12
0.57 0.90
-1.60 -2.14
0.35 -0.90
-0.01 0.74
-0.29 -0.86
-0.05 -0.44
1.04 0.98
0.05 0.27
-0.77 -0.48
-1.81 -1.09
-0.25 -3.14
-1.56 0.13
0.09 -0.08
-0.14 0.89
-0.69 -0.39
-0.24 1.23
0.17 -1.37
-0.31 0.10
1.48 -0.27
-0.11 -0.76
-1.30 -1.20
