-0.59 0.71
1.68 -1.08
-0.94 0.90
0.42 0.03
-0.01 -0.12
0.04 0.17
-0.81 0.84
-0.14 0.34
-0.84 0.83
0.18 0.17
0.17 -0.52
0.15 -0.41
-1.14 0.56
0.46 -0.26
-0.06 -0.36
1.26 -1.09
-0.18 0.19
0.80 -0.71
-0.50 1.14
0.88 -0.55
0.95 -1.56
0.20 -0.16
1.06 -1.57
-1.28 1.30
2.23 -2.54
-0.81 0.35
0.39 -0.06
-0.09 -0.35
0.53 -0.98
-0.27 -0.37
0.82 0.14
0.30 -0.08
-1.04 1.77
2.02 -2.59
-0.10 -0.20
1.45 -1.41
1.27 -0.15
-0.42 0.52
-0.29 0.18
-0.48 0.51
-1.60 1.68
0.19 -0.05
1.53 -1.55
0.46 0.05
-0.01 -0.54
1.13 -0.59
1.09 -1.24
-0.90 1.01
1.58 -1.99
0.73 -0.69
0.01 -0.31
0.06 0.63
0.52 -0.61
1.45 -1.45
0.52 -1.05
-1.47 0.83
-0.28 0.73
-0.15 -0.53
0.98 -1.35
0.01 -0.34
-1.33 0.34
-0.73 0.51
1.52 -1.25
-0.98 0.50
0.13 -0.10
1.06 -1.24
-0.33 -0.12
0.32 -0.83
-0.50 0.03
0.52 0.09
0.99 -1.29
-0.75 0.69
0.52 -1.54
1.78 -1.45
1.53 -1.27
1.49 -1.51
0.42 -0.08
-1.93 1.75
0.72 -0.46
0.89 -1.02
1.39 -0.45
-2.33 1.59
-1.70 1.59
0.25 -0.61
-2.19 2.40
-1.10 1.08
0.45 0.66
-1.28 1.74
0.85 -0.84
-1.59 0.76
