-0.55 0.05
0.87 1.30
-0.31 -1.15
-0.09 -1.72
1.08 0.49
-0.46 -1.43
0.23 -0.40
-0.43 -0.40
-0.27 -1.17
-0.41 0.36
-1.36 1.79
-1.12 1.20
0.96 0.03
1.02 0.40
-1.08 2.13
-0.18 -0.29
-0.57 -0.70
0.70 -0.41
1.45 -1.62
-1.57 1.43
-3.03 0.44
-1.88 0.48
1.55 -0.01
0.15 -0.16
-0.03 -0.51
0.21 0.55
-2.07 1.80
-0.25 -0.47
-0.27 -0.54
0.48 0.36
-0.28 0.54
-0.93 -0.79
-1.13 -0.64
0.01 0.24
0.66 -1.69
-1.59 -0.02
0.77 -1.74
-0.47 0.67
-0.42 -0.08
0.39 1.50
0.87 0.89
-0.41 0.50
-0.80 0.92
-1.20 -0.73
-0.44 0.33
-1.05 1.53
-0.47 0.58
2.28 -0.11
1.22 -1.10
0.09 2.07
