-0.02 -0.71
-0.81 0.93
-0.14 -0.12
1.13 0.40
-0.99 -1.59
-0.89 -1.14
1.49 1.61
-1.52 -1.56
0.22 0.68
-1.90 -1.66
0.67 0.92
-0.34 1.01
1.72 -0.78
0.98 0.43
0.99 0.55
-1.19 0.11
2.09 2.95
-0.10 -0.70
-0.98 0.01
-0.55 0.95
-0.86 -1.80
-0.49 -0.99
-1.93 -1.10
0.21 -0.02
0.03 0.57
-1.10 -0.17
1.42 0.43
-0.41 -0.06
-1.07 1.12
-0.01 -1.43
1.46 0.41
-0.23 -0.19
0.89 -0.45
-0.98 -0.35
-0.09 -1.79
0.44 -0.24
1.32 -0.03
0.49 0.52
-0.38 0.40
-0.85 -0.48
0.47 -1.18
2.05 0.62
0.15 -0.74
0.66 1.61
0.07 0.52
-0.28 -0.21
-0.30 0.58
1.29 2.43
-0.58 -0.63
0.55 0.82
1.70 1.04
0.27 -1.29
1.06 -0.07
0.61 0.61
-0.47 -0.03
0.54 1.00
-2.02 -1.24
-0.84 -0.30
1.51 1.07
1.14 0.09
0.45 0.43
1.03 1.10
0.77 -0.02
0.16 2.08
-0.43 -1.76
0.19 0.29
0.26 -0.09
0.34 1.16
2.01 1.89
0.18 1.17
1.43 1.01
0.63 0.13
0.79 1.47
0.70 -0.26
-1.61 -1.27
-0.23 -0.19
-0.90 -0.64
0.54 0.39
0.52 0.09
-1.22 -1.99
-0.37 -1.25
-0.13 0.00
2.15 1.08
0.47 0.16
1.08 0.64
-1.24 0.56
0.57 0.59
0.40 1.23
-2.24 -1.36
1.38 0.51
-0.85 -0.26
-1.17 -0.01
-1.24 0.41
1.53 2.31
-1.20 -1.03
0.04 -0.08
-0.94 -1.05
0.63 0.83
0.33 -0.64
0.62 -0.12
