0.61 1.81
1.19 0.68
-1.32 -0.85
-1.53 0.37
-1.30 -1.19
-0.95 -1.68
-0.85 -0.45
-0.35 0.41
2.07 2.34
-0.62 0.26
0.80 2.12
1.32 2.06
0.04 -1.13
0.32 -0.30
-0.37 -0.58
-0.89 -0.21
-3.06 -1.73
0.98 0.52
0.58 -0.56
-0.14 0.16
-0.27 0.22
-0.67 -1.44
-1.02 0.32
1.03 1.96
-1.70 -1.55
1.45 -0.22
-0.01 -0.21
0.49 -0.67
0.45 0.32
-0.19 -0.21
-0.30 -0.07
0.59 1.22
-0.26 0.19
-0.04 -0.51
-0.99 -0.41
-1.82 -0.88
-0.17 -0.83
-0.89 -0.48
-1.18 0.03
-0.19 0.48
-0.67 0.21
1.13 1.37
0.81 -0.48
1.10 1.15
-0.68 -0.31
-1.69 -1.60
0.92 1.11
0.06 -0.76
-0.08 0.20
0.45 0.39
