-0.58 -0.80
0.50 0.31
-0.58 -1.30
1.02 0.94
0.82 1.66
0.87 0.45
0.87 1.54
0.11 -0.50
1.20 1.26
1.52 1.84
1.09 0.48
-0.73 -1.05
-0.02 0.12
-0.90 -0.08
2.07 0.77
0.31 -0.36
-0.28 0.43
-0.87 -0.53
-1.61 -2.25
1.30 0.32
0.98 0.71
2.15 1.48
-0.83 -0.05
-0.12 -0.35
-1.18 -1.59
-0.27 -0.47
0.63 0.63
-0.08 0.44
1.97 1.32
-0.27 -0.33
-1.93 -0.76
0.15 0.65
-0.25 -0.68
0.32 1.56
1.76 1.79
-0.69 -0.10
-0.77 -0.68
0.52 0.58
-0.05 -1.08
-0.15 0.77
-0.25 -0.18
-1.99 -1.47
-0.74 0.50
0.31 0.36
0.25 0.38
1.88 2.55
0.12 0.48
0.12 -1.25
1.69 1.18
-0.32 -0.19
