0.27 1.25
2.26 1.43
-0.62 -1.09
0.17 0.59
-0.54 0.10
-1.36 -1.90
-0.89 -0.89
0.84 1.03
0.27 1.59
1.17 1.80
0.07 1.11
0.41 0.31
-0.14 0.72
-1.50 -1.45
0.19 -0.22
0.53 0.32
-1.06 -1.18
0.22 -0.50
0.62 0.48
0.90 -0.08
1.22 -0.63
-0.33 -0.22
1.63 2.40
1.17 0.27
-0.10 -1.02
0.31 2.52
0.80 -0.43
-0.06 -0.45
-0.21 -0.59
0.98 -0.36
-0.92 -1.14
0.77 0.80
0.38 0.36
0.10 0.39
-1.16 0.92
-1.66 -0.90
0.67 0.31
-0.17 -0.43
1.28 0.89
0.29 0.83
0.23 0.01
1.54 1.32
0.00 0.25
-2.40 -0.65
-0.22 -0.52
0.92 1.04
-0.61 -1.58
0.44 1.07
0.20 0.34
-1.02 -0.44
-1.17 -0.57
-1.13 -0.63
0.47 1.11
-0.43 -0.25
-1.61 -1.41
-1.71 -0.18
1.25 0.93
-1.27 -0.27
0.56 0.39
-0.32 -1.23
0.97 1.26
0.67 0.42
-0.77 -0.95
-0.84 0.09
0.53 -0.72
-1.67 -0.73
1.00 0.25
-2.25 -1.45
1.06 2.51
0.71 0.54
0.90 1.27
1.13 0.61
-1.84 -0.69
-1.36 -0.70
-2.09 -1.26
0.08 0.42
-0.59 -2.05
0.43 0.16
0.64 0.20
0.36 0.64
1.89 1.76
0.98 0.41
0.30 0.14
-1.66 -2.34
-0.75 -0.31
0.34 0.09
-0.35 -1.18
0.25 1.16
1.00 0.20
-0.76 -0.16
