-0.83 2.12
0.04 -0.29
-0.63 2.14
0.01 -0.29
-0.96 -0.12
2.14 -1.29
-0.60 1.95
-3.21 1.57
-0.32 -1.65
-0.04 -1.74
0.26 0.58
0.90 -0.83
1.43 0.29
1.01 0.21
-0.15 -1.93
-1.38 -0.68
2.33 -0.98
0.18 0.38
0.22 -0.01
0.38 -0.28
0.51 -0.11
0.11 -0.10
1.70 -1.12
0.08 0.51
-1.15 1.07
-1.11 0.85
-0.43 0.74
-0.28 -0.17
0.10 -0.34
0.72 -0.87
0.45 -1.54
1.61 -0.97
0.50 0.38
0.28 -1.28
-0.75 -0.97
-0.07 0.56
1.19 -0.73
0.76 -1.35
-2.18 -1.90
0.10 0.15
-0.26 -0.64
0.56 0.44
0.40 0.61
-0.78 -1.11
-0.45 -0.84
0.07 0.55
-0.01 -1.20
1.54 -0.05
-0.44 0.70
0.83 -0.55
