1.27 -1.47
1.40 -1.45
2.07 -2.05
-0.82 0.38
-1.26 1.22
-0.55 -0.27
-0.88 1.69
1.10 -0.17
1.50 -0.97
-0.11 0.30
0.07 0.37
-0.26 0.90
-1.49 1.19
0.39 0.43
1.35 -1.43
-0.03 0.04
-0.61 0.76
0.86 -1.33
-0.69 1.46
0.03 -0.10
0.99 -1.97
-0.50 0.42
-0.94 1.11
-0.48 -0.00
-0.31 0.26
-0.04 0.15
-0.23 0.07
-0.83 0.69
-0.37 0.50
0.63 -1.37
0.84 -1.26
2.20 -1.97
-0.28 0.51
-1.08 1.22
-0.69 0.88
-0.67 0.57
0.43 -0.50
0.02 -0.05
-0.55 0.55
0.23 0.05
1.58 -2.05
0.77 -0.40
-1.27 1.76
-1.56 1.34
-0.80 0.77
1.08 -1.59
0.63 -0.54
-0.34 -0.26
2.68 -2.39
0.67 -0.37
0.93 -0.32
-1.97 1.66
-1.14 0.21
-0.33 0.66
-0.09 0.20
-0.51 0.80
-1.11 0.29
-1.23 0.72
-1.72 1.37
-0.34 0.56
-0.44 0.69
1.93 -2.40
-1.07 1.05
0.68 -0.77
0.86 -0.07
-1.80 1.46
0.26 -0.57
1.48 -1.04
0.31 -0.47
-1.13 1.00
0.12 0.50
1.72 -0.93
1.22 -0.53
0.19 -0.33
0.49 -0.02
0.56 -0.99
-1.20 0.90
0.37 0.13
-0.28 0.39
0.25 -0.09
-1.45 0.32
-0.14 0.82
-0.81 0.87
0.29 -0.53
1.03 -1.01
-0.02 -0.01
1.63 -1.46
-0.33 -0.14
-0.54 1.57
-1.17 0.99
