-2.02 -1.46
-1.07 -0.63
0.92 -0.10
1.35 0.87
-0.03 -0.27
-1.01 0.21
-1.71 -1.36
1.34 0.09
-1.75 -0.23
-1.95 -1.40
1.33 1.12
-1.62 -2.24
-0.04 -1.61
0.05 -0.02
-0.15 -0.59
0.87 1.07
-1.36 -0.64
0.50 -1.56
1.09 0.19
-0.93 0.35
0.11 -0.65
1.60 2.12
-0.98 -0.09
-0.04 -0.00
-0.85 0.15
0.38 -0.92
-0.47 -0.46
0.18 0.14
-0.48 -0.10
0.47 0.53
-1.65 -1.44
-1.33 -0.21
1.00 0.73
1.15 1.91
-0.88 -0.19
-0.37 -1.09
-0.62 -0.32
0.63 1.06
-0.66 -0.90
-0.59 0.84
-0.29 0.22
1.39 0.51
-1.01 0.33
1.18 0.64
0.49 -0.01
0.37 1.41
0.78 1.14
-1.26 0.36
-0.10 0.44
-0.08 0.31
-1.91 -0.26
-1.86 -2.67
0.09 -1.68
0.12 -1.11
-0.03 0.18
2.01 -0.13
-0.16 0.42
1.09 0.09
0.97 -1.52
1.44 -0.02
0.69 0.64
1.24 1.22
0.98 0.20
-0.35 -0.78
-0.38 -1.18
-0.28 -0.06
0.70 -0.60
-0.25 -0.48
1.65 0.66
0.17 0.37
1.45 1.56
-0.24 0.42
0.05 -0.25
0.40 -0.48
-2.00 -2.18
0.07 1.59
-0.23 0.69
0.06 0.59
-2.06 -1.95
-0.44 -0.70
-0.68 -0.75
0.14 0.35
-1.33 -0.47
-1.47 -2.43
0.73 1.56
0.79 0.89
-1.06 -0.85
-0.71 -0.08
-1.12 -1.21
0.70 -0.16
1.62 1.85
0.93 0.30
-1.68 -1.66
-0.24 -0.94
0.59 1.20
0.21 -0.74
0.09 -1.54
-0.04 -0.17
0.59 -1.62
0.49 -0.20
