0.29 0.29
-1.00 -1.00
1.87 1.87
-0.50 -0.50
0.10 0.10
1.03 1.03
0.31 0.31
0.19 0.19
-1.00 -1.00
-0.52 -0.52
1.43 1.43
-0.08 -0.08
0.67 0.67
1.50 1.50
0.72 0.72
-0.54 -0.54
1.39 1.39
-1.51 -1.51
-0.13 -0.13
-1.01 -1.01
1.19 1.19
0.79 0.79
0.59 0.59
0.99 0.99
-1.15 -1.15
-0.64 -0.64
0.21 0.21
-0.68 -0.68
0.20 0.20
-0.62 -0.62
0.19 0.19
1.25 1.25
0.12 0.12
-0.24 -0.24
-1.97 -1.97
0.87 0.87
0.77 0.77
2.20 2.20
0.95 0.95
0.92 0.92
2.65 2.65
-1.77 -1.77
-1.39 -1.39
0.88 0.88
0.03 0.03
1.12 1.12
-0.11 -0.11
-0.19 -0.19
-0.84 -0.84
1.54 1.54
0.75 0.75
-0.68 -0.68
-0.36 -0.36
-1.04 -1.04
-0.78 -0.78
-0.55 -0.55
-0.22 -0.22
-0.18 -0.18
-1.04 -1.04
0.32 0.32
-0.40 -0.40
1.68 1.68
1.02 1.02
0.11 0.11
0.00 0.00
-1.10 -1.10
0.08 0.08
-0.27 -0.27
0.80 0.80
-1.74 -1.74
-1.60 -1.60
1.13 1.13
-1.55 -1.55
0.74 0.74
-0.19 -0.19
-0.67 -0.67
-1.46 -1.46
1.04 1.04
-1.24 -1.24
-0.13 -0.13
-0.75 -0.75
-1.48 -1.48
-1.65 -1.65
-0.08 -0.08
-0.03 -0.03
0.23 0.23
0.86 0.86
1.48 1.48
-1.07 -1.07
0.03 0.03
