-0.98 -0.64
-0.71 -0.10
1.81 -0.82
0.62 0.04
-1.65 -0.86
0.55 -1.13
2.49 -0.91
0.55 -0.53
-0.42 2.33
1.13 -0.54
-1.60 -1.15
0.19 -0.67
0.21 -0.91
1.91 -0.75
-0.11 -0.07
1.41 -1.31
-0.94 -1.71
0.73 0.36
-0.43 1.00
-2.49 -0.30
-1.33 0.95
-1.06 1.10
0.16 -0.23
2.50 -2.03
-1.96 0.03
-0.52 -1.08
1.90 -0.48
0.66 -0.24
0.08 2.58
0.70 -1.22
0.45 1.39
0.03 1.22
-1.16 1.47
-0.68 -1.07
-0.41 -0.95
2.24 -1.39
-0.90 2.08
0.66 -3.10
0.05 0.17
-0.03 -0.97
0.77 0.50
-0.18 0.09
0.31 -1.34
-1.72 -1.10
-0.41 -0.15
1.12 0.54
1.29 -0.28
0.11 0.86
-0.42 1.10
0.57 0.86
1.02 0.81
-0.70 0.30
0.75 -0.46
1.05 0.74
0.71 0.27
0.50 0.02
-0.16 -1.24
-0.93 -0.68
-0.54 -1.35
0.52 1.38
0.67 -0.96
-0.30 -0.44
-0.06 0.07
-0.12 -0.34
-1.48 -0.83
-0.74 -0.36
-1.57 -0.54
0.20 -0.19
-1.15 -0.59
-0.80 0.57
-0.35 -1.26
1.12 -0.29
-0.38 0.14
-0.85 1.80
1.11 -1.68
0.76 0.61
-0.09 0.78
1.30 -1.09
0.71 -0.10
1.12 0.76
-0.81 -0.36
-0.27 -0.25
-0.73 0.81
2.05 0.78
1.33 0.72
-0.41 -1.12
-0.33 0.46
0.16 0.92
-0.00 -0.14
0.45 0.77
-1.09 0.28
-0.79 1.21
0.67 -0.09
-0.02 -0.83
-0.24 -0.92
0.13 -0.28
-1.50 -0.16
-0.26 -0.75
-0.95 -0.62
0.67 2.35
