-1.61 -1.61
0.12 0.12
1.26 1.26
0.41 0.41
1.74 1.74
-0.29 -0.29
-1.59 -1.59
2.20 2.20
0.18 0.18
-0.46 -0.46
-0.98 -0.98
-0.35 -0.35
-0.26 -0.26
0.20 0.20
0.62 0.62
-0.12 -0.12
-0.92 -0.92
0.60 0.60
-0.03 -0.03
0.09 0.09
-0.58 -0.58
0.00 0.00
0.26 0.26
-1.01 -1.01
-0.72 -0.72
1.18 1.18
0.44 0.44
0.95 0.95
0.63 0.63
0.17 0.17
1.08 1.08
0.63 0.63
-0.46 -0.46
-0.68 -0.68
-0.50 -0.50
-1.38 -1.38
0.47 0.47
1.82 1.82
-1.43 -1.43
2.29 2.29
0.48 0.48
-0.99 -0.99
0.45 0.45
0.10 0.10
-1.23 -1.23
-0.08 -0.08
1.79 1.79
-0.18 -0.18
-0.79 -0.79
-1.40 -1.40
2.04 2.04
-0.26 -0.26
-0.71 -0.71
-1.34 -1.34
0.87 0.87
0.81 0.81
0.81 0.81
-0.80 -0.80
-0.12 -0.12
-0.45 -0.45
-0.43 -0.43
-0.66 -0.66
-0.10 -0.10
-0.76 -0.76
0.23 0.23
-2.67 -2.67
-0.09 -0.09
0.23 0.23
1.14 1.14
-0.07 -0.07
0.97 0.97
1.66 1.66
1.60 1.60
0.99 0.99
0.36 0.36
-0.93 -0.93
1.55 1.55
-1.14 -1.14
0.67 0.67
0.35 0.35
-1.95 -1.95
1.48 1.48
1.07 1.07
-0.27 -0.27
-0.32 -0.32
0.29 0.29
1.58 1.58
-1.49 -1.49
0.45 0.45
-0.44 -0.44
0.33 0.33
0.79 0.79
0.07 0.07
-0.33 -0.33
0.33 0.33
-0.04 -0.04
2.91 2.91
0.95 0.95
-0.06 -0.06
0.12 0.12
