0.52 0.18
0.39 -0.06
0.06 -0.46
-0.75 0.84
0.23 0.61
1.76 -1.13
-1.79 0.91
-0.03 -0.00
0.29 0.04
-1.18 0.80
-0.26 0.46
-0.67 0.37
-0.74 0.53
0.72 -0.66
-0.42 0.62
-0.29 0.37
0.29 0.68
-0.70 0.95
1.96 -2.88
-1.41 0.86
-0.30 -0.32
0.23 -0.33
-0.14 -0.17
0.40 -0.44
3.13 -2.52
-0.13 0.45
-0.07 -0.16
1.26 -1.36
1.24 -1.09
-0.22 -0.46
0.44 -0.48
-0.76 0.80
-0.63 0.43
-1.49 1.74
1.02 -1.18
0.34 -0.88
0.66 -0.73
-0.05 -0.33
0.77 -0.25
-0.94 0.55
2.21 -1.32
-1.54 1.90
-0.01 -0.13
0.13 -0.30
0.69 -0.08
-2.12 2.24
-0.24 0.45
0.65 -0.23
0.07 0.33
-0.43 1.38
-0.35 0.39
2.10 -3.08
0.10 0.22
-1.67 1.51
-1.28 1.33
1.43 -1.05
-0.80 0.25
0.32 -0.31
-0.24 -0.55
-0.23 0.32
-0.61 0.58
0.10 0.36
-1.09 0.19
0.28 -0.56
0.68 -0.50
-0.42 0.45
0.53 -0.57
1.49 -0.70
0.80 -1.25
-2.16 1.49
-1.01 0.85
-0.90 0.42
-0.30 1.21
-0.96 0.61
0.58 0.12
0.04 -0.15
-0.58 0.42
0.85 -1.19
1.27 -1.52
0.45 -0.47
-1.76 1.44
-0.34 0.26
0.68 -0.80
-1.10 1.45
1.85 -1.90
1.09 -0.81
-0.21 0.55
-1.62 2.43
0.15 -0.26
0.35 -0.19
