0.62 0.68
0.43 1.51
-0.19 -0.33
0.66 0.70
2.24 -1.27
0.10 -1.88
-0.43 0.55
1.97 -1.44
1.35 0.06
1.52 0.59
0.14 1.54
-1.07 0.36
0.07 -0.90
-1.18 0.37
0.26 -0.96
1.63 -0.33
0.24 -2.58
0.17 0.89
0.80 -0.58
0.67 0.16
0.97 -1.78
-0.90 -1.50
1.33 0.15
0.86 0.56
0.03 0.61
0.21 1.06
0.20 -0.13
0.02 -0.53
1.39 -0.86
-1.57 -1.29
1.39 -0.70
1.09 -0.39
1.19 -1.07
0.26 -0.85
-1.10 -0.06
0.68 -0.51
1.42 0.94
-1.68 -0.93
-0.05 0.22
0.08 -1.11
0.78 -0.85
-1.90 -2.48
0.73 0.75
0.17 1.16
-0.32 -0.22
-0.58 0.36
-0.33 -1.27
-2.16 -1.45
1.11 -0.24
-1.11 1.36
