-1.28 1.17
0.03 0.97
0.73 -1.67
0.96 -0.75
1.60 -0.52
1.83 -1.10
0.55 -1.78
-2.89 2.33
-0.80 1.43
0.59 -0.52
0.19 -0.08
-0.20 0.11
-0.96 1.93
0.41 0.16
-0.33 -0.76
-0.88 0.18
-0.29 -0.76
0.77 -0.59
-0.39 -0.45
0.46 0.40
-0.61 1.35
1.84 -0.56
0.89 -0.07
-0.25 -0.02
1.57 -1.24
0.47 -0.63
0.39 -0.75
0.05 0.42
1.52 -2.11
-0.37 -1.09
-0.27 -0.09
0.98 -0.75
1.23 -0.87
-0.92 0.32
2.26 -1.55
0.40 -0.29
0.13 0.00
-0.58 -0.20
0.57 0.06
-0.69 1.33
0.20 0.07
-0.78 0.39
0.53 -0.02
-0.47 0.26
0.74 -0.38
-0.29 -0.23
-1.32 0.43
0.40 0.25
2.22 -2.24
2.27 -1.62
0.66 -1.53
0.20 -0.37
0.10 -0.14
0.12 0.31
-1.41 0.19
1.39 0.57
0.91 -0.37
-0.01 -0.04
1.25 -0.88
0.77 -1.02
0.11 1.58
0.86 -0.12
0.12 -0.09
1.41 -2.12
-0.44 1.28
0.74 -0.93
0.16 0.60
0.98 -0.66
-0.88 0.16
0.36 0.85
2.48 0.47
0.54 -0.12
-0.16 -1.69
-0.71 0.72
-1.94 1.95
-1.27 0.32
1.43 -1.12
-0.11 0.03
0.53 -0.30
-1.78 -0.08
1.10 -2.41
1.15 0.09
0.55 -3.26
1.30 0.12
-0.24 -0.87
1.33 0.39
-0.12 0.84
-1.42 1.37
-0.04 -0.26
-0.91 -0.26
