-1.14 -1.08
1.39 1.42
0.77 -0.69
-0.14 0.01
-0.05 1.68
-0.98 -0.64
-1.20 -0.66
-0.42 1.34
0.51 0.44
1.12 0.31
-1.50 -0.50
0.88 -1.17
0.52 -1.29
1.03 0.16
-0.52 1.09
-0.90 0.28
-0.14 0.49
-0.83 -1.09
-1.42 -0.16
-0.64 -0.27
-2.10 -1.43
0.18 0.25
0.68 -0.24
0.68 0.99
-2.21 -0.70
1.04 1.02
-0.26 0.02
-1.55 -0.91
-0.82 0.47
0.69 0.16
0.99 1.32
0.31 -0.53
-0.48 -0.55
-0.12 -0.60
1.04 -0.91
2.05 1.08
1.04 0.54
1.55 -0.15
-0.64 0.72
1.10 0.41
0.84 -0.12
0.78 -0.60
-0.03 0.71
0.73 -0.02
-0.16 0.13
-0.41 -0.92
-0.93 -0.71
-0.49 -0.09
-1.13 -0.98
0.17 2.39
0.39 -1.54
0.58 -1.36
1.60 -0.64
0.30 1.06
-0.95 0.90
2.10 1.15
-0.06 -0.12
0.61 0.67
-1.47 1.86
-0.44 -0.01
-1.32 0.23
-0.19 0.15
1.38 1.28
0.76 -1.05
-0.84 0.29
-1.01 0.42
-0.65 -3.14
0.57 -0.34
-1.28 0.82
0.46 -0.67
-0.32 0.88
0.74 -0.29
0.25 -1.02
-0.25 0.08
-1.47 0.28
0.05 -0.26
0.46 2.50
0.22 0.55
0.17 -0.21
-1.19 -1.10
-0.91 0.01
0.44 0.92
1.09 -0.48
-0.35 -1.45
-0.58 3.27
-0.27 1.42
-0.37 -1.14
2.47 0.67
-0.12 0.13
3.02 1.02
