-0.40 -1.40
-0.01 0.37
1.77 0.55
-0.06 1.11
0.38 2.85
1.38 0.71
0.16 0.66
0.96 0.70
0.29 0.93
1.25 1.74
0.72 0.46
-0.06 0.14
-0.15 1.14
-0.92 -2.53
-1.51 -1.11
1.22 0.82
0.11 0.27
0.38 0.52
-0.90 0.85
1.91 0.52
0.31 -0.65
-0.48 -0.25
0.23 -0.11
1.41 1.14
-0.62 -0.35
-1.35 -1.30
-1.41 0.18
-0.25 -0.69
0.42 -0.08
-0.22 0.31
0.34 2.12
-1.25 -0.78
-0.39 -0.26
1.34 0.50
0.85 -1.14
-0.65 -0.32
1.76 -0.44
-1.41 0.30
-0.50 -1.00
0.84 -0.27
-1.04 -1.99
-0.94 1.46
-0.69 1.55
0.89 -1.60
-0.09 1.46
-0.13 0.75
-0.64 -0.30
-3.34 -0.69
-0.05 0.98
-0.06 0.27
-1.54 -0.64
-1.16 -0.04
0.31 1.31
-0.50 -0.73
-0.48 0.09
0.23 0.56
-0.53 0.22
1.87 0.40
0.15 -2.34
-0.97 -0.07
0.05 -0.88
0.86 0.70
-0.98 0.27
0.50 0.44
0.07 0.58
1.71 1.16
1.25 -2.57
0.98 -0.90
0.16 1.14
0.50 0.58
-0.41 0.29
-0.19 0.35
0.47 0.69
-1.31 -1.21
-0.10 -0.94
0.34 -0.02
-0.18 0.27
0.82 0.71
0.60 2.50
0.42 -0.08
-1.55 -0.95
0.79 0.85
0.29 0.44
-0.20 -0.38
0.32 0.81
-1.75 0.01
1.83 -0.52
1.64 0.53
1.10 0.56
-2.45 -0.98
