0.94 -0.96
-0.32 -0.04
1.10 -0.40
-0.87 1.11
0.85 1.59
-1.46 1.91
-0.97 -0.15
-1.05 1.60
-0.04 -0.20
0.33 -0.65
0.79 -0.04
0.31 1.54
1.57 -2.67
1.47 1.46
-1.20 -0.66
-0.31 -1.26
0.10 -0.58
2.24 0.60
1.28 0.49
-0.79 -1.40
-1.20 1.07
0.10 -1.52
0.80 -1.16
0.75 -0.25
-0.15 0.86
2.83 -0.71
-0.80 1.12
2.34 0.75
-0.56 1.93
-0.42 -0.69
0.44 -1.46
-1.02 -0.32
-0.32 1.03
-0.42 1.05
-0.17 0.01
1.21 0.08
1.05 -0.94
-1.29 -0.16
-1.34 0.67
0.49 -0.02
1.26 -0.24
-0.43 -0.55
-0.50 -1.46
0.73 0.18
0.55 -0.24
-0.27 0.72
-0.19 0.34
-0.82 -0.24
-0.10 0.54
0.31 -0.75
