-0.57 -0.04
0.18 0.27
-0.12 0.53
-0.60 -0.22
1.11 1.04
0.99 -1.66
0.40 0.16
-0.81 2.20
1.00 -0.68
-1.62 2.00
1.79 0.32
0.55 0.04
0.60 0.81
-0.82 -0.90
1.52 -0.68
1.17 0.08
0.17 -1.31
-1.58 0.59
-0.79 0.30
-0.43 -0.63
-0.19 0.02
-0.36 0.09
1.67 -0.52
-0.48 0.15
-2.15 0.90
0.30 0.74
1.99 -1.32
-1.76 0.43
-0.05 1.78
1.59 -0.69
-1.41 3.29
-0.83 -1.15
0.78 1.59
-0.64 0.46
-0.75 2.48
-1.54 0.35
0.63 0.03
1.22 -1.26
0.16 -0.01
-0.51 0.40
-0.78 -0.72
-1.06 0.85
-0.26 -0.83
0.97 1.24
-0.07 0.02
-0.24 0.41
1.37 -0.43
-0.19 0.34
-0.21 0.00
0.16 -0.23
