1.18 -1.09
-0.36 0.70
-0.37 -1.06
-0.25 0.16
0.90 -1.39
3.04 -2.78
-0.42 0.79
-1.56 0.31
-0.91 -0.37
0.48 -0.14
-1.94 0.57
1.24 -0.43
0.03 0.89
-0.12 0.40
0.62 0.67
0.83 -0.62
1.33 -1.23
0.54 -0.55
-0.79 0.16
0.38 1.06
-0.42 0.37
1.02 -0.28
1.61 -0.77
-0.73 -0.13
-0.03 0.66
0.78 -1.94
0.34 -0.43
-0.36 -1.17
-0.40 0.40
-0.28 -0.34
-1.59 -0.40
-0.06 1.13
1.50 -0.80
0.13 0.81
-0.27 0.36
0.56 -1.44
0.23 0.84
0.33 -0.08
-0.07 0.44
0.22 0.32
-0.57 1.53
0.45 1.23
0.40 -1.31
0.14 1.34
1.33 0.54
-0.82 2.28
0.33 -0.06
-2.02 0.34
0.59 2.16
-0.09 2.51
0.36 -1.84
-0.46 -0.23
3.12 -0.60
0.34 0.06
-0.67 1.65
-2.00 -0.51
-0.40 -1.44
0.54 -1.55
-1.81 1.58
2.34 0.10
-0.60 0.48
0.04 -0.04
-1.44 0.98
-1.48 0.43
0.27 -1.63
-1.18 2.01
-0.33 -0.57
-0.63 0.12
-1.17 1.34
0.43 0.78
-0.90 0.41
1.06 -0.21
0.27 0.26
-0.04 -0.65
-0.90 0.16
0.16 -1.54
-0.34 0.47
0.84 0.18
0.21 -0.46
2.12 -0.52
-1.06 0.63
-0.71 0.11
-0.29 -0.34
-0.58 -0.24
0.22 1.19
-1.00 1.07
0.86 -0.50
-0.50 1.07
-1.41 0.44
0.76 1.51
