-0.90 0.25
-1.51 1.06
-1.11 0.58
0.89 -0.55
-1.49 -0.14
-0.25 0.13
-0.64 0.01
-0.58 -0.09
0.82 -1.82
0.23 -0.74
0.16 0.23
-0.49 -0.81
1.27 -1.03
-1.16 0.18
0.44 -2.13
-0.83 1.36
1.48 -1.10
1.54 -0.38
-0.35 0.59
0.13 -0.38
-0.55 -0.78
-0.65 1.57
-0.32 -0.23
-0.21 -0.58
-1.68 0.93
-0.12 -0.88
0.95 -1.46
0.56 -0.64
-0.82 1.04
0.48 0.93
-0.78 0.57
0.91 -0.23
-1.48 -0.15
1.24 -1.36
0.03 1.05
-0.19 -0.41
0.44 0.40
0.03 -1.98
-0.75 1.56
-0.23 0.02
-2.73 1.65
-1.59 0.36
0.23 0.32
0.90 -0.72
-0.56 2.15
-1.55 1.04
1.02 -0.96
-0.33 -0.00
-1.93 -0.05
-1.27 1.92
1.33 -0.15
0.59 -1.05
-0.81 2.11
1.69 -1.26
-0.16 0.30
-0.38 0.16
0.71 -0.02
1.02 -0.36
0.56 -1.22
-0.20 -2.15
0.44 0.28
-0.82 0.48
1.28 0.07
-1.10 1.92
0.94 -2.08
1.95 -1.81
-1.44 0.54
-0.55 0.78
1.25 0.17
0.46 -1.29
-0.93 0.58
0.89 -0.68
1.16 -0.46
0.55 -1.17
-0.55 0.71
-1.25 1.99
-0.01 -1.32
-0.61 1.05
0.12 0.79
-0.41 0.39
-1.07 1.10
-0.40 0.25
1.81 -0.80
-2.30 0.59
-1.69 0.13
-0.39 0.01
-0.37 -0.49
0.87 0.28
0.85 -0.38
0.99 -0.03
