1.19 -1.19
-1.21 1.21
-1.15 1.15
0.20 -0.20
-1.85 1.85
0.96 -0.96
-0.85 0.85
-1.00 1.00
-0.54 0.54
-0.31 0.31
0.88 -0.88
0.48 -0.48
0.72 -0.72
0.71 -0.71
-1.70 1.70
0.61 -0.61
1.04 -1.04
0.94 -0.94
0.21 -0.21
-0.93 0.93
2.14 -2.14
-1.10 1.10
-0.50 0.50
0.13 -0.13
-2.06 2.06
0.26 -0.26
0.58 -0.58
-0.75 0.75
-1.08 1.08
0.14 -0.14
1.24 -1.24
0.43 -0.43
-0.60 0.60
-0.11 0.11
1.36 -1.36
0.44 -0.44
1.00 -1.00
0.85 -0.85
0.75 -0.75
0.44 -0.44
-1.51 1.51
1.05 -1.05
-2.16 2.16
1.47 -1.47
-0.32 0.32
-0.39 0.39
-1.13 1.13
-0.60 0.60
-0.01 0.01
-0.21 0.21
