-0.21 1.28
0.45 0.30
-0.29 -1.13
0.57 -2.42
0.20 -0.28
-0.14 0.74
0.44 0.79
-1.11 0.64
1.02 0.49
0.44 1.31
0.24 -0.74
0.36 -0.57
0.26 0.04
-0.49 0.26
1.50 0.19
-0.60 -0.00
-0.73 -2.83
0.18 -0.00
-3.42 -0.58
0.64 0.51
1.06 -0.03
-0.51 0.15
1.21 -0.58
-0.10 -0.06
0.31 -0.42
0.35 0.07
1.78 -0.05
0.55 -0.72
0.10 -1.41
-0.91 -1.18
0.51 2.03
-2.04 0.88
0.95 1.25
-1.09 0.26
-0.62 -0.85
0.10 0.06
-0.46 -0.23
0.33 0.30
0.46 1.73
-0.52 -0.77
-1.33 -1.01
-0.97 -2.17
-0.75 1.06
0.90 0.61
-1.79 -0.19
-1.12 -1.93
1.41 0.30
0.57 -0.21
-0.89 -0.75
-1.41 -1.59
0.07 -0.32
-1.65 -0.00
2.06 0.13
0.60 -0.79
-0.15 -0.86
0.98 -0.42
-0.15 1.37
-0.15 -0.67
2.04 -0.09
0.37 -0.34
-0.10 -1.15
-2.64 -2.65
-0.81 2.10
0.19 -0.08
1.03 1.16
-0.30 0.35
0.28 -0.50
-0.73 -0.68
0.02 -0.79
-0.52 0.08
1.40 0.27
-1.22 -0.55
-1.24 -0.42
-1.65 1.36
0.18 0.16
-0.00 -0.11
0.02 -1.21
-1.85 -1.43
0.51 0.16
0.77 0.90
0.08 0.07
-0.75 1.10
-0.51 -1.02
-1.13 -1.55
0.10 -0.61
-1.05 -1.94
0.94 0.25
-0.28 -0.87
-0.23 0.12
0.13 -2.92
-0.17 -0.43
-1.21 -1.28
-0.48 1.10
1.29 -0.89
-1.27 0.14
-0.13 -0.10
0.27 -0.02
-2.51 -2.09
1.84 0.79
-0.53 -0.46
