0.96 0.75
-0.18 0.32
0.72 -0.27
-0.29 1.17
0.13 -1.32
0.92 -0.09
0.44 -0.16
1.72 -0.08
0.02 -0.59
0.22 0.39
0.60 -1.03
1.03 1.50
1.65 0.52
1.00 0.29
-0.49 -0.28
0.99 0.53
1.43 0.99
-0.93 -1.78
1.38 1.17
-0.17 -0.61
-0.42 -2.08
-0.25 0.42
-1.37 -0.98
-0.04 0.46
0.96 0.94
0.21 -0.38
-1.36 1.17
1.14 -0.06
1.08 0.33
-0.16 0.18
-1.13 -1.46
-1.00 -0.11
1.12 1.76
-0.37 0.79
0.91 -1.06
0.35 1.25
-2.76 -1.77
1.63 1.15
1.44 0.48
-0.68 -1.22
-2.34 -0.99
0.82 -0.91
-0.90 -1.92
0.95 0.71
-1.41 -0.70
-1.20 -1.46
0.19 0.68
-0.75 -0.11
0.71 -0.37
-0.42 -0.54
-0.08 -0.37
0.66 -0.09
2.01 0.84
-0.04 -0.35
0.51 -0.12
-0.87 -0.72
0.45 0.13
-0.60 0.01
1.55 1.29
-1.17 -1.16
0.29 -0.76
-0.58 -0.38
-1.57 -1.80
0.07 0.41
-1.00 -1.27
-0.57 -0.24
0.17 0.81
-2.51 -2.47
1.22 1.41
0.10 0.53
0.02 -0.01
-0.80 -0.33
-0.66 1.59
-0.90 -2.35
-1.05 -0.85
0.79 0.58
0.63 0.08
-1.14 -2.21
0.73 1.99
-0.27 -0.23
-1.06 -1.05
-1.01 -0.93
0.25 -0.32
0.36 -1.15
-1.02 0.09
-0.63 -0.63
-1.05 -1.77
1.68 -0.64
-0.28 1.01
0.39 0.22
