0.91 -0.59
0.16 -0.50
-1.12 -0.27
-0.81 -0.44
-1.77 -0.86
-1.97 0.73
-0.05 -0.37
-0.25 0.30
-0.08 -0.21
-1.60 1.29
2.18 -2.79
-0.21 0.92
-0.80 0.58
-1.97 0.14
0.13 -0.27
-0.31 1.30
-1.21 0.66
0.30 -0.57
-0.05 0.65
-1.80 1.01
-1.67 2.10
0.66 0.05
0.94 -0.10
0.52 -0.31
0.42 -0.54
-1.98 1.84
-0.16 -0.02
0.24 0.25
0.25 -0.69
-1.25 1.91
0.19 0.29
-1.98 1.03
-1.19 0.67
-0.28 0.67
-2.10 1.62
0.37 0.89
0.25 -1.01
1.26 -1.26
0.28 -0.76
0.44 -1.20
0.10 -0.30
-0.82 0.98
-0.52 -0.35
-0.11 0.51
-0.61 0.46
0.53 -0.22
-0.17 0.74
-0.45 -1.11
2.06 -1.07
-1.02 -0.19
2.45 0.05
-0.11 0.34
1.10 -1.92
-0.51 1.30
-0.82 1.57
0.06 -0.77
0.79 1.52
0.64 0.14
0.27 -0.62
-0.39 0.21
0.44 0.18
0.01 -0.25
1.05 -0.15
0.24 -0.92
-0.18 1.07
1.33 -0.92
-1.19 0.24
-1.22 1.82
0.48 0.23
0.42 -0.48
1.65 1.32
-0.44 0.60
-0.07 -0.39
-0.41 0.66
0.06 -0.62
0.88 -1.72
-0.66 -1.03
-1.05 0.47
0.53 0.79
-0.73 -0.97
-0.71 0.57
-0.08 -0.83
-0.50 1.15
-0.63 0.79
0.83 -1.70
0.69 -0.88
0.13 0.58
1.56 -1.61
-0.42 0.62
-0.58 0.06
-0.07 0.72
0.94 -1.78
1.46 -0.99
-0.74 1.05
1.52 -1.26
-1.67 2.74
0.14 0.64
-0.06 -1.38
1.54 -0.54
2.47 -1.35
