-0.14 0.13
2.22 -0.04
-0.28 0.20
-0.04 -0.42
0.50 -0.73
-0.83 0.64
0.54 -0.93
-0.96 -0.14
-0.46 0.26
-0.56 -1.49
-1.50 -0.39
-0.49 0.48
-0.76 0.74
-0.85 -0.79
1.52 2.32
2.00 -0.60
-0.85 0.16
-1.32 -0.85
0.05 1.14
1.16 0.38
2.33 0.14
-0.48 -0.76
-2.56 0.18
-1.28 -1.09
0.47 -0.60
1.13 -0.08
-0.95 0.71
0.02 -0.73
0.01 1.26
-0.32 0.78
-1.03 0.68
0.06 -1.19
1.39 1.33
0.81 -1.04
0.64 0.09
-0.21 0.84
-0.30 1.56
0.01 -0.48
0.80 -1.55
-1.22 0.51
-0.83 1.61
-1.39 0.02
-0.32 -1.71
-0.00 -0.13
0.57 1.14
0.34 2.00
-1.65 1.51
0.15 2.08
0.08 -1.46
-0.58 1.16
