1.34 0.52
1.44 1.67
0.08 -0.10
0.66 -0.56
1.75 -1.09
-0.97 -0.10
-0.61 0.47
-1.53 -1.02
-0.24 -1.53
-0.70 -1.39
0.50 0.44
-1.33 2.11
-1.08 0.96
0.37 0.60
0.91 -1.11
1.19 -1.85
-0.53 1.51
1.67 -1.19
0.53 -1.89
-0.66 -0.97
-0.45 -0.29
-0.06 -0.76
-1.12 0.26
-0.53 0.71
0.07 0.05
0.43 -0.74
-2.21 1.36
0.13 -1.75
-0.94 1.56
0.08 0.27
0.81 -0.88
0.90 0.20
-1.41 -0.52
1.60 -0.26
-1.75 1.52
0.67 -0.44
0.35 -0.43
-0.90 0.79
-1.87 0.68
-1.74 -0.70
-0.05 -1.05
-0.08 0.73
-1.18 1.02
0.75 -0.44
1.03 -0.85
0.12 -0.56
0.28 -1.55
-0.74 -0.61
-0.13 -0.43
0.97 -1.06
