-1.36 0.26
0.83 0.54
-0.50 -0.77
1.39 -0.29
1.56 0.25
2.47 1.33
0.83 1.74
-0.08 0.06
0.65 -1.74
-0.43 0.33
-0.14 -0.22
-0.98 -1.00
-1.29 -1.00
-0.45 0.41
-0.13 -2.07
-0.36 0.29
-0.67 2.19
0.33 2.74
2.42 -0.06
-1.40 -1.11
0.24 -0.84
1.76 0.24
0.78 0.49
0.68 0.61
-0.83 -1.60
0.10 -0.27
0.74 -0.58
-0.47 -1.67
-0.28 -1.40
-1.42 0.75
-1.29 -0.73
1.90 -0.67
1.61 1.24
-1.17 -0.52
1.61 0.42
0.04 0.90
-0.96 1.40
-0.38 -0.58
0.50 -0.35
0.46 0.33
1.21 -1.31
-1.13 -2.26
-0.51 -1.47
-0.26 -0.48
0.43 -0.40
-0.68 -0.03
0.36 -0.02
1.60 -0.32
0.20 0.26
-1.17 -1.34
1.34 -0.21
-0.59 0.21
1.58 1.01
-0.88 -0.34
2.22 1.87
-0.55 -1.28
-1.08 0.30
-1.27 0.24
1.47 0.10
0.27 -0.22
0.57 -0.82
0.36 0.01
0.22 0.25
-1.17 -0.71
0.08 0.69
0.15 0.31
0.55 1.30
-0.80 0.36
0.31 1.07
-0.52 -1.00
1.22 0.46
0.10 2.21
0.79 0.89
1.05 0.81
1.29 0.05
-0.22 0.20
-0.50 2.09
-1.59 -0.04
-0.11 -1.34
1.14 0.67
0.22 0.08
0.87 0.19
-0.31 0.00
0.28 1.98
0.10 0.51
-2.24 -1.54
-1.29 0.23
0.59 -0.16
0.44 -1.12
0.52 0.24
