1.17 -0.35
0.22 -0.86
-0.62 0.62
0.55 -0.24
-1.09 0.44
-0.35 0.40
0.38 0.46
-0.33 -0.77
1.64 -0.23
-1.10 1.17
-0.63 0.59
0.07 -0.77
1.89 -1.72
-0.66 0.31
-1.96 1.82
1.04 -0.98
-0.65 0.21
0.67 -0.60
-0.41 0.46
1.54 -1.18
-0.24 -0.84
0.35 -0.57
0.04 0.18
0.22 -0.39
1.05 -1.29
-0.11 0.64
0.11 1.16
-1.49 1.09
-1.55 1.20
-0.26 0.43
1.08 -1.93
-1.77 0.78
-0.32 0.10
1.36 -0.03
-0.21 0.68
1.03 0.26
-1.31 0.93
-1.02 1.29
0.68 0.02
-1.47 2.36
0.91 -1.05
1.32 -1.80
-0.32 -0.06
-0.99 1.25
-0.63 0.31
1.51 -0.69
-1.76 2.06
-0.06 0.86
-1.09 2.28
-0.88 0.55
