-0.61 -0.58
-0.52 -0.50
-1.45 -1.15
-1.65 -0.65
0.48 0.21
0.26 -0.15
0.99 0.40
1.27 -0.30
-0.53 -0.28
-1.32 -1.48
1.47 1.88
0.41 0.68
-1.48 -0.93
0.75 1.30
-0.06 0.30
0.42 1.94
-2.11 -1.50
0.39 -0.65
0.64 1.38
0.88 0.26
1.97 1.49
0.13 0.68
-0.96 -0.48
0.89 0.87
-1.72 -1.51
0.86 1.16
1.26 1.24
0.01 -0.89
0.06 0.66
1.95 1.31
0.32 -0.02
-0.32 0.09
0.70 0.52
0.99 1.92
1.61 1.91
0.11 -0.26
1.23 1.59
-0.34 -0.17
0.42 0.70
-1.24 -1.53
-0.20 -0.38
0.47 0.71
-0.10 0.67
0.22 0.03
-0.60 -0.65
-2.36 -1.87
-0.20 -0.35
1.09 0.17
0.10 0.71
0.39 0.53
0.95 0.27
1.65 1.32
0.08 0.08
1.23 -0.55
-0.60 -0.59
-0.63 0.44
0.97 0.98
2.07 2.00
2.18 0.86
2.01 1.26
-0.24 -1.30
1.64 2.16
-0.16 0.85
0.06 0.49
-0.97 -0.22
0.87 0.95
0.03 1.15
0.95 0.31
0.88 0.56
0.63 1.81
-1.38 -0.96
0.17 0.54
0.49 -0.17
0.34 -0.39
0.47 1.33
-1.41 -0.35
-0.14 -0.16
-0.12 -0.98
-0.62 -1.31
-0.41 0.20
-0.11 -0.73
0.27 -0.32
0.84 0.28
-0.95 -0.79
-0.69 -0.95
-0.01 0.69
-0.35 -0.24
-0.18 0.58
-1.06 -0.85
-0.47 -0.67
-0.45 -1.00
0.21 1.03
-2.34 -1.44
-1.90 -1.94
-0.25 -0.06
-0.38 -0.65
0.03 -0.64
-1.91 -2.77
0.84 0.41
-0.00 0.06
