-0.31 -0.31
1.00 1.00
0.80 0.80
-0.46 -0.46
-0.59 -0.59
-0.02 -0.02
-0.43 -0.43
1.08 1.08
0.28 0.28
-0.50 -0.50
0.77 0.77
-0.61 -0.61
0.61 0.61
-0.77 -0.77
1.62 1.62
0.59 0.59
-1.10 -1.10
-0.54 -0.54
0.17 0.17
-0.38 -0.38
-0.17 -0.17
0.29 0.29
-1.60 -1.60
0.65 0.65
-0.13 -0.13
0.37 0.37
1.74 1.74
-0.49 -0.49
-0.72 -0.72
-1.79 -1.79
-0.85 -0.85
-1.64 -1.64
-1.40 -1.40
0.05 0.05
-0.09 -0.09
-0.67 -0.67
1.54 1.54
1.13 1.13
-0.59 -0.59
-0.61 -0.61
-0.08 -0.08
-3.82 -3.82
1.13 1.13
-0.19 -0.19
0.52 0.52
0.84 0.84
0.09 0.09
-0.97 -0.97
0.67 0.67
-1.33 -1.33
1.15 1.15
-1.13 -1.13
-0.42 -0.42
-1.18 -1.18
1.87 1.87
0.16 0.16
1.09 1.09
0.35 0.35
1.46 1.46
-3.31 -3.31
-0.30 -0.30
-0.12 -0.12
0.61 0.61
0.71 0.71
-1.35 -1.35
-1.57 -1.57
-0.06 -0.06
-0.79 -0.79
-0.37 -0.37
0.44 0.44
0.20 0.20
0.74 0.74
-1.14 -1.14
0.95 0.95
0.21 0.21
-0.32 -0.32
0.74 0.74
0.51 0.51
-0.76 -0.76
-0.00 -0.00
0.41 0.41
-1.22 -1.22
-0.11 -0.11
1.54 1.54
0.71 0.71
0.84 0.84
-0.20 -0.20
-0.52 -0.52
-0.90 -0.90
0.74 0.74
