-0.09 -0.25
1.29 0.95
-0.38 -0.33
0.61 -0.11
0.24 0.54
-0.18 -0.29
0.35 1.34
-0.10 1.24
0.45 -0.82
-1.10 -1.07
1.99 -0.28
0.68 0.24
-0.00 0.32
0.03 -0.03
0.77 1.06
-2.79 -1.63
1.21 1.51
0.05 -1.52
-0.82 -1.12
1.38 1.33
1.12 -0.05
-0.97 0.99
2.08 1.51
-0.61 1.49
1.28 -0.27
-1.41 -0.32
-1.08 -1.38
0.80 -1.73
0.12 -0.79
1.78 0.83
-0.57 0.12
-0.71 -1.57
-0.88 0.79
-0.34 -1.07
-0.36 0.01
0.43 0.26
0.14 1.83
-1.05 -0.09
-1.94 -1.68
0.35 -0.52
-0.00 0.61
1.04 2.08
1.08 0.31
1.52 -1.15
-0.18 -1.01
0.58 0.92
0.04 0.21
0.63 0.88
-1.38 0.67
-0.15 -0.14
