-1.45 -1.15
0.47 -1.24
-0.71 -1.05
-0.70 1.42
1.08 -0.01
-0.68 -0.68
2.73 -0.70
1.03 0.08
0.55 -1.34
1.76 -1.16
0.53 -0.36
0.18 1.63
-1.93 -0.15
0.47 -0.70
-0.78 -1.06
0.71 0.52
-0.13 -0.38
0.76 -0.11
-0.80 -0.41
-0.74 0.96
-1.99 1.33
0.91 2.31
1.76 0.25
0.15 0.13
-0.67 1.24
-1.14 -0.92
0.62 -0.49
0.28 0.37
1.75 -1.30
-0.71 -0.75
-0.92 0.86
0.83 -0.33
-0.05 -2.10
0.06 -1.52
-1.40 -0.09
-0.29 -0.83
-1.49 -0.53
1.17 -0.77
-1.13 -0.17
-2.21 1.67
0.16 1.56
0.29 -0.35
1.65 0.42
0.52 -0.94
0.97 -0.65
-0.38 -1.11
0.03 -1.51
-0.49 1.01
-0.80 -1.10
0.87 2.17
-0.92 0.45
-0.39 0.70
-0.32 -0.49
0.95 -1.31
-0.09 -0.25
0.09 -0.18
2.04 -0.38
0.44 -0.92
-1.17 0.13
1.91 -0.13
1.78 -2.51
1.37 -1.07
1.53 -1.77
0.62 -1.39
0.32 -0.24
-0.36 -1.83
-0.90 -1.29
-0.26 -0.58
-1.00 0.17
-0.64 1.06
-1.16 0.72
-1.27 0.58
-1.17 0.66
0.84 -0.89
-1.09 1.09
-1.08 -0.50
0.50 -0.47
0.59 -0.68
1.67 -0.33
-0.15 0.63
1.37 -0.61
-0.57 0.40
-0.14 -1.75
0.31 0.76
-0.81 0.34
-0.06 -1.01
-0.01 0.84
0.70 0.25
-1.03 1.26
0.05 -1.15
-0.53 1.75
0.22 0.31
-1.01 0.44
-0.30 0.46
0.37 -1.23
0.84 -0.03
-0.02 -1.55
-1.56 0.91
0.25 0.74
-1.17 1.61
