-0.49 -0.82
-2.31 0.30
0.10 0.33
1.38 -0.47
0.47 -0.88
-1.27 0.21
-0.40 1.48
0.01 2.21
1.34 -2.19
-0.94 0.53
1.34 -1.91
-0.72 1.03
-0.39 0.81
-0.64 -0.38
0.58 -0.08
-1.19 0.88
-1.29 1.71
-1.84 0.39
0.31 -0.40
-1.82 0.56
-0.42 0.29
-2.03 0.70
1.99 -1.75
1.05 -0.65
-0.82 0.30
1.64 1.23
-1.44 -0.70
-0.44 -2.50
-1.72 -0.43
-1.03 2.29
0.78 0.42
0.46 1.60
-1.15 1.09
-1.71 1.01
0.56 0.17
-0.25 0.23
-0.29 1.48
0.13 -0.52
-1.21 -1.92
1.03 -0.48
0.45 1.12
-0.14 -0.38
-1.24 -0.52
-0.80 1.68
0.94 -0.76
-0.12 1.88
-1.12 0.75
-0.75 -1.04
-0.18 -1.17
2.17 0.27
2.30 -1.20
-0.62 1.13
-0.72 -0.31
-1.20 1.38
-0.13 -0.05
0.13 0.21
-0.24 0.29
0.32 1.13
-0.17 0.23
0.16 0.38
-1.56 -0.31
0.84 0.44
-0.22 -0.68
-0.89 -0.84
-1.15 1.23
0.37 0.76
-0.27 0.32
0.81 0.32
-1.71 0.72
1.46 0.04
0.22 -0.12
0.44 -0.33
0.74 -0.70
-0.13 1.05
-0.72 0.31
1.53 -0.97
-0.21 -1.09
1.08 0.83
0.72 -0.64
0.43 -0.85
-0.59 1.74
0.96 -0.81
-0.55 1.85
-0.69 -1.32
-0.21 0.59
0.07 0.51
-0.59 0.39
1.15 -0.28
-0.63 1.07
-1.10 0.17
