0.39 -1.12
2.53 -2.13
-0.07 -0.81
1.74 -0.64
-2.91 0.69
0.10 0.87
1.43 0.53
-0.60 0.95
-0.40 -0.02
0.36 0.27
-0.55 -0.31
0.96 -0.04
-0.42 -0.51
-1.59 -0.81
1.35 -0.09
0.07 0.02
-0.56 1.60
0.65 -0.36
1.17 -0.85
-0.22 -0.73
0.54 0.31
0.33 0.64
-0.58 0.61
0.31 -1.07
0.02 0.37
-0.38 1.02
0.40 -1.56
0.41 -0.43
-0.26 0.66
0.76 -1.10
0.48 1.63
-2.14 1.66
0.65 0.20
-2.58 0.97
0.59 -1.88
1.53 -0.51
1.10 0.08
-0.12 0.51
1.70 -1.24
0.71 -0.32
0.12 0.10
1.10 0.39
-1.48 1.20
-0.72 1.21
-0.75 -0.81
-0.22 -1.74
-0.93 0.88
-0.82 0.38
-0.57 0.34
0.26 -0.30
-0.24 0.68
0.26 1.51
1.51 -0.25
-0.15 -0.70
0.06 0.84
-0.70 0.25
-2.24 1.90
-0.07 2.05
-0.27 0.17
0.30 1.06
-0.71 -0.05
-0.83 -1.49
-0.91 0.03
-0.19 -0.23
-1.97 2.65
0.53 -1.27
0.09 -1.38
-0.71 -0.54
-0.63 0.57
-0.13 -0.29
-1.03 0.50
-0.05 -0.54
1.11 -1.29
1.12 0.41
-1.00 0.57
0.42 -0.76
-1.27 0.09
0.30 0.87
0.22 0.98
-1.75 1.47
0.40 -0.06
-0.65 0.27
-0.69 1.08
-1.68 2.02
0.38 1.02
-0.81 0.47
0.69 -2.51
1.82 -1.51
-0.28 -0.09
-1.01 -0.06
