-0.40 -0.41
0.45 0.54
-2.93 -1.67
1.65 1.36
-0.59 0.50
0.83 -0.16
-0.79 -0.08
0.30 0.28
-0.47 -0.21
0.77 0.10
0.51 0.61
-0.49 -0.04
1.95 0.46
0.61 -0.26
-0.78 -1.64
-0.96 0.06
-0.06 0.26
0.69 1.11
2.45 1.62
0.36 0.35
-0.53 0.63
-1.86 -1.17
-0.60 0.04
-0.21 -1.07
0.36 1.43
2.07 2.06
0.51 0.46
0.24 0.91
0.29 1.21
0.52 -0.06
0.66 -0.18
0.67 2.43
0.40 0.59
0.45 0.89
-0.76 -1.45
-0.75 -1.48
0.32 0.12
0.42 0.40
-0.52 -0.42
-0.11 -1.06
-0.44 -0.70
0.06 -0.74
1.54 -0.17
-1.87 -1.09
0.33 1.86
-0.70 0.13
-0.13 -0.31
2.98 1.82
1.29 1.44
-0.24 0.60
-1.72 -0.90
0.28 0.68
0.08 -0.85
-0.16 -0.88
-1.31 -1.57
-0.80 -1.78
-1.04 0.74
0.72 2.95
-0.13 -0.30
-0.73 -0.05
0.89 0.93
0.68 0.25
-0.52 0.17
-1.87 -1.56
0.83 0.64
0.74 0.48
0.87 0.68
-0.59 0.37
-0.33 -0.79
-0.14 -0.37
0.90 0.75
-1.10 -0.58
-1.01 -0.24
0.43 -0.46
1.14 1.90
0.33 -0.43
-0.08 -0.98
1.92 1.41
-1.16 -1.63
-0.93 -0.09
0.38 0.11
-1.32 -1.69
0.64 0.47
0.38 -0.76
-0.25 -1.13
-0.00 0.41
-2.32 -0.68
0.37 0.03
-1.55 -2.31
0.86 0.41
1.62 1.09
-0.95 -0.72
0.48 0.68
-0.23 -1.08
-0.25 -1.02
-0.85 -0.93
0.04 -0.50
-1.36 -0.53
0.20 -0.55
0.47 0.27
