-0.21 0.91
0.27 -1.09
-1.20 2.63
0.67 0.19
0.30 -0.02
0.82 -1.13
0.19 -0.29
0.78 0.66
-0.17 1.37
-0.08 -1.40
-0.68 -2.34
0.43 0.01
-1.64 -0.26
-2.10 1.07
-0.41 -0.67
-1.29 1.12
-1.42 0.44
0.28 -1.41
0.03 1.63
1.35 1.35
0.73 -0.34
1.11 -0.81
-0.52 0.29
-0.73 1.11
0.33 -1.56
-0.13 -0.27
1.19 0.17
1.75 0.44
0.23 0.08
-1.22 -0.77
-1.86 -0.12
1.33 -0.94
-0.80 -0.75
-0.60 0.88
-0.87 1.16
-1.19 0.63
1.38 -0.42
-0.07 1.33
0.65 0.48
1.38 -1.66
-0.68 0.96
-0.09 1.54
-1.06 -1.39
-0.68 0.81
0.05 -0.58
-0.02 -0.55
-1.14 1.43
-1.94 1.75
-2.56 0.70
0.21 -0.68
-1.37 1.49
-1.38 0.81
-1.18 0.42
-0.10 -0.81
-0.95 -0.31
-2.69 0.19
-0.51 0.76
-0.99 -0.14
1.27 -0.12
1.50 -0.72
-0.21 -1.41
0.74 -0.55
0.35 -0.16
-1.17 0.89
-0.24 -0.06
-1.70 2.32
1.41 -1.78
-1.38 1.11
-1.16 0.95
-0.13 0.04
-0.24 0.96
0.14 0.53
-0.02 0.75
-0.59 1.02
0.03 -1.14
0.35 -0.66
1.41 -2.26
0.67 -1.05
0.17 -0.23
-0.04 0.68
0.67 1.21
-0.82 -0.14
1.97 -0.52
0.37 0.33
0.12 0.09
-0.04 0.68
-1.13 0.21
-0.93 -1.14
-1.19 -0.25
1.01 -0.48
