0.05 -0.32
0.03 0.35
0.70 0.86
0.16 0.73
-0.98 -1.07
0.13 0.85
1.97 -2.20
0.50 -0.16
-0.08 0.20
1.26 -0.83
0.05 1.34
0.89 0.94
-0.87 0.49
0.56 1.80
-0.65 0.73
0.33 0.49
1.56 -1.21
-0.18 -0.78
0.72 0.18
-2.00 0.42
0.61 0.45
-0.71 -0.34
-0.00 0.50
-1.22 -0.39
0.68 -0.32
2.68 -2.36
-0.36 0.06
0.59 0.24
0.40 1.38
-0.95 1.17
-0.11 -0.35
-1.38 0.72
-0.06 0.58
-0.85 0.40
0.93 -1.07
-0.01 1.79
0.17 0.72
1.65 0.61
0.07 -0.34
-1.60 2.75
-0.54 -0.23
1.63 -1.33
-0.65 -0.43
1.61 -1.12
1.26 -0.51
0.45 0.89
-1.55 -0.19
0.08 1.75
1.47 0.23
0.52 -0.94
-1.63 -0.75
0.09 -0.25
-0.30 0.09
-0.27 -0.42
-0.62 1.82
-1.33 1.56
-1.46 -0.64
-0.63 0.79
-0.56 0.07
-0.04 0.93
-0.95 0.38
0.39 -0.39
0.90 1.06
2.32 -1.40
0.56 -0.22
1.46 0.26
0.20 -0.74
1.27 -0.56
-0.47 0.33
-0.80 0.69
-0.52 -0.78
-0.03 -0.43
-0.86 -0.96
-1.07 0.94
0.18 -0.56
1.24 -1.96
1.33 0.36
0.58 -0.91
0.06 0.56
-2.19 -0.15
-0.24 -0.03
-0.84 1.52
-0.80 -0.36
-1.47 2.07
-1.20 -2.17
-1.25 -0.10
0.63 1.80
0.50 -1.64
-1.55 -1.09
0.42 -0.24
