0.46 0.39
0.89 -0.02
-0.85 -0.08
0.01 -0.46
0.82 -0.14
0.14 0.35
0.90 1.17
0.82 0.81
-1.07 -0.57
0.91 0.52
-0.17 -1.04
1.89 1.81
0.05 -0.18
-0.10 -0.65
-0.40 -0.54
1.09 1.30
-0.16 -1.44
0.04 -0.59
0.91 1.11
-3.95 -2.33
-0.87 -1.11
-1.00 -0.68
-0.22 -1.04
-0.25 -1.13
-1.42 -2.33
1.38 -0.47
-0.18 -0.43
-0.38 -0.14
1.21 1.98
-0.06 0.20
0.11 0.71
0.08 -0.53
0.55 0.46
-1.64 -1.31
1.54 2.58
-0.38 -0.28
0.26 0.88
-1.05 -0.99
-1.08 -1.29
1.58 0.84
1.06 0.70
-2.28 -2.09
0.03 -0.07
-0.90 -0.90
-0.16 -0.58
-0.36 0.00
-0.16 -0.14
0.14 0.68
0.96 -1.42
1.41 1.57
1.42 0.50
0.60 -0.51
0.47 0.45
-0.32 -0.27
-0.12 -0.44
-0.47 0.15
-0.29 0.19
0.09 1.29
-0.09 -0.22
0.07 -0.32
-0.73 -0.16
0.23 0.06
0.13 0.26
-1.98 -1.98
-0.17 -0.63
0.70 0.31
1.80 1.72
1.14 0.82
0.27 0.21
-0.29 0.04
0.04 -0.83
-1.51 -1.26
0.17 0.88
0.87 1.39
0.46 0.90
-0.15 0.03
1.10 1.00
1.12 0.17
-0.49 -0.75
-0.56 -0.36
0.61 0.54
-0.15 -0.37
0.18 -0.16
1.46 0.68
1.90 0.55
-0.37 -1.06
1.84 2.29
1.56 2.07
-1.79 -1.31
1.18 0.69
