1.27 -1.82
0.78 0.03
0.86 -0.05
0.51 0.24
1.12 0.69
1.05 -0.78
-0.70 0.31
-0.05 -0.42
0.22 0.45
0.04 -0.32
-0.99 0.88
0.89 0.27
-0.36 -0.15
-2.89 2.16
0.02 -0.69
0.40 -0.54
1.72 -0.56
1.91 -1.16
-0.09 -1.33
0.48 0.13
-0.26 0.32
0.07 -0.67
-1.77 0.01
-0.48 0.00
1.12 -1.80
1.06 -2.31
0.68 -0.80
0.66 -1.51
0.29 0.46
-0.42 0.78
0.33 -0.99
0.16 0.77
-1.09 0.98
0.86 -1.42
-0.51 0.39
2.03 -2.62
-1.03 1.57
-0.28 0.49
0.66 -0.64
-0.07 -0.24
-0.21 -0.83
-0.29 1.10
-1.24 0.36
0.05 -0.62
-2.42 2.09
0.43 -1.41
1.96 -0.49
1.00 -0.24
0.30 -0.96
-0.34 -0.10
