-0.77 -0.23
-0.75 0.02
0.08 1.45
-1.27 -1.67
0.25 -1.11
0.13 -1.08
0.56 -0.61
0.83 -0.13
-1.37 -0.37
1.02 1.13
1.11 -0.88
0.45 -1.02
0.97 -0.62
-1.12 0.16
-0.32 -0.61
-0.69 -0.30
-1.31 -0.55
0.34 1.50
-0.55 0.84
-0.08 -1.01
-0.06 0.25
-0.54 -1.09
0.50 0.27
0.91 1.60
1.98 0.13
-0.84 0.57
0.87 -0.70
1.48 -0.11
0.85 -0.07
0.10 1.00
1.28 -0.47
-1.53 -0.09
0.98 -1.66
0.05 1.99
-1.46 -2.56
-0.96 1.91
0.53 1.10
-0.71 -0.33
-0.74 0.44
0.62 -1.73
-1.03 1.73
1.07 0.32
0.12 0.32
0.61 -1.35
-0.78 0.40
-0.69 -2.22
-0.72 0.46
0.52 1.01
1.23 0.29
1.57 -0.37
0.51 1.63
0.70 -0.41
-1.66 -0.96
1.81 -1.47
-0.75 0.38
0.47 0.69
-0.68 0.49
-0.24 2.10
-0.98 1.61
-0.32 0.01
-0.75 -1.67
-0.95 -0.82
1.43 0.49
0.38 -0.42
-0.04 0.59
0.24 0.85
1.18 -0.14
0.14 -1.34
0.80 0.86
1.01 0.78
-1.33 -0.23
1.01 -1.19
-0.87 0.12
-1.07 -0.25
-0.01 -1.98
-1.31 0.33
-1.22 0.75
-0.67 -0.69
1.24 1.57
-0.01 0.42
0.33 -0.57
2.45 -0.71
0.60 1.34
-1.92 0.02
-0.09 0.65
-1.01 -0.68
-0.06 -1.78
2.22 0.34
-0.74 0.42
-1.47 1.13
-2.66 -0.13
1.03 -0.23
-1.79 1.11
0.10 -0.51
0.51 0.82
0.65 -0.91
0.86 1.32
-0.51 0.73
1.08 -0.17
-0.36 -0.27
