-0.20 -0.25
1.43 1.08
1.77 0.18
-1.78 -0.76
0.21 -0.38
0.21 2.53
-0.53 -1.61
0.23 -0.48
-0.44 -0.37
0.89 0.86
0.70 -0.32
-1.43 1.20
-0.12 1.29
-0.78 -1.14
0.70 -0.12
0.43 -0.41
-1.69 -0.85
-1.65 0.90
-0.20 -0.88
0.61 0.24
0.52 0.84
-1.03 -1.05
1.42 1.86
-0.49 -0.20
1.73 1.19
1.66 -0.44
0.21 0.66
0.71 -0.58
0.99 -0.23
-0.48 -0.12
-1.03 0.81
-0.19 -0.73
0.38 -0.67
0.43 -0.36
0.36 -3.05
0.63 0.75
-0.45 -1.55
-1.37 -0.19
-0.70 -0.05
-1.38 0.32
-0.91 0.94
-0.39 1.66
0.89 1.30
-0.03 2.59
-1.56 0.00
-0.21 0.16
0.06 0.54
-0.69 -0.44
0.10 1.36
1.24 0.70
0.85 -0.56
-0.56 -1.17
1.89 -0.28
-1.59 -1.26
-0.18 0.84
-0.44 -0.15
1.15 -0.43
-1.03 0.08
-0.83 -0.27
-1.89 1.15
-0.04 -0.18
1.12 -1.14
-0.45 -0.19
-1.01 0.44
-1.40 2.08
0.43 -1.16
-2.25 0.04
-0.49 0.09
-1.03 0.09
-1.13 -1.73
1.32 0.19
-0.03 -0.12
-1.13 -1.77
1.31 0.54
-0.83 0.79
0.87 0.04
-0.19 -1.49
0.48 -0.89
0.60 0.95
1.63 1.52
0.13 -0.44
-0.44 -1.60
1.09 0.62
1.80 1.40
-1.21 -0.90
0.03 -0.17
-2.03 -1.02
0.81 0.79
0.12 0.35
-0.61 -0.31
