0.19 -1.15
-0.35 -0.09
-0.79 1.08
-0.15 -0.16
1.28 -0.04
-1.42 -1.83
0.47 -1.35
-0.01 1.05
1.06 -0.21
1.24 -0.64
-0.47 0.52
2.35 2.47
0.36 -0.56
-1.57 0.80
1.85 0.09
1.28 -0.31
0.27 -0.11
-1.12 0.78
-0.56 -0.19
-0.03 1.22
-0.72 -0.87
-0.57 1.45
-0.53 1.38
0.67 -1.03
0.08 -1.22
0.12 0.90
1.22 -0.24
-0.18 -0.93
0.54 -1.05
0.32 0.09
-1.74 1.56
0.07 0.46
-1.56 1.01
0.86 -0.23
-0.20 -0.40
-1.26 -2.01
-0.34 0.27
0.81 -0.53
-0.35 0.22
0.29 -0.56
-0.21 -0.23
0.34 -0.90
0.87 -2.17
0.01 0.27
2.39 0.57
2.34 -1.34
-0.56 -1.32
1.10 -0.26
0.24 1.73
1.86 -0.45
