0.19 2.83
0.96 0.63
-1.45 -1.67
-0.75 -0.17
0.16 0.03
0.10 -0.63
-1.31 -0.22
-1.29 1.19
-1.10 -0.21
1.59 -0.43
2.01 0.87
-1.05 0.72
0.19 -1.00
1.06 -0.09
0.02 -0.72
-1.04 1.53
0.50 -0.01
0.75 0.30
0.61 0.10
0.94 -0.89
-1.55 -1.79
0.21 1.09
-1.18 0.31
0.03 -1.32
-0.22 0.14
1.05 -1.21
-0.22 0.07
-0.14 1.45
-0.10 1.13
0.85 -0.17
1.54 -0.53
0.99 0.76
1.00 1.01
0.70 0.87
0.80 -0.50
-0.15 0.37
-1.99 -1.10
-0.39 0.39
-0.28 1.01
-1.42 0.38
0.80 1.45
-1.70 -1.74
-0.20 -0.58
-1.37 -1.42
0.02 0.17
1.57 0.40
0.11 0.76
-1.09 1.41
-0.09 -1.05
-2.23 -1.09
1.70 0.20
-1.48 1.26
1.64 2.24
-0.58 -0.64
1.66 0.29
0.42 -1.03
0.35 0.85
-0.45 0.04
-0.10 -0.34
-1.55 -1.23
0.75 -1.07
-1.08 0.36
-1.99 -1.25
-0.61 -0.04
-0.17 -1.53
-0.16 1.09
1.68 0.40
-0.22 -0.93
-1.14 0.40
-0.20 1.09
-0.63 -0.26
-0.33 0.57
0.66 -0.28
0.12 -1.68
0.19 -0.08
-0.53 -0.87
1.54 -0.61
-1.24 -0.34
0.75 0.89
0.31 -0.57
0.23 -0.63
0.91 -1.37
0.32 1.21
0.51 1.69
-1.67 -0.17
1.53 -0.78
0.26 -0.65
1.50 -0.87
0.38 -1.21
0.15 -0.16
0.72 0.14
0.47 1.12
0.34 -1.14
1.34 0.16
-1.23 -0.70
-2.16 -0.77
0.70 1.91
-0.25 -1.29
-0.05 1.34
0.23 2.39
