-1.08 -0.35
-0.96 0.80
0.21 -0.58
-0.68 1.64
1.13 1.11
0.02 2.35
-0.96 0.86
0.71 -0.23
-0.55 -1.23
-1.11 1.56
0.28 -0.62
1.14 -1.56
1.22 -2.66
-0.42 -0.81
-0.27 1.33
0.87 -0.46
0.71 -0.71
-1.34 1.52
1.72 -0.55
-0.68 0.06
1.80 -1.87
0.06 -0.54
0.16 0.71
0.31 -0.52
0.63 -1.00
0.25 1.31
2.24 -1.11
0.56 1.29
1.23 0.22
-0.79 0.55
0.53 0.22
-0.99 1.68
0.73 -0.62
-2.29 0.36
1.14 -1.27
-0.82 1.31
-1.51 0.57
0.27 -0.38
0.39 -0.69
0.85 0.24
0.62 1.80
0.27 -0.54
-0.02 0.14
0.08 -1.30
-0.37 0.43
0.03 -1.10
-0.11 -0.18
-0.58 0.11
1.23 -0.88
2.19 -0.83
-0.06 1.28
0.57 0.13
-1.44 0.61
-0.72 1.23
0.61 0.42
0.76 -0.55
-1.18 -0.42
-0.28 1.12
-2.53 1.09
-0.61 -0.70
1.58 0.52
-0.93 0.27
0.90 0.24
0.17 0.64
-0.61 -0.41
0.05 -0.91
0.20 -0.37
0.28 0.37
0.64 -1.12
-0.61 0.85
-1.36 0.31
-1.31 -1.65
-0.37 -0.49
0.37 0.92
-1.34 0.07
-2.09 1.88
1.82 -1.07
0.66 1.15
-1.07 0.84
-0.58 0.91
-0.90 -1.63
-1.20 -0.67
-1.44 -0.29
0.11 0.51
-0.62 0.93
0.24 -0.79
0.37 0.06
0.30 -1.30
1.25 -0.76
-1.78 0.92
1.91 -1.78
0.47 0.88
-0.37 0.43
-0.87 -1.63
-1.24 0.55
0.40 0.36
0.90 -2.15
-0.66 0.26
-1.63 0.15
0.29 -0.01
