-0.76 0.03
1.75 0.66
-0.30 -2.31
1.25 0.40
0.94 0.69
1.26 0.93
0.76 0.11
-0.89 -0.72
1.15 0.29
-1.01 -0.30
-0.54 0.66
0.10 -0.72
-0.17 -1.34
-0.62 0.52
0.20 -0.87
-1.12 -0.29
-0.38 -0.33
1.08 2.05
0.46 -0.80
0.97 0.04
-0.94 0.30
-0.35 -0.14
1.89 -0.11
0.60 -0.59
1.30 0.77
-1.18 -0.41
0.68 0.38
0.86 -0.36
0.36 -0.18
1.60 1.04
0.58 -0.17
1.99 0.87
0.75 1.34
-0.18 -0.46
0.69 -1.61
0.20 -0.48
-0.02 0.47
0.24 0.03
1.50 3.12
-0.27 1.12
-1.45 -0.25
1.36 -2.21
0.92 -0.44
-1.46 -1.22
0.63 0.31
1.26 0.94
-0.26 0.56
0.35 0.17
1.48 0.80
0.25 1.02
0.77 1.27
0.45 1.27
0.60 -1.99
1.12 -0.94
-0.46 -0.79
-0.84 -0.62
-1.50 -0.01
1.09 0.40
0.99 -0.72
-2.00 -1.66
-1.42 -0.53
-0.61 0.34
-0.92 0.95
-0.50 0.39
-2.72 -0.71
1.08 1.67
1.02 0.78
-0.04 -0.77
-1.25 -2.29
0.64 0.28
-1.44 -0.78
-0.21 -0.70
-0.59 -0.77
-0.90 -0.87
-1.31 -0.31
-0.96 0.00
-0.11 -0.67
1.19 0.91
0.23 -0.46
1.78 0.52
-0.93 -1.34
-0.98 0.40
1.37 0.45
1.45 1.05
-0.11 2.45
0.57 -1.02
0.60 -0.18
0.66 2.27
0.24 -0.18
-0.72 -0.80
