-1.28 1.15
0.51 0.00
0.69 -0.42
0.42 -0.11
0.36 -0.20
-0.28 0.58
0.54 0.51
0.58 -0.76
-0.19 -0.27
-0.51 0.10
0.30 0.39
1.62 -1.25
1.99 -2.27
2.76 -2.73
-1.82 1.39
0.82 -0.59
-0.95 0.39
-0.10 0.23
0.42 -0.53
0.16 0.34
1.08 -0.60
1.22 -0.72
1.21 -1.35
-1.21 1.51
-0.39 -0.26
1.55 -1.95
-1.97 1.34
0.90 -1.75
0.11 -0.31
0.36 -0.63
0.15 0.07
-0.13 0.39
-0.30 -0.06
1.34 -2.22
-0.81 0.85
-0.81 0.35
-0.51 -0.07
-1.17 1.40
0.80 -0.17
1.02 -1.28
0.56 -0.55
0.33 -1.05
-1.24 0.67
-0.01 -0.32
-0.75 0.89
-1.21 1.63
1.03 -0.99
-0.26 0.04
-1.17 0.27
1.39 -1.37
