-0.78 0.78
2.37 -2.37
-1.66 1.66
1.42 -1.42
-0.92 0.92
-0.39 0.39
0.03 -0.03
-0.50 0.50
-0.88 0.88
0.08 -0.08
-0.82 0.82
-0.06 0.06
0.59 -0.59
-0.49 0.49
0.67 -0.67
-0.13 0.13
0.03 -0.03
-1.57 1.57
-1.15 1.15
-1.05 1.05
0.67 -0.67
-1.01 1.01
-0.54 0.54
2.47 -2.47
0.27 -0.27
1.63 -1.63
-0.18 0.18
-0.15 0.15
-0.14 0.14
0.13 -0.13
0.68 -0.68
-1.32 1.32
0.70 -0.70
-0.35 0.35
-0.42 0.42
-1.65 1.65
-0.09 0.09
0.48 -0.48
0.10 -0.10
0.41 -0.41
-1.91 1.91
-0.92 0.92
-0.17 0.17
-2.80 2.80
-1.29 1.29
-0.95 0.95
0.69 -0.69
-0.20 0.20
0.36 -0.36
0.31 -0.31
