-1.53 2.48
1.02 0.31
-1.90 -1.26
0.10 1.12
0.58 0.84
-1.43 -0.91
-1.70 -0.11
-0.18 1.13
0.55 0.76
0.46 1.35
1.21 0.89
0.96 -0.72
0.92 -0.30
0.16 0.25
-1.65 0.13
0.54 0.89
-0.64 -1.26
-0.12 -0.17
0.21 0.19
0.31 -0.74
2.01 0.20
0.25 0.86
0.78 0.12
0.48 -0.84
1.45 2.67
1.68 0.01
0.73 2.06
-0.22 -0.23
-1.57 0.49
-0.27 0.41
0.27 0.84
0.53 0.08
-0.38 0.25
-0.84 0.42
0.28 -1.45
0.40 0.16
0.09 -1.35
-0.00 1.15
1.54 0.39
0.61 -1.21
0.70 0.96
-0.64 -1.56
-0.05 -0.57
-0.08 1.10
-1.09 1.09
-1.58 1.15
0.22 2.33
0.23 -1.59
1.68 -0.14
-0.56 -0.55
-1.71 0.80
0.61 1.10
0.43 -0.70
-0.81 -0.65
-1.50 -1.09
1.21 -0.59
0.86 -0.18
-0.12 -0.26
-0.53 -2.07
-0.78 -1.34
1.40 -0.44
-2.24 -1.88
1.76 -0.21
2.37 -0.14
0.06 0.70
0.46 1.67
0.02 1.16
0.36 1.58
-0.54 0.41
0.29 -1.28
-0.12 -0.08
-1.30 -1.41
0.22 -0.29
-1.71 -0.09
1.62 -0.95
1.56 0.07
-0.23 -0.22
0.48 -1.50
1.66 -1.16
-0.68 -0.41
0.30 -0.17
1.72 -0.33
0.10 0.49
-1.70 0.34
0.63 0.51
0.25 -1.12
-0.24 -1.24
-0.23 -0.42
0.77 -0.29
-0.17 0.72
