0.11 1.02
0.53 0.96
0.90 1.44
-0.99 -1.24
1.54 0.64
1.68 1.25
-0.77 1.25
-0.20 0.18
0.50 -1.01
-0.57 -1.46
-0.62 0.05
-0.17 -0.17
-1.85 -1.03
-0.51 -0.21
-1.01 -0.40
0.27 1.21
-0.70 -0.01
0.81 1.20
0.20 -1.02
1.46 1.76
-1.47 0.83
-0.33 0.14
1.59 0.17
0.76 -0.09
-1.09 0.31
0.07 -0.19
0.42 1.04
1.67 1.13
-0.35 -0.56
0.99 -0.05
1.52 0.07
-0.77 -0.87
-1.45 1.82
1.26 0.34
2.48 1.29
-1.01 -0.66
-1.38 -0.52
1.01 -0.16
0.08 -1.34
2.45 1.48
-0.22 0.95
-1.28 -2.70
0.44 0.71
-1.90 -1.37
-1.32 -0.86
0.65 -0.49
0.50 -0.48
-0.65 0.12
-0.39 -0.18
-0.32 0.57
-0.55 1.20
1.15 0.21
0.50 -0.46
0.86 0.14
0.33 0.31
-0.38 -0.07
-0.95 -0.44
1.34 -0.16
0.78 0.90
-1.37 -1.18
-0.78 -0.52
-0.47 0.89
-0.05 0.70
0.35 2.18
0.56 -0.59
0.18 0.17
-0.18 -0.09
0.76 1.39
0.38 -1.65
0.24 0.31
-1.87 -1.74
-1.25 -0.45
-0.27 1.33
0.03 -1.32
-0.31 0.25
-1.11 -0.24
1.41 0.54
-0.56 -0.62
-2.26 -2.75
0.16 -0.44
0.32 -0.67
0.62 -1.53
0.94 -1.01
-0.20 0.79
-1.37 -1.24
2.04 0.96
0.28 0.71
1.37 -0.01
0.46 -0.85
-0.51 -1.03
-1.35 -2.43
-1.94 -1.97
-0.60 -0.46
0.70 0.56
-0.18 -0.07
0.16 1.10
-0.18 -0.87
0.43 0.30
-0.68 -0.73
-0.19 0.60
