-1.36 -2.32
0.63 1.23
1.06 1.11
1.07 -0.07
-1.45 -1.35
-1.39 0.42
-0.14 -0.51
0.83 1.61
1.98 0.79
0.79 1.54
-1.15 -0.83
0.11 -0.71
-0.01 0.74
-1.07 -0.97
-0.27 -0.09
0.25 -0.84
-0.15 -0.29
-0.07 -1.00
-0.54 -0.35
-0.76 -0.60
0.61 -0.23
-1.28 -1.02
0.55 -0.43
0.62 0.36
-0.40 -0.39
-0.96 -0.09
-1.14 -2.00
0.53 -0.07
2.11 0.83
-0.29 -0.64
0.43 1.75
-1.59 -1.20
0.17 -0.21
1.50 1.32
1.09 1.28
-0.24 0.06
-0.66 -1.44
-0.59 -0.21
-1.45 -2.04
-2.11 -0.08
-0.83 -0.82
0.68 -0.39
-0.68 -0.09
-1.47 -0.17
1.66 0.88
-0.37 -0.70
-1.08 -1.55
1.13 -0.09
0.16 -2.05
0.68 -1.78
