-0.25 0.09
0.17 -0.21
1.48 -0.61
0.30 1.08
-0.72 0.67
0.87 -0.27
0.18 0.89
-1.42 -0.43
-0.07 0.34
0.24 -1.16
1.03 0.05
0.76 -0.21
-1.14 0.61
-0.48 0.01
-0.32 1.25
0.69 -1.20
-1.43 0.66
-0.76 1.68
-0.11 1.40
0.87 -2.07
0.29 -0.34
0.48 -0.22
-1.29 -0.41
-1.35 -0.22
-0.85 -0.04
-0.41 0.99
-0.13 0.08
0.53 1.55
0.05 1.13
0.20 0.19
-2.18 2.30
-0.71 0.86
1.12 -0.98
-1.79 1.66
0.27 -0.09
-0.75 0.12
0.21 1.27
1.71 -1.08
0.17 -0.44
-0.61 0.85
2.26 0.00
1.53 -0.32
-0.55 1.39
0.43 0.15
2.05 -1.90
-0.06 -0.19
1.10 -0.76
-0.01 0.42
0.92 -0.81
-0.32 -0.52
0.67 -0.64
-0.99 -1.55
-0.67 0.94
1.86 -1.23
-2.00 -0.16
-0.41 0.41
0.02 -1.08
0.49 -0.25
0.39 -0.26
-0.61 0.64
-0.30 0.58
1.13 0.32
-0.49 0.73
-1.97 2.40
-1.24 1.48
0.72 -1.31
-0.07 -1.45
0.02 -0.52
-2.07 1.92
1.30 -1.04
0.18 -0.70
0.77 -0.04
-0.75 0.83
0.99 0.34
1.37 -0.98
1.28 -2.24
-0.24 0.56
-2.06 0.42
-0.43 0.45
-0.52 -0.74
-0.36 0.92
0.22 0.85
-1.32 0.01
1.14 -2.30
-0.38 -1.08
-0.77 1.11
1.47 -1.31
-1.03 0.07
1.15 -1.00
0.97 -1.03
-0.46 1.73
2.42 -1.92
1.03 -0.48
0.45 -0.84
-1.47 0.71
-0.47 0.11
-0.35 0.44
0.12 -0.96
-0.56 -0.72
-0.47 0.59
