0.34 1.15
0.76 0.29
0.57 -0.41
0.39 -0.63
1.81 2.06
0.55 0.40
-0.92 0.79
-0.93 1.17
0.76 -1.21
-0.69 0.10
-0.01 1.23
0.30 -0.26
1.43 -0.65
-0.43 -0.67
-1.44 -1.56
-0.97 -0.62
0.71 -2.15
0.63 -1.03
0.65 1.61
1.20 -0.19
-1.04 -0.19
-2.61 0.51
0.92 0.33
0.03 0.05
1.15 -1.87
-0.50 -0.65
0.22 -0.29
0.31 -0.95
0.82 -0.93
-1.78 -0.72
1.47 -0.61
-1.00 0.72
-0.57 1.07
-1.19 -0.81
1.42 2.57
0.61 -0.76
0.19 -1.21
-0.81 1.27
-0.02 0.01
-0.19 -1.64
-0.27 2.75
-1.40 0.99
1.33 0.33
-1.85 -0.39
-1.04 -0.11
-1.43 -0.57
-1.72 1.06
1.45 1.09
-0.02 0.70
1.32 -1.06
-1.37 0.13
-1.37 1.37
-0.81 -1.93
1.14 -0.08
-0.22 -1.73
-0.87 -0.37
-0.03 0.36
-1.93 -0.65
0.47 -0.08
-1.06 -1.30
1.91 -1.09
1.19 0.08
-1.29 -0.02
-0.13 0.25
0.64 0.73
0.49 -1.01
-0.01 1.08
0.41 -0.01
-1.03 0.91
-1.54 1.01
0.27 -2.32
1.33 1.27
-0.96 1.12
1.87 0.38
-0.01 1.08
0.82 2.03
0.28 0.21
0.33 0.13
-0.42 -1.44
1.17 0.20
-0.51 -0.91
0.00 0.21
2.04 -0.94
-1.39 -0.47
0.56 -0.50
0.74 0.11
-0.53 0.34
0.79 0.22
0.40 0.21
-0.95 0.05
-0.46 -0.64
0.82 0.73
1.50 -0.66
-0.20 -0.08
-1.04 -0.29
0.18 2.00
0.05 0.55
0.37 0.15
-0.26 -0.12
0.04 -0.37
