0.37 0.95
-0.14 -0.28
1.29 -0.24
-1.32 0.84
1.27 -1.35
-0.24 0.06
0.37 0.64
-0.55 -0.59
0.48 -0.76
0.78 -0.09
-2.62 2.65
0.78 -2.04
0.54 1.01
0.97 -1.74
-1.27 -0.17
-1.74 1.41
-1.60 2.50
-0.25 -1.38
0.00 -0.14
0.51 -0.13
0.42 -0.15
0.73 1.56
-0.81 0.44
0.14 -0.10
0.53 -1.14
0.69 -1.29
0.38 -0.22
0.21 0.06
0.72 -0.70
-0.26 0.63
1.70 -0.84
2.64 -2.62
-0.45 0.61
0.48 -0.05
-1.49 1.56
0.82 -1.41
1.23 -0.50
0.69 0.22
-1.72 0.41
-0.67 -1.00
0.73 -0.14
0.18 0.89
0.24 -0.55
-0.71 -0.12
0.29 1.44
0.61 -1.54
-1.45 -0.27
-0.08 -0.98
0.72 0.86
-0.81 1.23
-0.16 -0.88
0.83 -1.68
1.02 -0.82
-0.04 0.08
-1.04 2.21
-0.46 0.20
-0.72 -0.39
-1.45 0.45
-0.89 0.28
-0.77 0.14
1.09 0.14
-0.24 0.02
0.42 -0.90
2.24 -0.95
1.79 -2.62
-1.21 0.76
-0.12 -0.04
2.22 -0.97
1.37 -0.39
0.83 -1.03
-0.19 -0.81
-0.20 -0.83
0.07 -0.32
1.38 -2.65
0.26 0.30
0.72 0.02
-0.35 -0.60
-0.56 -0.25
-0.03 -0.48
0.18 -0.64
0.18 -0.35
-1.81 0.17
-0.74 -0.05
-0.41 0.34
1.63 -0.44
1.20 0.63
-1.33 0.88
-0.00 0.21
1.70 -0.63
-0.59 0.21
