-0.68 -0.26
-0.06 0.06
1.32 -0.90
2.02 -1.47
-0.52 -0.29
-0.64 -0.43
1.71 -1.00
0.69 -0.15
0.76 -1.05
-1.01 0.48
0.53 0.93
-0.03 0.68
-0.82 -1.24
-0.60 -1.04
0.96 -2.91
-0.16 0.25
1.80 -0.75
-0.84 0.97
-0.91 -0.44
0.18 0.27
0.35 -0.97
0.04 -0.60
0.18 0.14
-0.76 0.06
-0.30 0.06
-2.83 1.62
-1.60 0.84
0.68 0.16
0.61 0.74
0.53 -1.04
0.47 0.42
0.88 0.37
-0.02 -0.94
0.65 0.63
1.19 -0.20
0.46 1.23
-1.12 1.19
0.98 -1.09
0.87 -0.93
-1.07 1.58
0.68 -1.11
0.76 -1.26
0.25 0.51
-0.74 1.09
-2.03 1.95
-0.65 0.60
-1.87 0.87
0.71 -2.16
1.01 -1.17
-0.32 0.20
