0.15 -2.08
0.09 0.50
-0.94 0.34
-0.98 0.89
0.32 -0.93
-0.47 -0.09
0.98 -0.91
-2.15 0.20
0.22 0.87
1.62 1.78
0.63 -0.31
-0.39 0.22
-0.01 -0.57
2.04 -0.19
0.07 1.07
0.97 -0.25
0.22 -1.71
-0.28 0.44
-0.57 0.57
-0.94 -0.55
0.73 -0.05
-0.59 1.06
-1.92 -0.34
-1.68 0.94
-0.39 -0.88
1.02 -0.62
1.58 -0.32
-0.88 -1.84
0.21 -0.10
-0.21 0.58
0.93 -0.84
-1.08 0.08
0.16 -1.67
1.00 -0.02
-0.37 -0.71
-0.98 -0.79
-0.90 2.50
-0.10 1.56
0.33 0.38
0.07 0.17
-1.03 0.95
1.23 -0.35
1.83 1.93
0.21 -0.73
-1.24 -1.08
0.78 -2.08
0.29 -1.03
1.02 0.69
-0.25 1.37
-0.32 1.59
1.04 0.00
0.76 -0.32
-1.88 -0.03
0.92 -0.82
-2.60 -0.16
-0.27 0.00
-2.18 0.06
-0.52 -0.84
-0.36 0.51
-0.25 0.95
2.18 -0.86
-0.40 -0.50
-0.30 0.20
-1.43 -0.06
0.97 1.34
0.36 1.64
-0.79 0.45
-1.49 0.64
-0.78 1.17
-1.29 -1.69
0.72 0.34
-0.14 0.81
1.63 -2.51
0.10 -0.74
0.69 -0.09
-0.58 0.09
0.48 -1.95
1.65 0.15
0.00 -0.18
0.20 -0.26
0.11 1.13
0.68 0.42
-1.08 0.45
-1.07 0.32
-0.94 -0.24
-1.58 1.35
-0.69 0.28
0.83 -0.84
-2.83 2.49
-0.40 -0.37
-0.88 0.25
-0.30 -0.21
1.02 0.47
0.55 -1.29
-0.67 2.30
-0.46 0.14
-0.39 0.61
0.74 0.45
-0.11 0.96
-0.13 -1.45
