-1.09 -0.41
-0.68 -0.11
-1.15 -1.15
1.14 1.21
1.41 1.10
0.64 -0.40
-0.14 -0.17
0.46 -0.04
1.61 1.30
-1.28 -1.72
-0.43 -0.09
-0.69 -1.01
0.22 -1.07
0.69 0.87
-1.57 -0.39
0.23 -0.54
-0.68 0.33
0.60 1.06
-0.16 -1.10
-1.42 -2.32
-0.04 -1.11
-0.62 0.02
0.37 0.82
0.72 0.04
1.25 0.68
1.67 1.17
-0.03 0.55
-2.27 -1.68
-1.42 -1.51
-1.08 -1.98
1.82 1.13
0.62 0.33
0.27 0.09
-0.52 -0.18
0.71 2.06
-0.75 -0.55
-1.86 -0.47
0.00 -0.23
0.03 -0.63
-0.18 -0.71
-0.26 -0.16
-1.07 -0.82
0.74 1.04
-0.30 -0.12
-1.10 -1.18
0.78 0.29
-0.90 -0.63
2.22 2.57
0.64 0.07
-0.59 -0.08
