0.50 -0.69
-0.44 0.48
-0.47 -1.04
1.68 1.17
-0.44 1.58
-1.30 1.52
-0.45 -0.61
0.18 -0.45
0.13 -0.01
-0.12 0.33
-1.80 1.09
-0.26 -0.53
-0.34 -0.83
-0.07 0.30
0.16 -0.16
0.14 0.49
1.26 0.15
-0.93 0.20
-1.38 0.27
2.08 -1.17
-0.43 -0.63
0.33 -0.85
1.04 -0.64
-1.21 0.43
0.24 -1.31
-0.07 -0.71
1.24 0.35
1.27 -2.18
-0.80 1.04
1.43 -0.87
0.81 -0.69
-1.08 0.87
0.40 -0.41
0.68 0.41
-0.07 1.12
0.99 -3.04
-0.67 1.17
-0.23 0.27
-0.66 0.14
-0.50 -0.36
-0.46 0.37
-1.58 2.22
1.07 -0.42
0.81 -0.53
0.10 -0.27
0.06 0.25
0.36 -2.17
-1.27 1.83
-1.21 0.55
0.09 -0.23
0.64 1.27
-0.23 0.63
0.13 0.39
0.16 -0.04
0.63 -0.92
-0.74 2.08
0.03 0.39
1.56 -1.57
-0.26 1.28
0.59 -0.23
-1.42 1.44
2.27 -1.61
0.30 -0.41
2.03 1.00
0.35 -0.96
-0.03 0.60
0.41 -0.09
0.40 0.62
0.77 1.35
-2.63 0.39
-0.58 1.20
-2.23 1.57
0.03 0.24
-0.16 0.68
-0.12 0.28
-0.78 1.42
-3.01 0.10
0.89 -0.99
0.57 1.58
1.60 -1.36
-0.79 0.84
1.02 -0.85
-0.33 -0.12
0.24 -0.26
-0.58 1.99
-1.91 0.64
-1.23 1.17
1.09 0.32
0.14 0.49
0.49 0.47
