-0.84 -0.78
0.29 0.28
0.84 0.70
0.92 0.59
-0.80 -0.10
-1.02 0.01
0.10 -0.57
-1.31 0.40
0.08 -1.63
2.37 1.96
-1.08 -0.40
1.63 2.18
0.57 1.33
1.86 1.52
0.19 0.34
-0.47 -1.81
0.30 -0.94
-0.11 1.58
0.45 -0.62
0.64 1.06
0.24 -0.36
0.18 0.10
-1.14 -1.67
-0.17 -0.84
-0.21 0.54
-1.05 -0.24
2.01 1.84
-0.42 -0.20
0.62 1.23
-0.51 -0.49
-0.06 -0.04
1.37 -0.46
0.40 0.12
1.24 0.68
-0.51 -1.77
-1.07 -0.32
-0.76 -0.75
-0.47 -1.24
-0.47 0.92
-1.53 -1.23
0.14 1.54
1.91 1.40
-0.83 0.40
0.26 1.84
0.73 0.85
0.55 -0.39
0.48 -0.72
1.47 1.20
-1.35 -1.14
1.97 1.16
-0.54 0.32
-0.04 -0.74
1.73 1.69
-0.20 0.41
-0.57 -1.23
-1.57 -0.39
1.43 0.52
-0.19 -0.18
-0.72 -0.08
-1.17 -0.00
-0.01 0.52
0.14 -0.81
-0.35 -0.85
-1.64 0.60
0.44 0.56
-0.24 -1.66
1.35 -0.23
-1.41 -1.04
0.81 1.00
0.44 -1.35
0.51 0.27
-1.40 -1.35
0.39 0.30
-1.60 -1.33
-0.11 0.27
-0.86 -0.80
0.50 -0.88
-2.33 -1.72
-0.19 -1.06
0.19 0.55
-1.69 -0.21
-1.06 -0.54
1.08 0.61
0.70 2.36
0.22 0.25
1.43 -0.11
0.78 1.41
-0.17 -0.22
-1.81 -0.38
-0.30 -0.57
