-0.55 -0.71
1.50 -0.95
0.64 -0.82
-1.70 0.71
-0.81 1.37
-0.16 0.12
0.83 0.37
-0.51 0.27
-1.43 1.72
1.56 -1.55
-1.97 1.23
0.99 0.58
0.77 -0.53
0.38 0.94
-1.57 0.00
-0.22 -0.41
0.16 0.42
-2.00 2.00
0.02 1.46
0.90 -1.83
0.48 -0.03
0.40 -0.89
0.05 0.79
-0.66 0.15
-1.05 -0.18
-0.24 -0.53
1.36 -0.33
0.32 -0.76
-1.51 -0.00
-1.70 2.22
0.84 -1.03
-0.08 -0.85
-0.11 -0.86
0.70 0.76
0.34 0.60
0.31 -1.86
-1.13 0.92
-0.18 -0.91
2.18 -0.87
-2.61 1.71
0.50 -1.19
-2.78 2.54
-1.05 -0.49
-0.32 -1.86
1.50 -1.54
0.22 -0.08
0.61 -0.11
-1.53 2.02
1.13 0.21
0.45 0.28
0.41 -1.26
0.94 0.01
0.84 0.06
0.34 -0.54
-0.43 -0.10
-1.05 -0.06
-0.84 1.27
1.44 -1.16
-0.59 -0.23
-0.94 0.24
-0.07 -0.62
1.30 -0.41
-0.00 -0.03
-0.54 -0.68
1.03 -0.42
0.67 -1.43
-0.12 -0.40
-0.34 0.10
-0.91 0.61
0.73 -0.45
0.41 -0.15
-0.17 0.85
-0.07 -0.77
-0.99 0.43
2.24 -0.32
-0.34 0.01
0.29 0.29
0.95 -2.57
0.24 -1.59
-0.78 -0.44
0.26 -0.48
-0.01 -0.31
1.09 -1.94
0.24 -1.05
1.46 -2.02
0.95 0.80
0.45 -0.75
-0.13 -0.37
0.45 -0.92
1.11 0.40
