0.43 0.66
-0.31 0.30
0.30 0.91
-0.43 0.95
-0.36 0.20
-0.93 1.27
0.77 -0.39
-1.12 2.42
-1.34 1.12
0.18 0.49
-0.45 -0.49
-0.25 -1.57
0.26 0.47
0.11 -0.19
-0.59 0.38
0.17 -0.54
-0.85 0.78
-0.97 0.27
-0.11 0.65
0.63 -2.51
-0.75 -0.67
-1.34 -0.03
-0.81 1.45
-0.07 0.20
-1.39 0.83
-1.65 0.68
0.50 -0.51
0.25 -0.55
-1.61 1.14
0.02 0.31
0.58 1.12
-0.83 0.19
-3.43 -0.45
1.44 -0.81
-1.04 1.21
0.41 -0.11
-0.55 1.24
0.68 -0.24
-1.90 -0.41
0.19 0.08
-0.23 -0.81
-0.63 1.10
0.92 -0.95
-0.49 1.03
0.89 -0.36
0.40 0.54
-0.46 0.89
-1.07 -1.12
0.15 0.61
0.72 0.78
1.11 -0.28
-0.80 0.47
-0.29 0.45
-0.38 2.07
0.30 0.84
1.46 -0.85
-0.04 1.78
-0.86 0.10
0.46 -0.20
-0.96 1.24
2.15 -0.40
0.79 -0.48
-1.86 0.23
-2.65 3.63
0.35 0.31
-0.08 -0.15
0.73 -2.68
0.85 -1.69
-0.34 -0.91
0.29 1.17
-0.04 -0.49
-0.80 0.80
-0.37 -0.23
1.82 -1.46
-1.49 1.50
1.88 -1.45
0.43 0.38
-0.40 0.08
0.99 -0.22
-0.61 0.54
-2.29 0.64
0.57 -0.88
-0.76 1.34
0.47 -0.54
1.50 -0.42
2.02 -1.41
0.10 1.19
-0.85 0.65
-0.49 -0.07
-0.40 -0.27
