0.59 2.14
-0.25 0.13
0.02 -0.53
-1.49 1.42
-0.41 -0.92
-0.20 0.91
0.75 -0.03
-0.13 0.23
-1.01 -0.93
-0.66 1.48
-0.37 -1.01
-0.89 -0.56
-0.34 0.75
-0.29 0.10
-0.11 0.37
1.26 -0.03
0.06 -0.78
2.00 -0.47
1.24 0.49
-1.02 -1.17
1.85 -0.37
-1.18 0.14
0.09 1.39
-1.36 2.02
-0.29 1.02
-0.69 -0.41
-0.18 -0.52
-0.37 0.57
-0.94 -1.38
0.51 0.13
0.99 -0.32
0.15 0.41
1.09 0.20
-0.78 -0.10
-1.32 -0.26
0.85 -1.78
1.63 -1.58
0.13 -0.67
1.29 0.31
0.98 0.44
0.17 -1.36
-0.60 -1.00
0.85 -1.22
0.45 2.51
2.16 -0.99
0.06 0.08
-0.10 -1.11
1.03 0.19
0.36 -1.57
-0.12 1.27
-0.35 0.36
-1.55 0.30
-0.58 0.77
-0.23 0.89
-0.47 -0.36
-1.29 0.48
-1.29 -0.48
-0.49 0.74
-0.37 1.31
-0.53 1.03
-1.52 -0.30
1.30 -0.57
1.60 -0.87
-0.04 -0.51
-1.05 -1.56
1.28 -1.95
-0.81 0.03
1.20 0.43
-0.31 -0.10
1.46 -1.52
-1.91 1.19
1.28 0.24
0.87 -0.16
-0.70 1.55
0.12 -1.01
-2.68 1.87
-0.29 -0.80
0.38 1.09
-0.86 0.60
-0.01 -0.36
1.73 -0.34
0.14 2.88
0.73 -0.53
-0.01 1.29
-2.50 -0.47
1.59 -1.28
0.32 -0.36
0.78 1.21
0.81 0.66
-1.16 0.12
-1.38 0.52
1.43 0.11
0.75 0.03
0.23 -1.73
-0.08 1.27
-1.00 -1.17
0.56 -0.19
0.66 -0.97
0.42 0.45
-1.61 -1.43
