1.05 -0.50
-1.08 -0.05
1.13 -0.74
-0.21 0.12
0.39 -0.12
0.61 -1.25
-0.59 0.38
-1.27 0.79
0.49 -0.02
2.28 -2.55
-0.69 2.02
-0.42 0.39
-0.71 0.73
-2.53 3.00
0.45 -1.38
2.27 -1.80
0.47 -0.80
-0.33 0.15
-0.13 -1.30
-0.23 -0.14
-1.28 1.83
0.36 0.13
0.50 -1.14
1.60 -0.47
-0.30 -0.74
-0.25 0.27
0.45 0.28
0.86 -1.14
0.72 -0.32
-0.68 0.88
1.64 -1.19
-0.51 1.09
-1.94 2.14
0.95 -0.06
-0.44 -0.01
1.72 -0.42
1.13 -0.62
0.73 -0.20
0.05 1.14
-0.23 0.54
-0.50 0.03
-0.57 -0.68
0.55 0.40
0.97 -0.07
-0.37 -0.05
1.00 -0.37
0.43 -1.41
0.84 -0.48
-0.46 -0.09
0.90 -0.80
-0.12 -0.49
-1.60 0.56
1.04 -1.83
-0.12 0.20
-1.00 1.26
-0.56 0.86
-1.54 1.02
-0.81 1.03
1.10 -1.81
-0.05 0.87
1.27 -0.89
1.32 -0.49
0.12 -0.76
-0.77 0.77
-0.09 -0.07
-1.40 0.07
-0.68 0.66
0.83 -0.17
-1.21 1.19
1.15 -2.13
-0.42 -0.03
0.27 -0.66
0.12 0.28
-0.76 0.15
0.20 -0.07
-0.83 0.92
-0.70 0.41
-0.16 -0.44
-1.25 1.58
-0.54 0.20
-1.24 0.53
-0.26 -0.34
-0.04 -0.27
0.05 -0.06
0.73 -1.54
-3.51 3.03
-0.58 0.11
-0.23 0.47
0.55 -0.33
1.70 -0.77
