0.33 -0.40
-1.67 -0.45
-0.33 -0.57
-3.03 0.17
-1.07 0.77
1.14 2.22
-0.97 -1.46
0.03 -1.63
0.85 -0.15
-0.35 -0.32
0.33 0.04
-0.62 0.13
0.40 1.45
-1.06 1.20
-0.84 -0.63
-0.04 -1.19
-0.04 -0.14
0.81 -0.44
1.16 0.36
1.28 0.47
-0.38 -1.51
-1.33 -1.34
1.46 1.64
-0.38 -2.60
1.52 1.38
-0.72 0.11
0.74 0.91
0.51 -0.44
0.81 -1.40
1.44 0.19
0.26 0.52
1.07 2.17
0.99 -0.63
0.04 2.20
-0.68 0.07
-2.07 0.01
1.49 -1.48
1.21 0.44
0.42 -0.03
0.92 0.11
0.05 0.04
0.05 0.17
-1.07 -0.71
-1.00 -2.14
-0.66 -0.82
2.37 0.76
1.87 -1.27
0.12 1.46
0.10 0.81
-0.97 1.18
-0.68 -1.08
0.84 -1.10
1.04 -1.17
0.98 -0.29
-0.12 -0.59
1.36 -1.11
-1.10 -0.31
-0.42 -1.17
-0.47 -0.20
-0.34 0.34
-0.33 0.09
1.21 0.44
0.72 -1.68
0.48 -0.48
0.26 0.39
1.69 0.33
-1.49 -0.25
-0.47 2.03
-1.75 -1.43
0.81 0.80
0.55 0.98
-0.26 -1.62
0.65 -0.15
0.63 -0.28
-0.04 0.67
1.22 0.68
-1.57 -0.39
-0.49 1.36
0.38 -0.19
-0.19 0.65
-1.34 0.07
-2.18 1.08
0.85 -0.30
-1.34 1.05
-0.06 -0.18
-1.09 1.49
-0.87 0.71
-1.86 -0.62
-0.66 -1.16
0.43 0.69
0.86 -1.32
0.24 -0.15
0.87 1.66
-1.37 0.37
0.03 -0.15
0.33 0.97
-0.28 0.65
-0.33 0.70
0.17 -0.83
0.01 0.78
