0.58 -0.40
1.55 0.70
0.75 0.13
-1.60 1.40
1.17 0.95
-1.42 -1.12
0.60 1.28
-0.43 -0.73
-0.70 -0.16
0.74 -2.59
0.17 0.00
0.47 -0.03
-1.14 1.52
0.21 1.44
-0.37 -0.13
1.08 -2.13
-2.10 -0.50
-0.94 -0.15
-0.78 -0.22
0.83 1.54
-0.43 -0.55
1.42 1.23
0.79 0.25
2.07 1.47
1.89 -0.04
-0.64 0.50
-1.53 -1.72
-0.64 -0.61
0.92 1.05
0.53 -0.21
-0.06 1.22
-0.42 0.05
-0.15 0.61
-0.50 1.18
1.11 0.06
0.86 -0.25
-0.62 1.75
-2.08 -1.60
-1.32 -1.58
0.70 -0.56
-0.89 0.09
-1.01 -0.74
-0.63 0.75
-0.21 1.07
-0.96 -0.10
-0.08 -0.62
-0.55 0.31
-0.72 0.30
-1.27 0.67
0.55 -1.06
