-0.53 0.16
0.73 1.09
0.52 0.69
0.19 0.39
-1.65 -2.62
-0.40 1.04
-0.38 0.04
-2.13 -0.77
-1.21 -1.61
2.37 0.84
-0.47 -0.94
-0.78 -1.57
-0.28 0.18
0.92 0.21
0.47 -0.11
0.14 0.51
1.50 1.01
-0.86 -1.68
0.34 0.16
0.05 0.87
-0.81 -0.52
0.58 0.16
-0.62 1.07
0.16 -0.12
-1.85 0.01
1.04 1.02
-0.54 -0.06
0.53 0.63
-0.52 -0.18
1.81 -0.51
-0.04 -1.10
-0.49 0.53
1.05 -0.61
0.27 0.02
-0.57 1.17
-1.61 0.06
0.01 -2.34
1.46 0.74
-0.24 0.49
2.71 1.73
0.53 -0.30
0.24 2.09
1.39 0.85
0.25 -0.00
0.30 0.17
-0.34 -0.40
1.06 0.56
-0.17 -0.16
-1.04 -2.24
-2.00 -1.17
0.37 0.19
-0.98 -1.05
0.78 0.71
0.02 1.29
-0.84 -0.41
0.45 0.13
0.89 -0.37
-1.10 -0.04
-0.79 1.70
0.12 1.14
-0.67 -0.80
0.84 0.85
0.85 0.44
0.70 -0.86
-0.01 -0.37
-1.64 0.02
0.52 0.59
0.55 -0.11
-0.18 -0.55
-0.82 -0.11
0.75 0.92
-0.88 0.12
0.68 2.13
-0.72 -0.31
0.75 0.59
-1.23 -1.31
-0.55 0.07
1.96 1.35
1.36 -0.64
0.11 -0.76
0.27 -1.54
0.82 -0.84
0.47 -0.14
-0.95 -0.25
-1.65 -2.48
1.50 1.51
-3.07 -1.99
-0.74 -0.66
-0.09 0.72
1.52 0.71
0.61 1.06
-0.15 -1.19
1.22 -0.84
-0.85 -0.84
-0.09 0.51
0.66 1.53
0.53 1.28
1.12 1.24
0.38 -0.35
0.94 -1.45
