-1.08 -1.08
-0.60 -0.60
-0.73 -0.73
1.56 1.56
-1.48 -1.48
0.48 0.48
-0.64 -0.64
-0.17 -0.17
-1.55 -1.55
-0.29 -0.29
0.97 0.97
0.15 0.15
-0.87 -0.87
0.21 0.21
0.46 0.46
-0.20 -0.20
-0.42 -0.42
-0.46 -0.46
0.44 0.44
-1.87 -1.87
1.37 1.37
-0.00 -0.00
-0.53 -0.53
0.89 0.89
-0.16 -0.16
-0.68 -0.68
0.04 0.04
-0.46 -0.46
0.16 0.16
0.09 0.09
-0.47 -0.47
0.49 0.49
-0.45 -0.45
-0.34 -0.34
-0.22 -0.22
-0.12 -0.12
-0.65 -0.65
-0.00 -0.00
-0.39 -0.39
-0.28 -0.28
-1.68 -1.68
1.35 1.35
0.22 0.22
0.23 0.23
0.12 0.12
-2.14 -2.14
-1.28 -1.28
1.59 1.59
0.53 0.53
0.17 0.17
0.85 0.85
0.45 0.45
-0.68 -0.68
-1.05 -1.05
1.41 1.41
-0.06 -0.06
-1.15 -1.15
1.61 1.61
3.19 3.19
2.45 2.45
-1.58 -1.58
0.32 0.32
-0.07 -0.07
-0.19 -0.19
-0.67 -0.67
0.19 0.19
-0.51 -0.51
-2.77 -2.77
-1.08 -1.08
0.06 0.06
-0.86 -0.86
0.69 0.69
-0.27 -0.27
-2.26 -2.26
-1.23 -1.23
-2.22 -2.22
-0.54 -0.54
-1.20 -1.20
1.78 1.78
0.97 0.97
-0.86 -0.86
1.00 1.00
-0.09 -0.09
-1.22 -1.22
-1.31 -1.31
-1.15 -1.15
-1.35 -1.35
0.64 0.64
-0.48 -0.48
-0.55 -0.55
1.13 1.13
0.01 0.01
-0.06 -0.06
-0.64 -0.64
0.83 0.83
-0.47 -0.47
-0.55 -0.55
0.07 0.07
-0.95 -0.95
0.52 0.52
