0.39 -0.05
0.97 0.37
0.42 -0.39
-0.68 1.32
0.42 0.66
-0.21 -1.14
0.79 1.73
-2.41 0.71
-0.56 0.77
0.61 1.91
-0.14 -0.19
-1.31 -1.51
-0.78 -0.10
-1.10 -0.46
0.23 0.31
-1.10 2.60
-1.67 -0.41
-1.06 0.08
1.06 0.25
0.42 -1.45
-2.02 -0.36
1.61 0.75
-1.19 1.40
-1.51 -1.99
2.09 -0.02
-0.28 0.71
0.34 -0.24
0.64 0.49
0.33 -1.11
-1.61 -0.46
-2.03 -0.42
-1.20 -0.14
-1.10 0.29
-0.75 -1.79
-0.51 0.16
-1.36 0.08
-0.30 1.93
-0.98 0.73
1.17 0.33
0.57 -0.19
-0.19 0.87
0.45 0.23
1.42 0.31
-0.19 -1.71
0.10 -0.59
-0.32 0.84
0.86 -0.78
0.24 0.98
-0.72 1.49
-0.39 1.66
