-1.00 0.44
0.83 -1.16
-1.16 1.18
0.82 -0.20
-0.18 -0.02
-1.76 1.41
-0.15 0.07
0.71 -1.00
-2.04 1.10
-0.17 -0.22
-0.73 1.69
-0.10 -0.00
1.32 -0.43
-1.15 0.92
0.06 0.27
0.63 -0.72
-0.18 0.81
-0.37 -0.89
1.48 -1.24
0.62 -0.19
0.51 -0.12
0.03 -0.06
2.00 -0.70
0.86 0.18
-0.73 1.58
-0.85 0.18
1.25 -0.26
1.13 -1.29
0.65 -0.22
0.94 -1.00
-1.43 2.29
0.98 -0.77
-0.64 0.32
1.19 -0.37
0.53 -0.54
-1.38 1.43
0.58 -1.40
1.66 -1.60
-0.47 -0.54
-2.05 2.23
0.67 -0.01
0.45 -0.58
0.15 1.07
-1.60 2.02
-0.55 -0.03
-0.29 0.06
-1.51 2.23
0.72 -0.15
0.06 -0.69
1.16 -1.08
0.29 -0.07
-0.44 0.40
-0.38 0.23
0.49 -1.05
-1.21 0.78
0.09 0.37
-0.66 0.46
-0.65 -0.37
-1.22 1.04
0.48 -1.04
0.68 -1.39
0.76 -0.05
-0.17 0.11
-0.56 0.72
0.57 -1.16
-0.22 0.98
0.09 -1.63
-2.78 2.60
-0.46 0.28
0.49 -0.08
-0.96 0.97
0.92 -0.85
-0.99 -0.17
1.41 -0.41
-0.46 1.00
1.19 0.20
2.16 -2.63
-0.58 0.63
2.12 -1.41
-0.02 -0.77
-1.27 0.36
-0.42 0.71
0.22 -0.32
0.14 0.27
1.77 -1.80
0.18 0.07
-1.69 1.19
1.83 -1.17
0.82 -0.55
-0.95 0.98
0.87 -2.23
0.21 0.31
-0.61 0.46
-1.72 0.17
0.37 -0.51
-0.49 -0.04
0.65 -1.11
-0.47 1.48
-0.58 0.40
-0.33 -0.43
