-0.18 -1.55
0.67 1.20
1.05 0.74
0.34 -0.05
-0.76 -0.67
-0.42 0.12
-0.50 -0.17
0.82 -0.51
1.11 0.43
-0.62 -0.97
-0.08 1.41
0.25 -0.34
0.03 -0.16
-0.08 -0.05
-1.88 -1.28
1.10 0.16
0.07 0.60
0.60 0.44
-1.86 -0.63
-0.52 -0.27
1.84 1.97
-2.40 -2.79
1.35 1.46
-0.14 -0.46
-0.59 0.94
-0.32 -0.48
0.44 -0.15
-0.13 -1.12
1.80 1.75
0.85 -0.12
-0.92 -1.24
-0.12 -1.16
-0.97 -0.31
0.53 1.31
-0.77 -0.74
0.68 0.17
-0.01 -0.39
-1.31 -0.76
-0.22 0.05
-0.39 -0.90
-1.03 0.23
-1.21 0.56
-1.60 -1.97
1.22 0.84
-1.49 0.13
0.85 1.15
-1.78 -0.63
-1.55 -1.16
0.58 2.02
0.95 0.81
