-0.66 -0.10
-1.47 0.64
1.86 -0.13
-0.06 -1.43
1.14 1.40
-0.02 -0.03
-0.32 0.33
-0.67 0.58
-0.21 -0.53
-1.39 -1.18
-1.08 -1.54
1.00 0.78
-0.16 -0.82
0.16 -1.07
-1.40 -0.91
0.08 0.56
-0.82 0.03
1.28 0.56
-1.48 -1.00
-0.80 0.62
0.27 0.09
-0.53 -0.26
0.12 -0.14
-0.11 -0.30
-1.12 1.17
0.42 -1.65
1.56 0.63
1.26 -1.20
0.53 -0.08
0.45 0.66
0.81 -0.70
1.27 0.86
1.03 -1.99
1.03 -0.34
0.43 0.64
1.19 0.74
-0.04 -1.09
-0.03 0.55
-1.71 0.28
0.35 -0.23
1.01 -0.45
-0.96 0.26
1.09 -1.00
0.46 0.16
0.52 -0.58
-0.46 0.10
-0.49 -0.12
0.88 -1.53
0.22 -0.12
-0.53 -0.24
-0.45 0.53
-0.64 0.35
0.03 -2.92
-1.72 -0.55
0.80 0.15
-0.21 -1.78
-0.86 -1.27
-0.18 0.97
-0.11 -0.68
0.71 1.52
0.75 -0.17
-0.73 0.29
0.35 1.59
0.80 2.37
-2.00 -0.26
-0.06 1.08
-1.95 -0.32
0.98 0.42
-1.66 0.59
1.46 -0.72
-1.23 -1.07
-0.60 0.24
2.13 0.26
-3.37 -0.12
-0.28 0.21
-1.58 0.98
0.68 -0.49
-0.43 0.85
-1.25 -0.79
-0.36 -1.13
0.49 -1.39
-1.01 1.01
-1.11 -1.01
-1.57 -4.01
1.21 0.31
0.20 0.63
-1.16 -0.67
-0.83 0.21
0.64 -2.13
-1.45 0.88
-1.02 -1.54
0.52 1.57
0.04 0.05
-0.67 -0.78
1.16 0.01
-0.63 -1.12
-0.63 0.68
-0.72 1.12
0.69 -1.34
1.40 -0.11
