0.54 -0.47
-0.70 1.02
0.26 -0.66
-1.18 1.12
0.67 -0.35
0.99 -0.51
-0.38 0.57
1.51 -1.59
-0.57 -0.37
0.01 0.05
-0.13 0.26
0.11 0.59
0.17 -0.11
0.15 1.20
-0.11 0.63
-1.18 0.84
-1.64 0.70
0.06 -0.58
0.63 -0.82
1.35 -0.68
-0.61 0.05
0.35 -0.91
-3.57 3.09
1.58 -0.97
0.26 -1.34
0.68 -1.13
1.10 -0.97
-1.77 0.89
0.35 0.05
1.70 -1.61
2.07 -0.92
0.75 -0.73
-1.11 -0.37
1.13 -1.45
1.54 -0.63
-0.57 1.29
-1.40 -0.38
0.08 0.33
0.79 -1.49
0.66 -1.59
-0.42 0.85
2.02 -1.29
-1.20 0.57
-0.14 0.49
0.87 -1.02
-0.46 0.81
-1.18 1.06
1.14 -0.26
-0.15 -0.16
-0.90 1.54
0.82 -1.17
-0.24 0.37
1.39 -1.06
0.09 -0.35
-0.59 0.75
-0.69 0.49
0.19 -0.54
-1.15 1.80
0.32 0.31
2.33 -2.25
-0.77 0.73
0.21 0.77
1.22 -1.48
0.44 -0.38
0.55 0.19
0.67 -0.92
0.73 -1.75
-0.41 0.47
-0.89 3.01
0.64 -0.77
-0.11 -0.67
0.67 0.03
-0.89 0.53
-0.78 0.80
0.49 0.27
-0.17 0.77
-0.15 -0.34
-0.61 -0.00
-1.15 1.05
-0.05 0.40
-0.13 -0.54
0.80 -1.05
-0.47 0.10
1.93 -0.84
0.42 -0.06
0.37 0.41
-0.03 0.91
-1.98 1.50
1.38 -0.31
0.28 -0.52
-0.62 0.93
0.64 -0.08
0.76 -0.75
-2.25 2.03
1.63 -1.33
-0.14 0.12
0.61 -0.44
0.92 -1.96
1.05 -0.75
-0.15 0.94
