-0.29 2.16
-0.51 1.26
-0.72 0.68
0.82 1.61
0.74 -1.47
-0.40 -0.24
-1.46 -0.78
-1.01 0.62
-2.34 -0.62
0.94 2.94
0.96 0.67
-0.08 3.22
-0.09 1.55
-0.13 0.42
-1.15 -0.35
-0.98 0.21
-1.37 0.96
0.50 -0.29
-0.08 0.55
-0.92 -2.00
-0.91 0.55
-1.73 0.42
-1.17 0.26
-1.10 0.05
-0.85 0.40
0.33 0.66
-0.42 0.53
2.05 -0.50
-0.92 1.63
-0.13 0.83
-0.48 0.55
-0.56 -0.35
2.91 -0.35
1.14 0.50
-0.33 0.05
-0.40 1.22
-0.27 1.10
-0.81 0.02
0.27 0.03
-0.48 -0.01
0.38 1.12
-0.38 -0.43
0.31 0.45
-1.79 -1.18
1.38 -2.37
0.00 0.37
-1.09 -0.96
-0.58 1.54
0.92 -1.87
0.37 -0.05
0.79 1.35
0.76 0.61
0.80 -1.38
0.69 0.53
-0.77 -1.02
1.41 1.02
0.18 -0.04
1.65 -0.89
0.35 0.46
0.07 1.31
-0.07 0.62
-0.12 -0.43
0.18 1.12
0.13 0.02
-3.60 0.75
0.20 -0.77
1.28 0.73
-0.15 -0.75
2.03 -1.72
-0.83 -0.57
-0.08 0.64
-0.41 -0.20
-0.76 0.86
0.22 -0.90
-0.98 -0.57
0.99 -0.95
-0.08 0.58
-1.13 -0.44
-0.08 0.29
0.10 0.95
1.28 -0.02
-0.22 0.18
-0.36 -0.07
-0.63 -0.69
-2.99 0.41
0.28 -1.82
0.52 0.40
0.38 -0.25
-0.65 0.21
0.90 -1.41
1.71 -0.47
-0.93 -0.61
-0.48 -0.32
0.49 0.18
-0.94 -1.17
-0.87 1.01
0.06 -1.71
0.94 -0.76
-0.15 0.10
-0.36 1.58
