-0.67 0.74
0.44 1.49
1.05 -0.52
-2.28 -0.95
0.04 1.33
0.60 0.76
1.25 1.00
0.32 -0.46
-0.07 -0.43
1.44 0.41
0.83 -0.60
-0.48 -1.14
-0.33 -0.98
0.97 -0.70
-2.98 -1.55
0.53 0.23
0.38 1.20
0.99 0.27
0.28 -0.30
1.06 0.83
-0.61 -0.80
1.47 0.92
0.57 0.74
0.67 -0.02
0.70 -2.66
1.03 -0.11
-0.71 1.01
-0.82 1.45
-1.06 -0.11
-0.58 -0.19
-0.83 -0.17
-1.35 -1.04
-1.28 0.20
-1.19 -1.32
-0.72 -2.27
0.06 -0.99
-0.73 -0.25
-0.21 1.03
-0.35 -1.82
-1.41 -1.18
2.31 -0.97
0.24 0.35
1.54 -1.73
0.13 0.38
1.09 1.30
0.69 0.57
1.48 1.84
-0.50 -0.31
0.65 1.09
0.21 -1.37
-1.39 -0.99
0.10 -0.15
0.33 0.96
0.88 0.30
1.27 0.36
-1.54 -0.25
-1.21 -0.42
-0.41 -1.21
-0.70 0.02
1.32 1.04
1.05 0.48
-0.07 -0.94
-1.82 -1.19
0.47 0.68
-0.08 0.49
0.27 -0.16
-1.57 1.17
-0.36 0.09
0.99 0.93
-0.37 1.49
0.06 0.12
-2.27 -1.33
-0.88 0.84
-0.36 -0.33
-0.56 -0.50
-1.15 1.56
1.17 1.55
-1.42 -0.80
-0.37 -1.60
0.18 -0.42
1.44 1.36
0.59 0.78
1.28 0.82
0.76 0.45
-0.47 -0.21
-0.34 1.53
1.17 0.73
1.11 0.42
0.36 -0.97
0.54 0.15
-0.17 0.34
0.86 1.22
0.43 0.01
-0.72 -0.68
-0.12 0.29
-1.61 -0.76
0.21 -0.59
0.59 1.45
0.55 0.46
-1.91 -2.81
