-1.10 -1.13
2.12 1.70
0.48 -0.46
-0.81 -1.47
-0.39 -0.71
0.16 0.34
-1.69 -0.93
0.78 1.31
-0.44 -0.13
-1.14 -0.00
-1.57 -0.71
0.52 0.93
-1.73 -1.60
1.40 1.50
-0.59 0.57
1.77 1.47
-0.03 0.26
0.15 2.12
1.25 -0.02
0.72 0.63
-0.84 0.85
1.18 1.21
0.20 1.86
-1.18 -1.66
-0.51 -0.11
0.72 -0.21
-0.30 0.22
0.38 -1.15
0.56 -0.53
-1.97 -1.15
-0.90 -1.30
0.19 0.23
0.95 -0.75
-0.40 -0.31
-0.91 -1.16
0.17 0.87
-0.32 0.30
-0.11 -0.53
-0.19 0.42
0.23 -0.36
1.72 2.08
0.30 1.02
0.64 1.44
-1.17 0.25
0.93 1.10
-0.51 0.15
-0.14 -0.02
-0.06 0.73
0.28 1.05
0.60 0.65
0.15 0.36
-1.91 -1.88
0.54 1.42
-0.01 -0.63
-2.16 -1.77
-0.62 -0.05
1.09 1.00
0.75 0.88
0.55 0.33
0.62 1.15
-0.39 1.15
1.74 1.44
-0.40 -1.13
1.84 1.14
0.18 0.75
-1.74 -0.64
0.38 -0.82
0.67 0.74
-1.41 -0.02
-0.13 -0.73
-0.60 0.52
-0.12 -0.77
1.41 1.34
1.36 1.06
1.11 1.25
-1.96 -1.88
-2.28 -1.04
0.92 0.44
0.42 -0.83
0.77 -1.09
0.85 0.21
-1.23 -0.78
-0.51 -0.78
-0.54 -0.89
0.56 0.72
-0.10 0.91
1.76 1.99
0.38 -0.16
-0.10 0.52
-0.73 -0.16
