0.37 -0.74
-0.99 -0.47
-0.27 -0.26
1.07 -0.86
0.70 -0.24
-0.91 0.48
-0.06 0.89
0.50 1.25
2.70 -2.12
1.16 -0.20
1.00 0.14
0.66 0.13
2.01 -0.01
-2.26 -0.34
0.16 -0.31
1.13 -0.21
-0.69 1.47
2.06 -1.44
0.63 -1.08
0.43 -1.08
-0.78 1.86
0.49 2.34
1.00 -1.26
-0.17 -1.45
-0.58 -2.12
-0.42 -0.34
0.28 1.07
0.13 0.70
-1.06 0.28
-0.39 -0.07
-1.70 0.47
0.09 0.81
1.16 0.97
0.80 -0.54
-1.10 -0.36
0.93 1.03
-0.09 -0.46
-0.55 -0.32
-0.90 -0.63
0.58 0.19
1.17 0.11
-0.89 -1.23
0.82 1.39
0.88 0.57
0.05 -0.17
0.16 1.59
-1.46 -0.16
0.07 0.32
-2.11 0.37
-0.08 1.03
-1.74 -0.42
1.39 0.36
-0.44 1.58
1.61 -1.82
-1.94 1.90
-0.37 0.61
1.04 -0.49
-0.70 -1.37
-0.04 -0.11
0.80 -1.57
0.76 -0.68
0.58 -1.74
-0.03 0.78
1.53 0.05
-0.58 -0.62
-0.33 0.73
-0.71 -0.37
1.19 -1.50
-0.46 1.11
-0.54 -0.04
0.36 1.63
0.90 -0.48
-1.69 0.92
-0.56 0.40
-1.25 2.52
0.35 1.28
0.06 0.22
1.03 -0.17
-0.68 0.03
2.76 -1.81
-0.66 0.45
0.71 -1.14
0.23 -0.29
0.03 -0.06
-0.80 -0.55
0.47 0.25
-0.07 0.31
-0.94 -0.80
-0.75 0.81
-0.12 1.35
