1.29 0.82
0.12 1.47
0.97 0.56
-0.32 -0.53
-0.20 -0.95
-0.28 -0.19
-1.28 -0.85
0.45 0.96
-0.68 -0.62
0.81 1.30
0.54 -0.08
-0.39 -1.12
0.34 0.33
0.17 0.31
-0.31 -0.03
0.54 -0.09
0.01 -0.09
-1.49 -0.21
-1.17 -0.62
-1.91 -1.68
-2.42 -1.73
-0.92 -0.43
-0.05 0.91
0.45 0.58
-1.56 -1.34
-0.40 -0.15
0.55 -0.21
0.44 0.12
0.66 0.72
0.46 0.22
-0.12 0.66
0.98 1.27
0.46 -0.43
1.17 -0.12
1.30 1.09
1.56 0.97
0.18 1.52
-0.04 0.20
1.84 1.54
-2.58 -3.17
-0.02 0.12
-0.07 -1.05
0.36 0.32
-0.58 -1.42
-1.77 -2.00
-0.13 -0.96
0.39 0.25
-1.00 0.38
-1.63 -1.86
-0.78 0.45
0.90 -0.14
0.35 -0.33
1.62 1.91
0.34 0.76
-0.26 0.21
0.87 0.25
-1.56 -1.66
-0.63 -0.64
-0.28 -0.84
-1.65 -1.65
1.47 1.29
1.56 0.09
-0.88 -0.85
0.53 0.52
-0.20 -0.29
0.58 -0.34
-0.24 -0.04
0.56 0.12
0.96 1.35
1.36 1.31
-0.01 0.23
0.99 0.95
-0.34 -0.44
-0.54 -1.10
-1.38 -1.40
-0.65 -0.16
-0.52 -0.26
-0.32 -0.35
-0.46 -0.02
0.04 0.80
0.63 0.78
-0.83 -0.90
1.70 1.69
1.08 0.01
0.79 -0.38
-1.87 -1.76
-0.10 -0.06
-0.67 0.51
-0.65 0.92
-0.31 0.01
2.30 1.93
-0.54 0.56
-1.00 -0.51
1.85 2.72
0.14 0.23
2.36 1.48
0.23 -0.22
-0.96 -1.94
0.10 0.48
-0.33 0.03
