-0.10 -0.52
-0.77 -0.15
-0.27 0.08
-2.11 2.49
-0.01 1.19
1.28 1.57
-0.95 0.65
0.09 -0.15
0.26 -0.23
1.03 -0.03
0.98 -0.41
-0.99 -0.11
-0.38 1.89
-0.79 0.16
-0.38 1.25
-0.61 0.94
-0.52 0.00
-2.02 1.76
0.77 -0.76
0.72 0.05
-0.61 -0.20
1.15 -0.36
-0.21 1.04
0.09 1.91
0.53 0.20
-0.46 -0.21
1.18 0.27
0.81 -0.49
0.34 0.32
-0.24 -0.48
0.78 0.67
0.03 -1.80
-0.07 -0.89
-1.21 2.13
-1.37 0.32
0.33 1.13
0.75 -0.76
-0.11 -2.09
0.49 -0.56
0.85 -0.65
-0.43 -1.08
-0.88 -0.76
2.48 0.24
-1.62 -1.28
1.70 -1.20
-0.44 -1.06
-1.12 -0.25
-1.26 0.77
0.82 -1.83
-0.16 -0.63
1.39 -0.32
2.39 -1.21
-1.36 -0.96
1.01 -0.65
-0.11 -1.18
0.20 -0.81
-0.47 2.32
1.02 -0.65
0.75 -0.74
0.75 -0.49
0.00 -1.56
0.41 0.21
0.44 -0.36
2.43 -2.41
-0.42 1.34
-0.07 1.19
-0.59 0.75
-0.11 1.08
-1.44 0.37
-3.15 -0.32
-1.16 0.78
-0.23 0.74
-1.31 1.07
-0.02 1.47
0.39 0.02
-0.37 1.15
1.46 0.01
0.20 0.82
-1.90 -0.41
0.49 -0.12
0.27 -0.69
0.08 1.70
0.49 -0.08
0.25 -0.55
-1.08 0.03
1.05 0.63
-0.48 0.50
0.45 -0.58
-1.87 -0.64
1.04 0.48
0.54 -0.82
0.86 -1.48
-0.48 0.54
0.31 -0.31
-1.83 0.65
-0.17 0.12
0.06 -2.29
0.67 0.35
0.57 0.15
1.31 -0.91
