1.28 0.73
-0.42 0.19
1.69 2.23
0.67 0.08
0.48 -1.01
-1.70 0.18
0.77 0.79
-0.75 -1.71
-1.56 -1.66
-0.78 -0.88
0.91 1.87
-1.00 -0.93
-1.03 -0.06
-1.58 0.06
1.23 0.38
0.18 0.10
0.64 0.28
-0.82 1.39
-0.86 -0.61
0.05 -0.52
0.42 1.25
-2.12 -0.90
1.55 2.27
0.68 1.24
0.52 0.55
0.61 0.57
0.95 0.27
-0.02 0.14
0.30 -0.51
-0.65 -1.21
-0.77 0.15
0.20 0.33
0.72 1.30
0.11 0.64
-0.01 0.92
0.69 0.34
-0.12 -2.06
-0.17 2.57
-0.05 0.05
1.58 0.26
0.07 1.82
1.62 1.15
-0.46 -0.50
0.24 0.87
2.07 0.09
0.58 -0.84
0.11 0.14
0.88 0.61
-1.46 -0.57
1.93 0.08
-2.08 -1.75
-0.81 -0.15
-0.59 -1.09
0.64 -0.56
0.21 0.50
-2.20 -0.81
1.13 1.07
-1.08 -1.63
-0.54 -1.35
-0.16 -0.54
-0.94 -1.10
-1.62 0.33
-0.53 -0.68
1.55 0.40
-0.01 0.08
-0.12 0.58
1.14 -1.15
-0.69 -0.77
0.27 -1.19
0.50 1.28
-0.97 0.74
0.14 -0.28
1.12 1.39
-0.00 0.93
0.77 -0.24
1.03 0.51
-0.94 -1.27
-1.50 -0.76
1.63 1.38
0.28 -0.51
0.31 -0.72
1.32 0.90
-0.47 -1.11
-0.58 -1.71
-1.36 0.56
-1.53 -0.94
-0.14 0.17
1.30 0.68
-0.91 1.11
0.60 1.26
