0.15 1.02
1.15 0.25
-0.55 0.95
1.97 -0.32
-0.84 -0.30
1.03 1.46
-0.47 -1.81
-0.93 1.62
0.64 -0.52
0.40 2.49
-0.59 -0.51
-2.21 1.50
0.30 -1.50
-0.81 -0.06
1.40 -0.88
0.96 1.32
0.35 0.03
0.91 0.12
0.39 -1.11
-1.19 1.11
-0.52 1.75
-1.62 -0.35
-0.46 2.33
0.20 1.43
-0.37 0.93
-1.06 -0.41
1.47 -1.76
1.02 -0.84
-1.51 0.18
-0.14 -0.08
1.02 -0.18
-1.11 -0.58
-1.51 -0.38
1.01 0.56
-0.44 0.90
-0.83 -1.06
0.81 -0.73
0.28 -2.14
1.09 -0.18
0.30 0.84
-0.47 0.98
0.45 0.11
-0.30 0.93
-0.48 0.16
1.43 0.83
1.16 1.26
0.61 0.62
-0.78 0.16
0.99 -0.84
0.38 0.28
1.24 -0.03
-0.16 -1.13
-1.03 0.34
0.43 -0.10
-0.44 0.13
1.05 -0.09
1.22 -1.23
1.19 0.54
-1.29 1.52
1.82 0.15
1.20 -1.45
1.40 0.79
-0.22 0.62
1.49 -0.14
1.54 1.31
-0.80 0.12
0.49 0.60
0.40 0.11
1.82 -2.09
1.57 -0.47
-0.53 1.80
0.31 -0.41
-0.47 -1.17
-1.01 -1.80
-0.45 0.58
0.25 -0.35
-1.05 0.99
0.55 0.61
0.13 1.07
-1.26 1.12
0.10 0.50
-0.51 -0.54
-2.07 0.61
-0.38 -0.91
-0.65 -0.52
-0.63 -0.38
-0.82 1.16
-2.47 2.15
-0.88 1.45
0.31 0.69
-0.22 0.35
-0.07 -1.24
-0.90 -2.11
-1.92 0.80
0.11 -0.02
-0.92 -0.36
-1.64 0.56
-0.65 -0.30
1.18 0.65
-0.51 -0.02
