-1.54 -1.59
0.06 1.72
-1.20 -2.03
0.20 -0.54
2.32 1.19
0.75 -0.25
0.06 0.06
-0.10 0.25
-0.23 -1.40
-2.58 -1.07
0.94 0.77
-1.27 -1.57
-0.30 -1.18
-0.52 0.71
1.05 1.13
0.40 1.08
0.29 -0.35
0.10 0.87
-0.94 -1.81
0.55 -1.13
1.75 0.43
2.09 1.01
2.24 -1.25
0.12 -0.07
-0.37 0.88
1.12 0.43
1.79 1.11
-0.40 0.33
2.14 0.83
-1.62 0.08
0.33 -1.20
0.20 -0.59
0.03 0.35
-1.08 0.11
0.07 -0.49
-1.61 1.35
0.01 -0.73
-0.07 -0.80
0.46 0.89
-1.01 0.60
1.79 0.25
0.05 -0.09
0.71 2.76
0.56 -0.33
-0.06 -1.21
0.25 -1.46
0.31 0.36
0.05 -1.03
0.85 -0.23
-0.41 -1.12
-0.01 1.16
-2.03 -0.76
-0.19 -0.16
-1.76 -0.50
0.34 -0.71
-0.86 -2.02
-0.52 0.72
-1.00 0.13
-1.89 0.35
-1.28 -1.67
-2.18 -0.74
-0.34 -0.41
1.37 -0.63
0.59 -1.63
1.02 -0.17
0.94 1.51
-0.68 0.33
-0.21 -0.91
1.37 1.40
-0.42 0.58
-1.00 0.44
-1.84 -1.73
-0.37 0.36
-0.16 0.92
-0.14 -0.52
-0.52 -0.87
-0.07 0.16
0.90 0.70
0.06 -0.61
0.52 0.90
-1.53 -1.52
0.59 -0.45
-0.63 -0.83
0.51 -0.05
0.96 1.58
-0.08 1.00
0.58 0.76
0.83 0.12
0.71 0.55
1.19 0.12
0.03 0.56
-0.40 -1.56
-0.40 0.14
-0.11 -0.63
-0.19 0.46
1.14 1.69
-0.16 -0.05
1.42 -0.05
-0.20 -1.53
0.66 2.10
