1.66 -1.68
-0.32 0.29
-0.91 1.17
0.48 -1.77
-0.08 0.60
2.42 -1.07
1.02 -1.11
1.58 -2.65
-1.59 1.05
-1.54 1.59
1.06 -1.06
-0.26 0.43
0.78 -0.81
-1.65 0.76
-0.98 0.47
-0.77 0.05
0.66 0.17
-1.04 0.53
1.38 -1.84
-2.16 2.09
0.46 -0.20
0.43 -0.28
0.55 -0.63
0.05 -0.88
0.56 0.32
0.71 -0.92
0.17 0.27
-0.34 0.63
0.10 0.81
1.09 -0.35
1.75 -1.44
0.22 1.26
0.15 -0.98
0.25 0.39
-0.63 1.09
0.02 0.10
-1.16 1.42
0.80 -1.53
0.15 -0.68
-1.84 0.83
1.29 -0.55
1.27 -0.49
-0.03 -1.12
0.46 0.14
-0.54 1.14
0.84 -0.78
-1.39 1.06
-0.19 0.67
0.46 -0.09
-0.26 1.07
-0.50 0.65
0.53 0.56
0.46 -1.35
-0.75 1.56
0.66 -0.44
-0.62 1.12
1.37 -0.40
1.40 -1.58
-1.14 1.28
-0.73 0.22
-1.00 0.55
-0.62 1.59
-0.44 0.30
-0.31 0.09
-0.68 -0.63
0.77 0.95
0.34 0.83
2.23 -2.24
-1.12 0.88
-0.22 -0.41
1.47 -1.93
1.69 -1.08
0.06 0.20
1.90 -0.31
0.13 -0.34
0.11 -0.52
0.08 1.43
-0.66 0.29
-1.27 1.50
-0.59 -0.06
0.49 -0.80
-0.38 -0.01
-0.38 0.65
-1.20 1.24
0.38 -0.44
2.96 0.38
-0.02 0.68
0.26 -1.19
1.04 0.84
0.66 -0.24
