1.96 1.57
-0.72 -0.33
1.05 0.32
0.84 0.62
0.90 1.43
0.21 0.48
1.85 1.73
-0.38 -0.26
1.10 0.72
-0.24 0.22
-0.41 -0.25
-1.48 -1.49
1.01 1.78
0.43 0.29
1.24 1.52
0.42 0.23
0.48 0.34
0.35 0.07
-0.31 0.27
1.30 1.10
1.30 1.27
0.26 0.71
-0.19 -0.84
0.29 0.22
1.03 1.13
-0.60 -0.30
-0.03 0.68
-1.46 -1.87
1.23 1.31
-0.02 0.46
1.42 0.53
-0.27 -0.95
1.23 1.17
-1.23 -1.39
-0.71 0.24
-2.44 -1.89
-0.80 -1.36
-0.67 -0.51
1.86 1.42
0.63 1.04
0.00 -0.04
-0.83 -0.35
0.33 0.56
0.07 -0.42
0.03 -0.76
-0.46 -0.68
1.00 0.96
0.77 0.92
-0.17 0.14
-0.56 0.08
-0.21 0.18
-0.24 -0.31
-0.06 -0.86
-1.58 -1.59
0.31 0.78
1.38 0.90
1.42 1.50
-0.56 -0.04
0.71 0.86
-0.21 0.12
1.31 0.94
1.11 0.75
-0.90 -0.77
-1.91 -1.63
-1.34 -1.56
-2.01 -1.56
1.68 1.62
1.59 2.41
-0.33 -0.77
1.10 0.94
1.35 1.76
-0.02 1.33
-1.73 -1.54
0.34 -0.11
0.03 -0.42
0.09 -0.60
-0.36 0.91
-0.29 -0.47
-1.91 -1.90
0.43 0.45
-0.32 -0.01
-1.19 -0.67
0.93 0.99
0.43 0.64
-0.59 -0.90
1.46 1.08
-0.43 0.09
-1.59 -1.29
-0.90 -1.01
0.09 0.06
