0.74 -0.04
-0.05 0.68
-0.36 0.95
0.01 0.79
0.81 -0.93
-0.23 1.44
-0.95 0.89
0.64 0.40
0.59 -1.12
-0.06 1.34
0.53 -0.09
1.00 0.00
0.31 -1.85
0.46 0.63
1.89 0.58
-0.75 0.61
-1.30 0.07
-1.80 -0.10
0.76 -1.14
-2.64 -2.02
-0.52 0.80
-0.33 0.59
0.81 -0.92
0.29 -0.89
-0.33 1.19
-0.79 1.67
-0.87 1.11
-0.43 0.70
-0.68 0.94
1.72 0.34
0.78 -1.68
0.99 1.22
0.99 -0.10
-1.47 -1.46
-0.82 -1.97
0.97 -0.00
-0.30 -1.23
-0.07 0.47
-1.30 -0.32
-0.41 1.84
-1.09 -0.06
0.10 -1.79
-0.23 -1.36
2.44 0.13
-1.66 0.21
-1.70 0.58
0.36 0.07
-0.20 -0.67
-0.87 0.39
-1.10 0.00
