0.89 0.63
-0.24 -0.02
-0.28 -0.43
1.68 0.25
-0.93 0.46
-1.90 -1.78
0.02 -0.26
-1.07 0.54
0.34 1.29
1.04 0.38
0.34 -0.85
-0.82 -0.02
-0.42 -1.06
-0.06 -0.73
-1.25 -1.07
-1.10 0.21
-0.97 0.34
-0.83 -1.23
-1.20 -1.39
1.15 -0.68
0.47 -0.92
0.05 0.20
-0.85 -0.08
0.97 1.04
0.89 1.47
-1.12 -0.14
-0.22 -0.68
-0.12 1.08
-1.23 0.34
1.34 0.37
-1.38 -1.30
-0.59 -0.44
-1.21 -0.45
0.27 -1.01
0.67 -1.63
0.17 0.56
0.44 -0.70
1.38 -0.67
0.56 2.81
2.11 1.55
0.70 -0.16
0.15 0.76
-1.61 -0.52
-0.25 -1.45
2.93 2.34
0.52 -0.17
0.60 0.60
-0.76 -0.19
1.48 1.60
0.76 0.74
0.54 0.42
-0.36 1.57
0.96 -0.27
1.07 0.16
-1.06 -2.20
-0.30 -0.65
0.10 0.36
1.75 0.40
-0.06 -0.60
-0.66 1.39
-0.51 0.16
-0.69 -1.38
0.81 1.14
0.71 -0.03
-0.98 -0.78
0.12 1.38
0.13 -0.58
0.34 0.27
2.86 0.24
-1.39 -1.74
0.53 -1.91
-2.13 -1.79
0.06 0.78
-1.22 -1.17
-0.23 -1.88
0.55 0.48
-0.02 0.81
0.81 0.57
0.21 1.34
-0.78 -0.44
-0.07 -0.53
-1.53 -0.58
0.37 0.04
0.44 0.27
0.67 -0.63
-0.77 0.10
-0.32 -0.94
-1.97 -1.72
0.14 -0.22
-1.11 -1.27
