0.72 0.56
0.89 0.17
-0.30 0.03
1.71 1.33
-0.89 -0.38
1.36 -1.63
0.91 0.13
0.04 2.02
0.48 0.24
-0.36 -0.98
-1.12 -1.06
-0.54 0.05
1.88 0.11
-1.15 -0.14
0.02 -0.49
-0.16 -0.95
1.04 1.29
-0.65 -1.51
0.92 -0.87
-0.42 1.05
-0.02 0.10
0.02 1.50
-1.16 0.59
-1.00 0.63
-0.59 -1.47
-0.40 0.84
0.32 1.91
-1.79 -0.95
0.45 -0.33
-1.85 -1.94
1.29 0.47
0.19 1.76
-0.14 0.29
-0.84 1.17
1.46 0.65
0.44 -0.09
-1.25 -0.37
-1.19 -1.03
0.76 0.67
0.75 1.14
-0.67 -1.77
0.14 0.59
-0.71 -0.71
-1.42 -1.52
-0.57 0.01
0.41 -0.12
-0.91 -1.06
0.45 0.69
-1.85 -1.10
0.02 0.01
0.12 0.13
0.25 -0.24
1.15 0.60
-1.11 0.43
-1.02 -0.48
1.44 2.29
-0.76 -1.78
0.09 1.11
-0.13 -0.85
0.75 1.09
-0.05 0.82
0.80 -1.41
-0.16 -0.97
-0.33 0.75
0.73 2.01
0.80 -0.85
3.08 1.82
0.45 1.91
1.85 1.21
-1.39 -0.20
-1.45 -0.61
1.10 0.13
0.85 0.12
0.11 -0.37
0.99 1.09
-1.62 -0.52
1.60 1.38
-1.87 -1.49
-1.80 -0.32
0.02 -1.12
-1.06 -0.99
-0.52 -0.04
0.04 0.16
0.35 -0.63
0.18 -0.75
-0.77 -0.81
0.53 -0.20
1.68 -0.19
-0.45 -0.23
0.34 0.62
