-0.69 -0.83
1.28 0.59
-1.44 0.17
-0.77 -0.49
0.82 -0.06
0.85 -0.73
-0.29 1.36
0.26 -0.43
0.11 -0.58
0.54 0.91
0.88 0.52
1.38 -0.25
-2.47 -1.07
0.33 0.88
0.19 -1.95
1.33 -1.85
1.15 -1.37
0.67 1.01
2.08 -0.33
-0.27 0.12
0.06 0.81
1.24 0.80
0.55 -1.53
0.66 0.85
0.57 0.62
-0.18 0.74
1.78 -0.39
2.78 -3.01
0.05 -0.95
-0.51 1.14
0.07 0.84
0.44 -1.66
1.19 0.38
-0.38 0.03
1.89 0.13
0.51 -0.56
-0.65 0.95
0.10 -0.10
0.09 0.40
1.52 -0.88
1.10 -0.53
0.97 -0.99
0.49 -0.81
2.07 -2.52
1.14 0.50
0.63 -0.59
0.39 -2.46
-0.58 -0.56
-1.69 -0.98
0.68 1.55
0.10 -0.58
0.73 1.63
-1.03 0.70
1.44 -0.19
-0.09 -1.41
0.73 -0.05
0.41 0.98
0.40 0.99
0.48 -0.81
1.78 -1.60
0.63 0.27
0.21 0.05
2.13 -0.46
0.52 -0.87
-0.31 0.84
1.30 -0.55
-0.22 1.71
1.76 0.77
0.23 0.50
-1.10 2.25
0.24 0.45
-0.24 -0.27
0.89 1.43
1.81 -1.23
-1.43 -0.56
0.11 1.06
-0.53 0.31
-1.25 -1.09
-0.17 0.18
-1.13 -0.15
-0.28 1.03
-0.95 -1.56
0.24 -0.50
-0.01 -0.02
-1.90 0.90
1.68 1.08
1.09 0.80
0.10 0.66
-1.58 0.45
0.18 -0.07
-1.06 1.54
-0.10 -0.29
-0.36 -0.08
-0.82 -0.68
0.17 -0.11
-0.36 -0.51
0.18 0.58
-2.48 0.72
0.75 1.50
-0.02 0.22
