-2.19 -2.21
0.45 0.61
-0.08 -0.40
-1.46 -3.61
0.98 0.10
-0.18 0.77
-0.44 -0.86
-0.72 -0.25
-0.53 -0.09
0.96 0.49
-0.17 1.06
1.05 -0.81
1.74 0.04
-0.24 -0.81
1.08 0.99
-0.67 -0.04
-1.05 0.44
-0.87 0.43
0.21 0.38
-0.26 2.03
-1.13 1.07
-0.13 -0.70
-0.54 -1.73
0.23 -0.04
-1.61 0.35
-0.19 -0.56
-0.83 0.34
1.46 -0.07
1.30 0.89
0.04 1.16
1.87 -0.32
0.39 1.14
0.06 1.34
0.82 1.26
0.43 0.80
-0.85 -0.65
-1.94 0.04
-0.17 0.07
-1.71 -1.12
-0.14 -0.36
-0.55 -0.16
0.29 0.78
-2.54 0.36
1.06 -0.32
-0.37 1.30
0.56 0.12
-1.19 0.87
0.93 -0.91
-1.84 -0.24
0.13 0.31
1.23 1.07
-0.03 -0.31
0.17 1.40
0.52 0.39
-2.02 -2.32
-0.25 -2.01
0.17 -1.83
0.19 0.60
-0.41 -1.66
0.61 -1.24
-0.41 -0.68
0.55 0.23
0.13 -0.03
-0.53 -0.73
0.33 -0.98
0.48 -0.89
-0.27 1.42
-1.30 -1.23
-0.20 0.96
-1.71 -0.73
0.60 -0.92
-1.28 0.73
1.11 0.17
2.22 0.62
0.44 0.32
-1.06 -0.51
-0.40 0.32
-0.85 1.29
1.43 0.38
0.15 -1.03
1.07 1.31
0.23 -1.02
0.29 1.15
-2.22 -1.40
-0.66 -0.14
-0.63 0.67
0.09 0.21
-0.94 -0.38
0.33 -1.17
2.31 1.12
