-2.09 -2.42
-1.16 -1.15
-0.85 -0.49
0.64 1.49
0.58 1.08
-0.46 -0.42
0.12 -0.09
-1.87 -0.97
0.20 -0.34
-0.18 0.03
2.07 1.96
1.76 1.78
-0.20 0.34
1.72 1.95
-0.25 0.01
0.06 -0.10
0.71 0.96
0.05 0.04
0.18 0.31
0.90 1.04
-1.08 -0.37
1.55 2.23
0.41 0.29
-1.23 -1.48
0.07 0.62
0.66 0.65
-0.11 0.28
0.93 1.37
1.32 1.17
1.99 2.49
-2.22 -1.34
1.08 0.81
0.42 -0.12
-0.48 -0.81
0.34 0.61
-0.01 0.11
-0.18 -0.52
-0.07 -0.18
0.53 0.57
-0.22 0.21
-0.52 -0.88
-0.53 -0.18
1.78 0.48
0.39 -0.23
1.37 1.81
0.07 0.45
-1.13 -0.82
1.38 1.19
0.53 0.09
0.85 0.04
