0.70 -0.28
0.01 -0.90
0.32 0.56
1.55 0.79
0.91 1.53
-0.21 -1.60
0.89 0.37
-0.88 -1.50
0.37 0.44
-1.66 -1.99
0.08 1.23
1.29 0.49
-0.76 -0.66
0.26 0.03
-0.55 -0.77
-0.00 0.11
1.78 1.35
1.47 0.05
0.15 0.72
1.29 1.12
-1.75 -1.54
-1.57 -1.26
0.60 0.10
0.88 0.26
-0.74 -0.66
0.53 -0.02
1.58 -0.44
0.57 -0.01
1.86 0.62
-0.62 0.61
-0.88 -0.98
-0.74 -0.31
-0.96 -2.11
-0.93 -2.01
-1.86 -1.43
0.23 -0.02
-0.33 -0.70
-0.00 1.02
-2.02 -0.48
-0.16 -1.62
-1.97 -1.00
-0.36 -0.87
-0.02 0.74
1.39 0.05
-0.16 -1.02
0.51 0.11
0.40 -0.41
-0.85 -0.35
-0.62 -0.86
0.65 -0.22
1.60 2.18
0.92 1.33
-1.33 -1.57
-0.94 -1.00
1.98 1.66
-0.36 -1.85
-0.35 -0.37
-0.02 -1.14
-2.07 -1.06
1.43 1.03
1.62 1.04
1.55 0.41
0.06 -0.55
-0.13 -0.29
0.03 -0.60
-0.75 0.05
-0.59 -1.49
-1.23 -1.49
1.77 1.30
-0.91 0.29
-0.17 0.04
-0.89 -2.39
1.62 -0.07
0.30 0.41
-0.67 0.58
-0.07 -0.75
0.52 0.65
0.72 -0.86
-0.29 -1.23
0.52 0.63
-0.56 -0.05
-0.32 -0.64
-0.73 0.11
1.72 0.92
-0.45 -0.80
-0.86 -1.12
0.06 1.10
0.69 0.36
-0.44 0.05
-0.54 0.92
1.65 0.67
-1.83 -2.60
0.58 -0.36
-0.89 -0.84
0.01 -0.91
0.47 0.11
0.25 1.13
1.66 2.15
-0.30 0.01
-0.08 -0.49
