0.62 -0.27
0.62 1.30
0.85 -1.55
-0.10 -0.30
-0.89 -0.38
-1.43 -0.08
-1.38 -1.47
0.26 -0.69
-0.36 0.90
-0.47 -1.48
0.10 0.00
-0.49 -0.68
2.02 1.84
1.45 -0.54
-1.62 -2.56
0.05 0.34
0.79 -0.66
1.50 1.23
-0.81 -1.70
-0.41 1.12
-0.23 -0.50
-1.29 0.60
-0.41 -0.40
-1.40 -3.07
1.19 -0.07
-0.14 -0.68
-0.51 -1.37
0.80 0.73
-0.25 0.65
-1.43 -0.25
-0.61 -0.33
-0.05 -0.74
0.51 0.06
-0.72 -0.71
-1.60 -1.53
-2.02 -0.58
-0.29 0.30
1.97 0.23
-0.31 0.53
-1.02 0.28
-1.40 -0.52
-0.80 0.45
-0.41 -1.20
-1.77 -0.38
0.28 0.01
1.01 0.97
-0.26 0.13
-0.89 0.53
-2.37 -2.49
-0.50 -0.82
