-1.04 -0.87
0.35 -0.81
-0.10 -0.39
2.69 1.84
-0.13 0.65
-0.57 -2.06
-0.51 -0.45
1.22 0.12
0.55 0.48
0.50 1.24
0.30 -0.28
0.99 0.69
0.03 0.28
1.28 1.80
-0.07 0.94
0.36 0.13
0.02 -0.07
0.01 -0.29
-0.42 -1.13
-0.22 -0.68
-1.35 -1.68
0.98 0.31
0.97 1.31
1.66 1.28
-1.48 -1.75
0.71 -1.00
1.99 1.78
0.01 -0.87
-0.88 0.14
0.31 1.39
-1.58 -1.45
0.63 0.62
0.71 0.39
-0.16 0.04
0.76 0.76
-3.06 -1.48
-0.10 0.76
0.57 0.92
0.37 -0.23
0.30 -0.85
0.41 0.60
-0.64 -0.57
0.80 0.99
-0.49 1.03
0.16 0.59
0.31 1.39
1.83 1.21
0.10 0.31
1.74 2.20
0.55 -0.00
0.20 0.65
2.39 2.04
1.11 0.78
-0.15 -0.75
1.49 0.25
2.66 -0.82
0.10 -0.05
1.17 1.09
1.27 0.18
0.50 -0.52
0.35 -0.03
-0.95 -0.11
-0.88 -0.31
-0.02 -2.00
-0.77 -0.22
-0.41 -0.32
0.74 0.35
-0.39 -1.03
1.77 1.36
0.90 0.53
-0.69 -0.11
0.31 0.70
1.93 1.91
-1.61 -1.77
-1.77 -1.03
0.24 -0.25
0.99 0.36
0.84 0.65
-0.83 -0.65
-1.13 -2.09
1.34 1.47
0.97 0.48
-0.02 1.40
1.26 1.05
1.30 0.96
0.38 0.05
1.06 1.25
-0.09 -0.12
0.25 1.11
0.73 1.14
