0.59 1.01
-0.17 1.32
1.44 0.31
-0.07 0.77
-0.87 -0.08
-0.66 -1.70
-0.42 -0.48
1.18 0.49
-0.30 0.02
1.95 1.59
0.52 0.95
0.53 0.78
-2.15 -1.98
0.09 0.48
2.54 1.65
-2.17 -2.25
-0.16 0.35
-0.87 0.20
-0.12 -0.56
-0.46 0.17
-0.51 0.36
0.42 -0.85
1.25 1.65
0.92 -0.24
-0.11 -0.70
-0.13 0.57
-0.22 0.47
2.37 0.67
1.25 1.59
0.06 1.51
0.18 -0.03
-0.52 -0.74
0.67 0.69
-1.32 0.59
-0.32 0.84
-0.38 1.07
0.09 -0.54
0.54 0.22
-0.81 -0.78
-0.46 -0.94
1.12 1.26
-1.58 -1.00
-0.91 -1.93
-0.14 -0.10
0.41 0.27
0.77 -0.10
-0.60 -1.36
0.78 0.13
0.51 0.99
0.70 0.98
0.92 1.12
-1.49 -1.02
-0.14 1.37
-0.92 -1.06
-0.27 0.38
-0.39 0.64
2.17 3.43
1.97 1.43
0.09 0.37
-0.37 -0.30
-0.34 0.39
0.30 0.85
0.02 0.06
0.46 -0.33
1.38 0.87
0.57 1.46
-0.12 0.68
-0.19 -0.51
0.33 -0.44
-0.43 -1.28
-0.05 -0.22
-3.00 -1.65
1.27 0.86
0.20 -1.63
-0.86 -1.05
-0.04 -0.64
-0.77 -1.29
0.00 -0.83
1.38 -0.07
-0.62 -0.40
-0.60 -0.19
1.40 0.80
0.78 0.60
-1.10 -0.51
-1.18 -0.45
1.05 0.81
-1.07 -1.49
0.92 0.14
-1.12 -0.46
-1.56 -0.97
