0.71 -1.06
0.06 0.25
-0.25 -0.91
1.57 -1.72
-1.51 -0.38
-0.10 -0.44
-0.16 0.12
-0.50 1.87
-0.09 -1.94
-1.26 -0.34
0.82 0.27
-0.59 0.38
0.63 -0.25
0.81 0.58
-0.00 0.63
-1.07 -2.12
-0.78 -0.49
-0.25 0.45
0.79 -0.15
2.52 2.15
2.37 2.65
1.94 1.54
0.02 -0.14
1.19 1.23
0.99 0.70
1.41 -1.47
0.61 -0.04
0.28 -0.03
-0.33 -0.53
0.32 -0.82
1.10 -2.30
-2.11 -0.16
1.71 1.32
0.51 -0.38
-0.06 0.40
1.21 0.00
-1.15 -0.80
-0.41 -1.25
0.80 -0.10
0.65 -0.09
1.52 0.83
1.02 0.09
-1.16 -1.01
0.98 1.59
0.34 0.30
0.51 0.20
-0.56 -0.73
-1.38 -0.64
-0.63 1.83
-0.07 0.64
-1.04 -0.05
0.07 -1.82
0.86 -1.67
-0.44 -0.20
-0.16 1.05
0.91 -0.89
1.17 0.14
-0.63 0.20
-0.33 0.82
-1.30 0.40
-0.40 -0.89
1.24 -0.99
1.20 -0.82
-0.10 -1.41
0.29 0.09
0.06 -0.34
0.65 -1.58
2.09 0.11
2.44 0.73
0.12 0.15
0.27 0.58
-0.92 0.99
-1.89 0.04
-1.28 0.16
-1.32 -0.86
-1.34 -0.21
0.55 1.62
-0.48 0.02
-0.09 0.39
0.10 0.40
0.56 2.32
-0.50 -0.24
-0.00 1.25
-1.58 -0.88
-1.48 1.66
0.02 0.50
-0.25 -0.95
-0.15 -0.27
-0.84 -0.01
-0.27 0.30
