-0.71 -0.26
0.38 1.46
0.44 -0.21
-0.21 -1.28
-0.28 -0.17
0.42 0.47
1.96 0.47
-0.96 -2.40
-0.56 -0.34
0.77 0.13
1.25 -0.72
-1.50 -0.69
-0.98 -0.35
-1.19 1.15
0.75 0.09
-0.96 -1.23
0.43 1.25
0.38 2.42
0.40 1.45
0.23 2.26
0.55 1.40
-0.87 -0.43
3.04 1.39
-0.35 0.60
-1.07 1.48
0.73 1.03
0.43 0.02
0.67 0.83
-0.58 -1.54
-0.16 -0.60
1.43 1.36
1.67 0.85
0.25 -0.18
-0.14 -0.59
0.48 -1.02
-0.83 -0.46
1.16 -0.68
-0.17 0.31
0.80 -0.72
-1.71 -0.68
-1.68 -1.38
0.88 -0.13
0.24 -1.07
-1.47 0.22
0.68 0.50
-0.56 -0.65
0.56 0.45
0.75 0.01
0.38 0.55
2.14 0.71
