0.87 0.78
-1.02 1.00
-1.56 1.50
-0.28 -0.55
-0.60 0.63
-0.17 -1.18
0.50 -0.47
0.27 0.65
0.40 -0.66
-2.12 -0.07
-0.62 1.08
0.37 -1.42
1.65 -0.77
1.37 -0.90
1.22 -0.19
-0.25 0.95
-1.26 0.44
-1.45 1.92
-0.24 -0.84
1.32 -0.18
0.03 -0.78
0.04 1.27
0.13 1.02
1.09 -1.19
-0.81 1.87
0.51 -0.36
0.32 0.47
-1.47 1.61
1.17 -1.62
1.18 -0.09
-0.13 -0.98
1.09 -1.46
-0.28 0.66
-0.52 0.26
0.79 -0.91
-1.50 0.59
1.33 -1.96
2.19 -1.68
0.17 0.30
-1.91 1.28
-1.08 0.78
-0.15 -0.02
1.67 -1.60
0.95 -1.14
0.35 -0.36
0.92 -0.54
-0.65 0.26
0.67 -0.33
0.24 -1.05
-0.13 -0.33
