-0.25 0.79
-1.04 -1.56
0.47 -0.87
0.36 0.21
0.78 0.64
0.67 1.89
-0.12 0.05
-0.33 0.72
0.22 0.47
-0.09 -0.82
0.46 -1.67
-0.57 -2.12
-0.59 -0.64
0.67 0.59
-0.65 -2.50
1.07 0.43
0.16 1.67
-0.99 -0.98
-1.31 -0.57
0.56 0.35
-0.54 -0.61
-0.84 -0.47
-0.35 0.03
0.83 -0.02
0.73 -0.25
-2.62 -0.90
-1.39 0.44
-2.90 -0.62
-1.65 0.47
-0.04 -0.25
0.19 -1.40
1.20 0.91
0.84 -0.41
0.19 1.66
0.67 0.82
-0.21 -0.14
-0.19 0.46
1.37 1.12
0.66 -0.17
0.42 -1.09
0.98 -0.17
1.37 0.13
0.34 -1.55
-0.33 -0.13
1.22 0.13
-2.05 -0.62
0.82 0.61
-1.65 -0.95
-0.48 -0.37
-1.01 -1.44
0.56 2.09
0.86 -0.09
0.67 -0.36
0.19 -0.71
0.81 0.05
0.21 0.78
-0.66 0.49
0.18 2.13
-0.51 0.36
1.43 -0.53
2.26 1.76
-0.70 1.92
-0.61 -1.18
-0.99 -1.77
-0.80 -0.98
1.59 0.92
1.84 1.38
-0.33 -0.42
0.52 0.63
-0.09 -0.98
-0.59 -0.78
-0.61 -0.48
-0.52 0.25
0.61 2.05
0.02 -0.67
-0.85 0.41
0.90 1.91
1.00 1.74
-1.60 -0.62
0.22 -0.02
-0.29 -0.37
-1.26 0.15
-0.12 -1.34
1.28 0.27
1.36 -0.21
-0.14 0.46
-2.46 -0.23
-0.83 0.91
-0.58 0.60
1.64 0.89
