-0.90 0.58
0.91 -0.34
0.30 0.50
-1.26 0.87
0.55 0.16
-0.75 0.80
0.72 1.02
1.28 0.56
0.32 0.03
-1.57 1.65
1.67 -1.01
0.27 0.04
0.80 -1.91
0.89 0.02
-0.51 1.71
-0.79 -0.17
0.86 -1.23
1.55 -0.37
-0.31 -0.03
0.13 -0.65
0.72 0.49
-1.42 1.19
1.43 -1.35
1.16 -1.60
0.54 -0.05
-1.24 1.62
-1.24 2.31
-0.14 0.57
-1.79 0.83
0.82 0.15
-0.39 0.38
1.34 -0.32
-1.88 0.52
-0.90 1.12
2.59 -2.93
0.34 0.23
0.10 0.83
-1.29 -0.14
0.33 -0.69
-0.67 1.05
-0.01 -0.69
0.58 -0.03
0.94 -1.15
-0.01 0.68
-0.35 -0.95
0.49 -0.22
0.24 -1.01
0.39 -0.92
-1.38 1.07
0.91 -0.56
