2.20 0.36
2.15 1.24
0.48 -0.75
-0.14 -0.30
-0.08 -0.19
0.17 -0.59
2.24 0.25
0.57 1.04
-1.29 1.29
0.29 1.67
1.47 -0.70
0.04 0.14
0.82 -0.16
-0.04 -0.95
-0.99 -0.60
-0.26 1.08
0.74 1.30
0.59 -0.85
-1.92 -0.81
-0.50 -1.01
-0.18 -1.10
-2.78 -2.40
1.44 0.66
-0.06 -1.08
1.64 0.20
0.46 1.46
-0.10 0.32
1.02 -1.04
-1.29 -0.17
-0.46 0.54
1.18 1.69
0.21 -1.10
0.62 -0.22
-0.45 0.58
0.82 0.35
-0.82 1.19
1.27 -0.17
0.31 -1.64
-0.26 1.55
0.71 1.06
-1.17 -0.56
-0.64 -1.91
-0.57 -0.03
0.84 -1.34
-0.35 -0.70
-0.31 -0.05
0.58 1.33
-0.56 0.65
0.87 1.24
-0.25 0.49
