0.44 1.04
-0.44 0.31
-0.68 -0.85
-0.56 -1.42
0.33 0.55
-0.02 1.45
0.96 1.86
0.35 0.64
-2.30 -1.97
1.63 -0.06
0.46 -0.55
0.20 -0.28
0.59 -0.15
-0.76 -0.31
-1.90 -2.06
1.62 2.17
0.44 0.28
-2.90 -2.17
-0.09 -0.26
-0.80 -0.53
-1.68 -1.03
-0.47 0.02
0.45 0.29
0.57 0.77
0.26 1.25
-0.39 -0.82
1.44 -0.01
0.63 1.18
0.11 0.39
1.61 0.84
-1.68 -1.72
-1.71 -0.98
0.09 0.79
0.30 -0.25
0.31 0.17
-0.33 -0.57
-1.43 -0.90
0.55 1.11
0.38 0.43
0.67 0.49
0.04 0.32
0.01 0.63
1.23 0.68
-0.22 -1.12
-0.33 0.00
0.39 0.17
-0.57 -0.30
1.00 0.66
0.15 0.08
0.32 0.52
0.91 0.28
-1.34 -1.73
-0.99 -1.01
-2.41 -1.90
-1.15 -1.41
-0.20 1.41
1.22 1.36
-0.10 0.15
0.40 0.44
0.94 0.49
0.24 0.29
1.86 1.39
-1.36 -1.13
-0.50 -0.70
-0.85 -0.27
-0.13 0.59
-0.20 -0.79
-0.96 0.48
-0.17 0.47
-1.63 -2.26
0.44 -0.23
-0.63 -0.86
-0.00 0.18
0.09 -0.31
-1.51 -1.65
-0.14 -0.27
0.49 0.40
1.76 2.17
0.32 1.39
0.55 0.91
0.45 0.26
-0.59 0.87
-0.94 -0.67
-0.32 -0.27
1.07 1.19
1.19 0.82
-0.78 -0.33
-1.01 -1.93
-1.99 -0.70
-1.20 0.06
-0.39 -0.18
-1.89 -1.20
0.42 0.03
-1.02 -0.16
-0.82 0.36
-0.61 -1.66
1.15 1.25
1.68 1.95
1.37 1.18
0.26 -0.08
