0.61 1.50
-0.59 0.43
-1.02 -1.91
-2.36 -0.68
-2.04 -0.35
-1.22 -0.19
-0.40 -0.30
0.34 1.63
-1.14 0.76
0.49 1.93
-1.02 -0.39
-0.40 0.31
-0.03 1.58
-0.55 0.97
-2.12 -0.27
0.62 -0.83
0.57 0.68
-1.20 0.06
0.03 -1.09
0.08 -0.24
1.94 -0.96
-0.53 0.38
0.50 -0.83
0.29 -0.29
-0.95 -0.87
-0.48 1.74
0.11 -0.15
-0.04 1.18
-1.69 1.99
1.81 -0.53
-1.67 0.84
-0.35 -2.45
0.25 -1.00
-1.55 -0.85
0.29 0.06
0.51 -1.46
-1.04 0.69
-1.14 0.90
-0.92 0.21
0.59 0.09
-1.33 -1.55
0.68 0.83
1.06 1.44
0.17 0.33
-0.09 -0.06
0.60 -0.49
-0.24 0.46
0.63 0.30
-0.39 -0.73
1.50 -0.51
-0.62 1.20
-0.06 -0.07
1.08 0.82
0.69 -2.35
-1.21 0.58
1.46 -0.99
0.57 -0.46
1.07 0.68
0.84 0.22
0.49 -0.67
1.26 -2.43
-0.08 -0.36
-1.76 -0.00
-0.66 0.70
1.05 0.09
0.91 0.47
1.71 0.32
-1.54 -1.04
0.87 0.65
1.17 -0.09
-3.02 -0.05
-0.35 0.69
0.19 0.66
-1.59 -2.02
-0.93 -0.01
0.18 1.04
1.23 -0.03
-0.37 -0.47
0.02 0.77
0.98 0.98
0.10 -2.67
1.10 0.06
0.10 -0.35
-0.52 -1.16
-0.63 1.49
-0.69 0.65
-0.39 -0.14
-0.59 0.30
-0.20 -1.56
-0.49 0.49
