-0.11 0.11
1.41 -0.86
0.46 -1.16
0.30 0.46
-0.20 0.20
0.63 -0.05
-1.22 0.15
-1.19 1.95
-0.72 1.24
1.76 -1.56
0.58 0.24
0.51 -0.02
-0.55 0.99
-1.48 2.16
-0.23 -0.17
0.67 -0.50
-0.81 0.90
0.54 -0.63
-0.34 0.21
0.74 -0.94
0.89 -0.70
0.09 -0.54
1.31 -0.84
1.83 -1.13
-0.43 0.06
-1.24 2.16
-2.41 2.56
0.77 -0.59
-0.25 0.66
-2.17 1.93
-0.21 1.18
-1.17 0.74
-1.56 1.54
0.23 -0.05
-1.12 1.03
-1.82 1.73
-0.40 0.73
0.74 -0.52
-0.21 0.51
0.20 -0.41
-1.54 1.30
-0.71 0.75
-0.60 1.10
0.32 -0.58
-0.67 0.91
1.33 -0.14
0.93 -0.98
-1.07 1.10
1.03 -1.16
-0.15 -0.06
