-0.32 0.55
-1.40 1.53
0.08 -0.10
-2.19 1.24
-1.60 1.33
-0.17 0.19
-1.19 1.48
1.38 -0.53
-0.17 0.48
-0.20 0.79
1.86 -1.24
0.37 -0.22
-1.16 0.66
-0.82 0.78
1.44 -0.48
-0.82 0.60
-0.40 0.27
-0.03 0.36
0.31 -0.59
-0.19 0.62
-0.80 -0.11
0.94 -1.31
1.32 -1.54
2.28 -2.19
-1.02 0.88
1.58 -2.00
0.27 -0.58
-0.10 -0.06
-0.38 0.46
1.70 -2.16
0.75 -1.47
-1.03 0.82
2.92 -2.47
-0.46 0.03
-0.03 -0.67
0.11 0.22
0.60 -0.60
-0.61 0.56
0.79 -1.17
1.56 -1.61
-0.18 -0.42
0.78 -0.21
-0.33 0.59
0.18 0.03
1.29 -1.33
-2.72 2.33
-0.11 0.69
-0.10 0.81
-1.37 2.07
-0.87 0.91
-0.64 0.63
-0.10 0.83
0.83 -0.07
0.09 -0.05
-2.70 3.29
0.54 -0.16
1.60 -1.37
1.10 -0.86
-0.25 0.04
-0.15 -0.09
0.08 0.10
0.64 -1.33
0.11 0.18
0.76 -1.15
0.79 -1.11
-0.27 0.46
-0.83 0.58
-0.03 0.83
-1.04 0.82
-0.78 0.47
-0.49 0.89
0.50 0.14
0.00 0.54
0.00 0.14
1.17 -0.93
-0.27 -0.44
1.02 -0.48
1.47 -1.51
0.19 0.33
-0.33 0.26
-0.47 0.17
0.89 -1.51
-0.01 0.31
-0.15 0.35
1.00 -0.98
-0.78 0.42
-0.04 0.22
0.32 -0.12
1.62 -0.25
0.25 -0.17
