1.05 -1.13
0.13 0.32
-0.96 0.71
0.70 -1.38
0.17 -0.12
-1.04 1.84
0.47 0.35
1.06 -0.50
1.44 -0.93
-1.00 1.00
-1.43 1.54
-0.53 -0.10
-2.27 1.94
-0.58 0.56
-0.83 0.35
-0.85 1.81
0.47 -0.37
1.83 -1.76
-0.84 0.70
-0.01 0.29
1.37 -0.45
-1.40 0.58
0.62 -0.27
0.97 -0.64
0.57 -0.80
-1.37 1.22
-0.76 0.38
0.51 -0.15
-0.22 -0.32
0.88 -0.69
-0.86 0.91
-1.94 2.06
-0.70 0.43
-0.55 0.23
-1.60 2.16
0.42 -1.24
1.77 -1.65
0.41 -0.08
0.30 0.33
0.29 -0.36
0.69 -0.81
1.07 -0.84
0.60 -0.00
-1.48 1.81
-0.86 0.40
-0.92 0.64
-0.03 0.66
0.36 -0.72
-1.40 1.87
-1.10 1.07
