0.53 -1.49
-1.56 0.04
0.71 -0.27
-0.03 -0.71
0.19 0.66
-0.32 0.44
0.66 -1.08
0.99 -1.34
0.19 1.41
-0.17 -1.87
-0.10 -0.95
0.67 0.61
-0.06 0.62
0.53 1.27
-1.15 -1.99
0.11 -0.19
1.67 -1.53
-0.87 0.15
-0.63 -0.92
-0.86 -0.47
-0.89 0.46
-2.21 -1.32
-1.08 -1.73
-0.95 -0.76
-0.35 -0.01
-1.01 0.25
1.74 -0.75
1.37 0.02
-0.23 0.50
0.07 1.49
0.94 -1.36
0.00 -1.81
-0.34 -0.37
-0.73 -0.56
-0.44 0.12
1.14 1.74
2.35 0.26
1.43 -0.34
-1.93 -0.32
-0.07 0.95
0.12 0.06
1.17 -0.04
0.71 -1.01
-1.51 0.39
-1.95 2.05
0.11 -0.08
-0.45 0.34
0.88 0.49
0.29 -0.40
0.91 -2.17
0.41 -1.61
-0.08 2.25
-1.55 -0.06
-0.22 1.05
0.81 -0.65
0.28 -1.94
-0.54 -0.41
-0.51 0.15
0.01 -0.18
2.21 -2.41
1.69 -1.00
-0.40 -0.25
1.69 0.70
1.24 0.60
-1.23 0.97
-1.76 0.03
-1.62 0.55
-0.71 -1.19
-1.08 -0.54
-0.63 0.76
-0.78 -0.51
1.50 -1.89
1.63 0.10
0.05 -0.18
0.22 0.16
0.13 0.14
0.67 1.05
0.22 0.28
0.18 -0.47
1.53 0.65
0.37 1.16
0.02 -1.73
-0.59 1.04
-0.93 -0.82
-0.50 0.95
-0.70 -0.29
-1.12 -0.01
0.97 1.78
0.52 -0.09
-1.38 -0.21
