-0.72 0.29
-0.80 0.21
0.75 -0.41
-1.07 -1.37
-1.13 0.70
-0.65 0.37
-0.23 -0.01
-2.25 0.39
-0.15 0.32
0.28 -1.04
1.36 -0.99
0.19 -0.52
0.56 -1.40
0.30 0.63
-1.19 0.45
-1.57 0.78
0.60 0.97
0.83 0.90
-1.17 -0.65
-1.26 -2.00
1.47 -0.90
0.19 0.45
0.48 -0.24
1.20 0.95
1.55 0.91
0.13 -1.57
-0.02 -0.76
0.55 -0.17
0.51 -1.87
-0.56 1.03
-0.57 -0.11
0.44 0.68
0.46 1.83
-1.42 -0.01
0.13 0.08
-1.24 -2.02
1.84 -1.34
1.57 -0.23
-0.04 1.04
-1.74 -1.70
0.79 1.12
0.93 -0.60
-0.11 2.32
-0.82 0.08
1.55 0.35
-0.29 -0.14
-0.97 2.81
1.02 -0.89
2.33 0.37
0.39 -0.32
0.09 0.18
0.71 -2.51
-0.16 -0.62
-1.46 0.46
-2.00 -0.10
0.35 -0.06
0.41 0.43
1.92 1.37
0.86 1.62
-1.58 -0.12
0.59 -0.41
-0.68 -0.39
-0.59 -1.07
-2.00 -0.27
1.98 0.57
0.36 0.30
0.53 1.78
-1.14 0.08
-0.57 0.53
-0.15 0.29
1.43 -0.51
-0.08 0.33
1.98 -0.85
0.14 1.41
-1.06 1.17
-0.38 -0.43
1.24 -0.81
-0.37 0.38
-0.66 0.82
-0.71 0.85
-0.18 -0.14
0.56 -3.53
0.83 0.13
0.71 1.02
0.26 0.98
-0.21 -0.57
0.83 1.10
-0.51 0.21
1.38 -0.02
-0.46 -0.50
0.32 0.90
-0.98 -0.01
-1.01 0.12
1.36 -0.37
-0.12 0.77
0.64 -0.24
1.88 -0.07
0.19 1.56
-0.42 -0.77
-0.37 -0.42
