0.04 0.11
0.75 -0.23
-0.77 0.64
-0.53 2.22
0.82 -0.20
-0.66 0.29
-0.79 0.55
-0.33 -0.35
-1.41 1.75
-0.86 0.71
-0.14 -0.56
-0.27 0.59
-0.10 -2.18
0.45 -0.91
-2.86 1.06
-1.72 1.17
1.14 -0.91
0.54 0.61
-2.27 1.73
1.02 -0.50
0.99 -0.04
2.29 -0.72
-2.20 -0.09
-0.11 -1.29
0.98 -0.85
-1.41 0.55
0.50 1.26
-0.81 0.59
-0.76 -0.03
-0.73 0.70
-1.14 1.42
-0.78 -1.50
1.01 1.22
0.08 -0.41
1.47 -1.27
-1.24 0.52
-0.32 -0.27
-0.10 1.57
0.12 0.58
0.44 1.24
1.24 -0.61
1.58 -1.63
0.36 -1.83
0.09 -0.59
-0.46 -0.34
0.53 -0.19
-0.24 1.09
-0.38 -0.55
-0.55 1.17
0.23 0.56
0.19 1.34
-0.51 1.29
-1.34 -0.98
-0.36 -0.60
-1.19 -1.01
-1.36 -0.64
0.06 -0.25
-0.19 0.84
-0.70 -0.76
-0.77 -1.05
-2.19 0.13
1.60 0.97
1.71 0.64
-0.68 0.40
-0.42 -2.00
-1.32 2.29
0.24 0.46
0.45 0.15
1.13 0.84
1.09 0.34
0.66 0.70
-1.57 0.87
0.74 1.38
0.95 -0.57
1.43 0.18
-0.12 1.62
0.76 -2.17
0.24 -0.51
0.71 -1.30
0.90 -0.40
1.61 -0.30
0.06 0.20
1.30 -0.78
-0.83 1.44
0.41 0.02
-0.82 1.22
0.75 -1.00
-0.17 -0.13
0.06 0.41
-0.34 1.30
