0.97 -0.97
1.20 -1.20
-0.49 0.49
-0.85 0.85
0.18 -0.18
-0.54 0.54
0.02 -0.02
1.58 -1.58
-0.89 0.89
0.05 -0.05
2.99 -2.99
-0.69 0.69
-0.10 0.10
1.74 -1.74
1.86 -1.86
0.06 -0.06
1.40 -1.40
1.54 -1.54
-0.70 0.70
1.56 -1.56
0.71 -0.71
0.69 -0.69
-0.40 0.40
-0.80 0.80
0.66 -0.66
0.80 -0.80
0.29 -0.29
-0.78 0.78
-0.91 0.91
1.05 -1.05
1.59 -1.59
1.63 -1.63
-0.55 0.55
-0.72 0.72
0.69 -0.69
-2.09 2.09
0.67 -0.67
1.32 -1.32
0.68 -0.68
0.42 -0.42
-1.03 1.03
0.02 -0.02
0.04 -0.04
-0.81 0.81
-1.51 1.51
0.43 -0.43
0.55 -0.55
0.48 -0.48
0.53 -0.53
0.03 -0.03
