0.75 -1.43
-0.34 1.91
-1.11 1.27
-1.07 0.67
1.21 -0.28
-0.64 -0.63
-1.28 1.32
-0.21 0.11
1.06 0.82
0.04 0.53
0.30 -0.88
-1.07 0.19
-1.27 -0.63
0.74 1.29
0.43 0.31
-0.01 -1.34
1.83 1.21
-0.13 1.16
0.83 -0.87
-0.27 -0.43
-1.60 -1.68
-0.99 1.21
-0.18 -1.36
0.82 -1.41
0.33 -1.73
-0.65 -2.13
-1.30 0.48
0.34 -0.82
0.96 0.13
-0.46 1.14
-0.35 1.13
-0.87 0.53
0.27 0.67
-1.45 -0.50
1.02 -0.10
1.65 0.32
-0.45 0.68
0.41 -2.24
3.28 0.99
-1.19 -0.44
-0.22 -0.29
-0.44 0.38
0.09 -0.07
1.40 0.17
-1.00 -0.06
-0.78 -0.37
-0.10 0.18
0.16 0.75
0.35 0.69
-1.92 -1.48
