-2.03 1.77
-0.46 -0.10
1.17 0.17
0.64 -1.20
-0.16 0.29
0.73 -0.18
2.04 -1.69
-0.95 1.32
-1.63 0.99
-0.91 1.01
0.51 -0.20
1.08 -0.69
1.19 -1.59
0.97 -0.01
0.82 -2.64
-0.32 0.12
0.23 -0.63
-0.23 0.57
-0.83 0.59
0.08 -0.14
-0.06 -0.70
1.28 -0.01
-1.82 -0.53
-0.23 -0.39
0.94 -1.55
0.75 -0.14
-0.58 -0.62
-0.66 -0.24
0.07 1.49
-1.00 -0.28
-1.35 1.64
0.61 -0.80
1.03 0.11
1.49 -1.55
-2.17 2.30
-0.55 0.89
-1.25 1.39
-0.47 0.97
0.92 -1.07
0.45 -0.13
1.08 -1.21
-0.51 1.06
-0.47 -0.66
0.22 -0.94
-1.02 0.16
0.25 -0.10
-0.91 0.80
-0.24 0.26
-2.14 0.79
-0.16 -0.62
