-1.39 -0.22
2.02 0.76
-0.56 0.07
0.45 0.11
0.13 0.64
-1.77 -0.42
-0.06 -0.86
0.21 1.03
-1.14 1.18
-0.73 0.34
0.01 1.22
-1.11 -0.24
0.64 -1.06
-0.66 -0.46
0.36 0.31
-0.40 1.07
-2.01 -0.81
0.99 0.88
0.06 -0.79
-0.56 -0.26
-0.68 0.16
-1.77 -0.03
1.13 0.52
2.24 1.70
-0.44 -1.49
-0.40 0.28
1.36 1.34
1.07 -0.38
-1.24 -1.89
-0.84 -1.47
-0.10 0.41
0.73 0.44
0.37 -0.08
-0.43 -0.96
2.07 2.18
-1.17 -1.07
0.35 1.05
-1.12 0.05
0.58 1.56
0.58 -0.31
1.39 2.21
1.07 -0.45
0.96 0.46
1.27 1.44
-0.64 -0.52
0.69 0.05
1.93 2.34
0.12 0.90
-0.39 -0.11
0.01 -0.26
-1.39 -0.32
1.86 1.76
-0.48 1.20
1.64 -0.79
-1.12 0.17
-0.44 -0.46
-0.75 0.20
0.01 -0.04
-1.20 -0.54
1.07 2.72
-1.34 -1.57
1.99 0.77
-0.09 1.43
0.15 0.86
-0.30 -0.39
-0.18 -0.11
0.01 -0.23
0.36 0.92
0.10 -0.26
0.04 -0.26
-0.01 -0.72
-0.43 -0.23
-0.39 -0.46
-0.17 -0.58
0.47 0.39
0.07 0.13
-1.63 -0.78
-0.03 -0.98
-2.33 -1.00
0.18 2.08
-0.59 -1.01
0.14 0.30
-0.69 -0.43
1.32 0.31
0.43 0.16
1.69 -0.29
-1.15 -0.96
-0.13 -1.36
2.06 1.83
0.59 -0.52
-0.10 -0.77
-1.00 -0.91
-0.42 0.24
0.83 0.63
-1.39 -2.07
1.21 1.54
0.06 0.40
0.78 1.56
-0.69 -1.66
0.83 1.55
