-0.37 -1.44
-0.42 -0.99
-1.41 0.42
1.34 0.12
0.12 0.46
0.04 1.08
-1.80 0.16
0.91 0.97
0.88 -0.72
0.61 0.56
0.64 0.37
0.79 1.17
-0.54 -1.98
-1.28 0.03
-2.19 1.53
-0.09 0.76
-1.29 0.30
-0.81 -1.47
0.40 -1.32
-0.25 -0.69
1.63 0.71
-0.07 1.76
0.48 0.95
0.96 0.07
1.24 -0.88
0.91 -0.39
-1.48 0.03
1.26 0.53
-1.60 1.25
1.82 0.42
0.38 -1.35
-0.40 0.26
-0.84 0.21
-0.01 0.59
0.25 -1.74
-0.84 -1.20
0.69 -1.55
1.08 -0.03
-1.64 -0.18
-0.73 -0.36
-0.16 1.21
1.09 -0.72
-0.42 0.69
0.98 -1.05
0.33 -0.24
-0.05 1.41
1.31 -1.14
0.49 1.16
0.33 -0.73
1.10 -1.74
-0.92 1.05
0.66 -0.49
-0.12 0.10
-1.34 -2.21
-1.06 -0.16
-1.31 -2.81
-1.06 -0.35
2.25 -0.81
1.43 1.04
-0.27 0.44
0.29 -1.53
1.45 -0.39
-0.34 -0.83
0.40 2.02
0.65 0.63
-0.77 0.02
-1.07 0.77
0.70 -0.44
-0.18 2.20
0.34 0.68
2.16 -0.51
-0.12 0.52
1.51 -0.33
-0.29 0.03
-0.60 0.22
-0.55 0.47
-0.18 0.43
-1.40 0.59
-2.45 0.17
0.04 1.23
-0.48 -1.51
1.30 0.32
-0.01 0.49
1.14 -1.04
-1.60 -0.12
-0.42 0.23
-0.53 -0.14
0.36 -0.97
0.58 0.76
1.16 0.41
0.68 0.17
-0.86 1.26
-0.39 0.14
-1.76 -1.95
1.25 2.74
-1.10 0.52
0.33 -0.03
-0.38 0.35
-1.06 -0.01
0.60 -0.62
