-0.88 0.31
-0.20 -1.19
-0.53 0.47
-1.40 -0.56
0.06 -2.09
-0.39 0.07
0.81 -0.84
0.43 -1.04
-0.55 0.89
-0.31 -0.38
-1.67 -1.22
-1.90 -0.20
-2.56 0.32
-0.76 0.92
-0.47 1.14
-1.71 0.62
-1.15 -0.29
-0.43 0.78
0.05 -1.72
0.43 0.64
0.44 0.12
0.60 2.52
-0.77 -0.42
0.42 -1.29
-0.85 -0.64
-0.66 1.76
-0.16 -0.75
-0.02 1.22
-1.00 0.32
-3.41 1.61
1.21 -0.61
0.26 0.94
0.16 -1.13
-2.21 1.55
-0.21 0.86
-1.00 0.04
1.35 -0.47
-0.95 -0.37
0.27 0.80
0.22 -0.61
-0.17 0.53
-0.29 0.42
-1.50 1.22
1.34 0.68
-0.65 -1.49
0.05 0.81
-2.37 0.36
-0.69 -0.39
-1.09 0.47
1.37 -0.25
0.06 1.66
-1.78 1.95
0.27 0.25
-1.37 0.42
-1.80 -0.32
2.52 -2.56
0.41 -0.18
-0.45 1.14
0.08 -0.82
0.33 -0.09
0.77 -1.77
0.03 -0.05
-0.09 0.11
0.09 -0.86
0.63 1.37
1.48 -1.08
0.98 0.69
-0.47 -1.46
-1.17 0.83
-0.37 0.50
-1.42 0.94
0.60 1.19
-0.28 -1.48
-0.51 0.14
0.95 1.35
1.39 -0.92
0.47 0.33
-0.43 0.77
-0.25 1.21
-0.35 0.76
0.41 2.04
0.79 -0.13
-0.84 1.18
-0.74 1.02
1.08 0.03
0.42 -0.03
-1.09 -0.70
-0.41 -0.50
0.50 0.13
0.68 -1.54
1.77 0.09
0.00 -0.07
-0.71 -0.36
0.24 -0.69
0.61 -1.92
1.25 -1.62
-0.93 0.85
-0.77 -0.42
1.27 -0.27
0.53 -0.19
