0.40 0.40
-1.10 -1.10
-0.70 -0.70
1.79 1.79
0.61 0.61
1.35 1.35
1.03 1.03
-1.99 -1.99
0.89 0.89
0.55 0.55
-0.76 -0.76
-0.35 -0.35
-0.54 -0.54
0.09 0.09
1.70 1.70
-0.14 -0.14
2.23 2.23
-0.37 -0.37
1.33 1.33
0.28 0.28
1.11 1.11
-1.54 -1.54
0.14 0.14
0.03 0.03
-0.77 -0.77
2.69 2.69
-0.72 -0.72
0.40 0.40
-1.00 -1.00
-1.38 -1.38
1.82 1.82
0.86 0.86
-0.10 -0.10
0.39 0.39
-0.15 -0.15
-1.78 -1.78
0.87 0.87
0.77 0.77
-0.88 -0.88
-0.24 -0.24
0.82 0.82
-0.85 -0.85
0.08 0.08
-0.72 -0.72
-0.13 -0.13
0.89 0.89
0.75 0.75
-2.67 -2.67
-0.32 -0.32
-0.75 -0.75
-0.33 -0.33
-0.03 -0.03
0.30 0.30
-0.17 -0.17
-0.51 -0.51
-0.92 -0.92
0.66 0.66
-1.16 -1.16
-0.05 -0.05
-0.89 -0.89
0.19 0.19
2.01 2.01
1.14 1.14
0.10 0.10
-0.13 -0.13
-0.22 -0.22
1.83 1.83
-1.23 -1.23
-0.08 -0.08
0.22 0.22
0.24 0.24
0.25 0.25
0.83 0.83
2.20 2.20
0.90 0.90
1.76 1.76
-1.43 -1.43
-0.27 -0.27
0.25 0.25
-1.07 -1.07
-0.40 -0.40
0.12 0.12
-0.02 -0.02
0.12 0.12
-1.22 -1.22
0.43 0.43
1.04 1.04
0.22 0.22
-0.96 -0.96
0.93 0.93
-0.11 -0.11
-1.64 -1.64
-1.53 -1.53
-0.12 -0.12
-0.17 -0.17
0.01 0.01
1.20 1.20
-0.06 -0.06
-0.33 -0.33
-1.30 -1.30
