-0.36 -0.15
1.67 0.32
-1.39 0.15
0.48 1.39
1.52 2.24
-0.18 -0.94
0.74 0.28
-1.72 -1.53
0.73 0.51
0.49 -0.08
-0.46 -0.82
0.63 0.26
-1.50 -0.60
0.27 -0.45
-0.73 -0.79
0.45 0.05
-0.67 0.70
1.09 1.56
-1.58 -0.92
0.32 0.18
1.07 1.09
0.23 0.71
0.72 1.05
-0.10 0.18
-0.19 0.31
0.20 1.66
-0.54 -0.30
-0.01 -0.59
0.36 0.35
2.05 2.11
0.34 0.81
-0.17 -0.86
0.87 0.24
0.27 0.08
-0.89 0.49
0.22 -1.04
0.97 0.14
-1.59 -0.13
-2.85 -1.94
1.17 2.13
0.20 -1.26
-0.57 0.58
-0.34 -0.31
1.07 0.02
0.05 -0.97
-0.12 -0.32
0.17 0.44
0.11 -0.60
-0.21 -0.63
-0.49 0.49
-0.26 -1.69
-1.36 -0.80
-0.61 -1.21
0.86 -0.00
-0.96 -2.00
-0.75 -0.63
0.44 -0.60
-1.58 -1.03
1.14 -0.65
1.22 1.18
1.06 1.41
-0.34 1.03
1.08 0.18
0.79 2.00
-1.87 0.39
0.35 0.07
0.31 1.17
-0.78 -0.28
1.61 1.11
-1.25 -0.01
-2.20 -3.08
0.88 1.33
-0.16 -1.09
0.24 1.06
-1.05 -1.14
0.90 1.65
-0.05 -0.18
0.80 0.19
-0.97 0.07
-1.55 -0.98
-1.03 -0.32
-0.69 -1.37
1.56 1.61
-1.30 0.00
0.57 0.47
1.16 1.43
0.69 -0.47
0.10 0.66
-0.81 0.63
-1.18 0.61
-0.23 0.02
-1.20 0.22
1.92 0.69
1.19 -0.22
2.07 0.14
1.13 1.77
0.19 -1.36
1.31 1.56
0.67 0.03
-0.09 -0.91
