0.30 -2.08
-0.32 -0.50
0.29 0.82
-0.21 -1.05
1.27 -1.53
-0.63 0.28
0.83 0.20
-0.10 -0.29
2.27 0.19
-1.23 -0.47
-0.46 -0.12
-0.25 1.85
-0.83 0.45
0.73 -0.12
0.33 -0.67
-1.48 -1.00
-2.17 1.25
-0.07 0.02
-0.23 0.48
0.97 0.60
-1.86 -1.49
-1.97 -1.27
-0.01 0.55
0.39 0.89
0.41 -0.44
-1.10 -1.15
-0.96 -0.72
0.61 -0.11
0.86 -0.65
-0.18 1.09
-0.90 0.35
0.24 -1.03
0.20 -2.36
0.52 0.81
0.43 0.04
-1.70 1.38
-0.85 -0.58
0.10 0.50
-0.92 0.72
-0.09 2.18
0.20 -0.81
-0.53 2.16
2.84 0.22
-0.10 0.59
0.55 0.10
1.22 -0.45
-1.37 1.07
-0.98 -0.61
1.10 1.52
-0.66 0.34
