1.05 0.67
-0.91 -0.42
0.55 -0.69
0.06 0.25
0.76 0.79
-1.36 -0.77
0.76 -1.50
0.77 1.77
1.45 0.44
-0.41 0.70
-1.33 0.72
1.89 0.63
-1.10 0.38
-0.50 0.71
1.70 -0.47
0.14 1.34
0.94 -0.46
1.58 -0.40
-0.43 -0.34
0.68 1.27
0.13 -0.20
-1.75 -1.16
-0.07 -1.30
0.36 0.62
1.80 1.04
-0.25 -0.89
1.44 0.85
-2.18 -1.91
-1.50 0.01
-0.50 -1.03
-0.31 -0.11
-0.11 -1.37
0.40 0.02
1.02 -0.55
1.79 0.98
1.72 1.74
-0.81 -2.48
0.15 0.08
-1.07 -0.72
-0.50 -0.19
-0.55 -0.85
0.44 0.25
1.90 1.05
-0.03 -0.35
0.27 0.53
0.70 1.65
-0.36 0.97
-1.33 0.50
-0.15 -0.39
1.19 0.38
0.82 -0.04
-0.08 -0.39
0.06 0.61
0.45 0.46
0.22 1.10
0.69 1.23
1.15 0.19
0.57 1.26
0.96 -0.91
-0.07 -0.11
0.49 1.78
-1.57 -0.14
-0.32 -1.79
-1.19 0.29
1.91 1.88
0.55 1.57
-0.67 0.08
-0.94 0.15
0.00 -1.01
1.22 0.94
0.71 -0.28
-0.04 0.07
1.57 1.27
1.52 1.28
1.09 1.14
-1.55 -0.59
-0.11 -0.26
2.24 0.35
-0.16 -0.75
0.38 1.38
0.60 1.24
-0.10 -1.22
-0.85 -1.53
0.86 -0.33
-0.45 0.10
0.47 0.83
-0.11 -0.27
0.29 -1.07
2.79 1.89
1.13 3.06
