0.62 -0.20
1.72 1.57
-0.48 -0.71
2.27 2.30
0.23 -0.65
0.90 -0.11
-0.55 -0.23
0.62 1.83
0.87 0.70
0.58 -1.08
-0.59 0.18
-1.22 -0.46
0.33 -0.79
-0.94 -1.22
-0.98 -1.10
-0.94 0.03
1.76 1.10
-0.38 -1.49
-0.76 -1.59
-0.41 0.01
-0.16 -0.91
0.98 0.24
-0.02 0.34
-2.33 -0.97
-1.94 -0.95
-0.79 -1.05
0.01 1.34
-1.26 -2.11
-0.10 1.26
-1.78 -1.47
-1.87 -1.28
-1.27 -1.23
0.69 -0.09
0.64 0.12
-1.32 -0.17
0.28 1.98
1.11 1.25
0.43 0.42
0.91 0.77
0.75 0.14
-0.96 1.26
-0.44 1.20
0.79 0.78
0.28 -0.42
0.19 0.49
0.71 0.84
-1.71 -0.73
1.28 0.67
1.05 0.79
-0.04 0.11
0.58 1.36
0.54 0.09
-0.42 -0.72
1.65 1.62
0.04 0.25
0.24 0.15
-0.50 -0.01
1.05 1.11
0.79 0.50
0.66 0.53
0.79 -0.56
1.52 0.83
-0.61 -1.71
-0.16 1.26
1.04 0.84
-0.54 0.77
1.13 2.08
0.08 -0.03
-2.87 -1.48
1.21 0.25
1.03 1.17
0.31 -0.55
0.76 0.25
1.05 -1.31
0.39 0.09
-0.93 -1.09
1.98 0.16
-0.19 -0.92
-0.55 -0.25
0.43 -0.20
-0.12 -1.19
0.51 -1.08
-1.76 -0.72
-0.53 -0.26
0.83 -0.87
0.29 -0.75
0.75 0.46
1.05 1.42
0.81 0.85
0.23 1.97
