-0.95 -0.57
-0.69 -1.43
0.52 -0.39
0.37 -1.46
-0.19 -0.38
-0.15 -0.98
1.12 1.37
0.09 1.44
-0.41 -0.85
0.95 0.92
2.00 1.31
1.18 0.68
-1.96 -2.50
1.45 0.78
1.20 -0.75
0.83 1.61
-2.56 -2.17
0.69 1.35
0.48 0.51
-0.40 0.23
0.65 -0.34
-0.67 0.02
-0.21 0.04
1.34 0.26
-0.26 0.84
-1.18 -0.28
-0.45 1.05
1.27 1.06
-0.71 -0.76
0.11 -1.00
-2.73 -2.51
0.11 0.55
-1.02 1.00
1.56 1.00
-0.73 -1.06
1.64 1.35
0.40 0.89
-0.25 0.31
0.51 2.17
0.34 0.43
1.03 0.02
1.06 0.45
-0.89 -0.23
-1.30 -0.87
-0.58 -0.64
0.25 -0.44
0.56 -0.19
-0.79 -1.13
0.27 0.34
-0.91 0.50
-0.17 -0.67
0.50 0.14
-0.04 1.39
-1.56 -1.17
0.15 0.51
-0.06 -0.25
-0.30 0.41
0.91 1.21
0.67 0.99
-0.48 0.16
0.46 0.40
-0.69 -0.48
1.19 -0.13
-0.34 -0.93
0.51 0.45
0.01 -0.24
-0.23 0.79
-0.37 -0.12
0.81 0.00
-1.43 -0.93
-2.13 -0.87
1.01 1.20
-0.29 0.80
0.20 0.24
0.02 0.26
-1.71 -2.11
-1.97 -1.60
-0.15 -0.54
-0.37 0.23
-1.38 -1.30
-0.94 -1.01
-1.39 -0.74
0.11 -0.16
1.85 1.25
1.98 1.25
-0.21 0.96
-0.91 -0.22
0.03 -1.73
0.06 0.36
1.76 0.98
-1.38 -1.19
-1.37 -1.12
0.77 0.70
0.02 0.08
0.23 1.57
-0.62 -2.03
1.22 0.21
1.13 1.63
-0.91 -0.43
-0.45 -0.39
