0.92 -0.92
-2.16 2.16
0.73 -0.73
0.15 -0.15
1.33 -1.33
0.70 -0.70
-0.62 0.62
-0.60 0.60
-0.89 0.89
-0.70 0.70
1.35 -1.35
-0.68 0.68
1.13 -1.13
0.03 -0.03
1.41 -1.41
1.59 -1.59
-0.15 0.15
-0.44 0.44
-0.07 0.07
1.31 -1.31
-2.60 2.60
-0.69 0.69
-0.27 0.27
-0.77 0.77
1.49 -1.49
0.01 -0.01
0.11 -0.11
2.18 -2.18
1.58 -1.58
1.59 -1.59
-0.07 0.07
-0.11 0.11
0.27 -0.27
0.58 -0.58
0.45 -0.45
-0.44 0.44
-1.05 1.05
0.50 -0.50
1.27 -1.27
-1.21 1.21
0.26 -0.26
0.16 -0.16
0.28 -0.28
-1.21 1.21
-1.06 1.06
1.32 -1.32
-0.58 0.58
0.50 -0.50
0.13 -0.13
0.73 -0.73
