1.77 -0.34
1.13 -1.71
-0.53 -0.59
-0.32 -2.04
-0.38 1.15
-0.48 0.37
1.23 -1.99
0.29 0.40
-0.17 0.26
-0.69 -1.16
-0.77 0.93
-0.39 -0.72
0.12 0.85
-1.23 0.66
0.05 -0.77
1.33 -1.90
0.91 1.94
0.33 -0.86
1.78 -1.48
0.76 1.23
1.21 -0.66
-0.33 0.87
-1.18 0.03
-0.87 -0.04
1.91 -0.41
1.49 0.44
1.22 -0.02
-1.13 1.70
0.06 -0.41
-1.65 0.65
0.66 -1.14
-1.63 -0.05
-0.23 -0.01
0.13 1.01
-0.33 1.12
-0.07 0.34
0.76 0.79
1.26 0.17
0.47 -1.03
-0.70 -1.26
0.63 -1.64
-2.01 1.05
0.78 -1.83
0.08 -1.48
0.74 0.43
0.44 0.15
0.51 -1.28
-0.24 -0.45
0.82 0.75
0.12 -1.35
-1.57 -0.59
-1.13 -1.10
0.23 -0.11
0.99 1.07
-0.46 0.21
-0.71 -0.82
2.07 0.21
0.52 -1.20
-1.70 0.20
0.22 -1.10
0.20 1.04
-1.01 -0.30
-0.39 -1.19
1.33 -1.32
-1.68 0.26
-0.12 1.00
0.20 0.37
0.71 0.25
-0.57 -1.51
-0.13 -0.30
-1.38 0.08
1.16 -0.11
-1.41 -1.36
0.61 0.23
-0.36 -0.48
-0.68 -1.01
-2.97 -1.07
0.16 0.72
-0.82 2.58
0.78 -0.03
-0.48 -0.41
-0.58 -1.14
0.77 -0.42
1.14 -1.77
-0.70 -2.63
1.96 0.34
-0.40 -0.76
1.27 0.22
0.41 -0.64
1.22 -1.53
