0.09 -0.84
-2.07 0.37
-0.32 -0.56
1.49 0.19
0.43 -0.06
-1.28 0.54
1.42 1.70
0.84 0.37
-0.31 -0.16
-0.89 1.69
0.25 1.03
0.24 1.10
0.17 -0.83
0.85 0.29
-2.37 -0.48
0.23 0.25
0.81 -0.27
-0.78 -2.69
-0.83 1.09
-0.23 -0.01
-1.86 -0.73
-0.09 -1.06
-1.05 -0.99
-1.35 0.33
-1.98 -0.25
-1.07 0.86
0.72 1.79
0.33 1.38
0.69 0.53
-0.72 -1.14
2.61 -1.61
-0.92 0.21
0.25 0.46
-0.05 1.56
-1.14 -0.45
1.87 -1.43
0.29 -0.57
-0.14 1.36
-0.18 -0.47
0.07 1.57
1.43 0.07
-0.44 -1.57
-0.47 -0.24
-0.34 2.14
-0.70 0.62
-0.80 -1.32
-1.98 -0.68
0.17 -1.09
1.48 -0.87
1.58 1.02
1.01 0.93
0.25 0.19
0.26 -0.66
0.99 -0.50
-2.61 -1.45
-0.22 -0.11
1.04 -0.21
0.71 0.61
-0.37 0.60
-1.29 -0.45
-0.99 -0.03
0.68 -0.59
0.66 0.09
-1.14 0.70
-1.19 -2.83
-0.18 0.30
1.10 -0.45
-0.52 -1.56
0.35 -0.09
-0.06 0.83
-1.40 -1.24
1.44 1.77
0.60 1.87
-0.38 -0.21
-0.65 -1.04
0.46 -0.01
-0.96 -1.44
0.44 0.35
-0.29 -0.80
-0.55 -1.67
-0.20 0.76
0.45 0.68
-1.42 0.01
0.96 -0.46
0.45 -0.85
-0.61 0.26
-0.22 -1.22
-0.76 0.48
-1.46 -0.43
0.87 -0.10
