-1.00 1.78
-0.02 0.03
-0.25 -0.39
-0.97 0.59
1.06 -0.69
-1.20 -0.19
0.55 2.01
0.27 0.80
0.71 -2.97
-0.09 -0.32
2.89 -0.67
1.64 -0.41
0.15 0.90
1.07 -0.38
0.60 -1.25
-1.56 0.53
-1.40 0.42
-1.21 -0.49
-1.67 -0.81
1.00 -1.41
-0.17 -0.46
-0.68 1.50
0.64 0.43
1.52 -0.54
0.23 -0.82
-0.87 0.61
0.78 0.73
-0.40 -0.11
-0.69 0.23
-0.24 0.22
1.08 0.18
1.04 0.00
-0.64 -1.23
-0.73 -0.40
-0.17 0.02
-1.18 1.00
-0.10 -0.58
0.35 0.21
-1.09 0.51
-0.47 0.79
-0.06 1.99
0.02 0.53
0.29 1.99
0.63 0.10
-0.26 -0.09
-2.24 0.02
1.72 -1.64
-0.60 -2.07
-1.42 -1.30
0.22 -0.58
