1.30 0.15
-0.99 0.60
0.64 0.14
-0.37 1.92
-1.84 -1.31
0.18 -0.49
-0.30 0.35
-0.38 -0.79
-0.40 0.25
0.60 0.18
-0.42 -0.99
-0.15 0.47
0.89 1.14
0.85 0.52
-0.69 0.33
0.10 0.92
-0.66 -0.04
1.48 -0.18
2.48 -0.84
0.41 -0.68
-0.08 -0.73
-0.37 -1.16
-0.78 -2.25
1.77 -0.65
2.04 -0.30
-1.24 0.44
2.04 -0.12
-1.64 -0.71
-0.48 -0.57
-0.25 -0.37
1.13 -0.78
0.28 1.28
-1.55 0.87
0.25 -1.40
-0.76 -1.53
0.42 0.15
1.13 -1.00
-1.00 1.06
0.51 -1.38
-0.69 1.02
-0.16 0.22
2.38 -1.65
-0.15 -0.42
0.42 -0.66
-0.34 0.96
-0.01 0.18
0.90 0.55
-0.18 -0.83
-1.45 1.84
0.41 -0.55
-0.52 -2.15
-0.74 2.14
-0.59 0.05
-1.19 -1.88
-0.04 0.93
-1.57 0.99
-0.68 1.32
0.68 -0.58
-0.61 -0.87
-1.51 0.37
-0.29 1.79
-0.42 0.78
1.85 -1.78
1.29 -0.05
0.54 -0.72
-1.45 2.69
-1.14 0.55
-1.01 -0.10
1.13 -0.67
-1.48 0.27
0.89 -0.78
1.63 1.00
-0.31 0.62
-0.83 1.51
1.11 -0.04
-0.05 -0.47
0.27 -1.31
0.06 -0.69
-0.33 0.10
-1.02 0.20
2.18 -0.07
-2.36 1.08
-0.52 0.66
0.31 -0.35
-0.14 0.29
0.60 0.10
-0.19 0.37
-1.56 -0.70
-0.14 0.18
0.61 1.06
0.70 0.81
1.41 1.21
0.25 -1.17
0.15 0.97
0.79 -0.34
-1.00 -1.90
0.89 -0.02
-0.32 -0.15
-0.37 -0.84
-0.28 2.41
