-0.52 1.57
-1.23 1.87
0.52 -0.18
-0.69 1.23
-0.90 0.37
1.85 -2.27
-1.15 1.24
-0.87 1.43
2.15 -1.62
-0.72 0.19
-1.24 1.44
-0.19 0.74
-1.17 1.05
-0.89 0.89
0.12 -0.30
0.43 -0.88
1.22 -0.63
-1.89 1.51
-0.81 0.45
-0.14 0.45
1.07 -0.54
-0.49 0.30
1.27 -0.90
-0.48 1.29
0.92 -1.10
-0.53 0.62
0.93 -0.72
0.93 -0.03
-0.26 0.41
0.48 0.25
1.95 -2.32
-0.48 1.23
-0.85 0.97
-0.04 0.17
0.32 -0.47
-1.32 0.94
1.12 -0.75
-1.06 0.78
-0.20 0.08
1.20 -1.15
0.73 -0.90
-0.89 0.60
-0.23 0.48
-1.35 1.25
0.54 0.22
-0.73 0.26
0.43 -1.15
-0.11 -0.05
2.12 -1.53
-0.93 0.37
