1.42 0.17
-0.26 0.60
0.46 0.03
-0.32 1.27
0.62 0.76
-0.76 1.79
2.48 1.43
-0.44 -0.89
0.13 -0.30
-0.06 0.67
-1.23 -0.61
1.17 1.68
-1.31 0.65
0.33 -1.04
0.93 -1.23
0.64 -0.00
-0.91 -1.96
0.54 1.68
-1.45 -0.66
-0.29 0.84
-1.57 -2.15
-1.82 -1.88
-2.13 0.51
-1.42 -1.50
-0.34 -1.17
-1.18 -1.25
-1.96 -1.21
0.03 -0.38
0.50 -0.18
1.17 0.72
-1.11 0.67
-0.35 -0.98
-0.71 -1.08
0.86 1.59
-1.40 -1.10
0.46 -0.82
0.05 2.13
-0.96 -1.40
-1.64 -0.49
-0.10 0.96
0.16 -0.22
-1.87 -1.23
1.65 0.30
0.56 0.67
1.07 0.76
1.41 1.29
-1.24 -0.46
0.96 1.40
0.64 0.04
-0.33 -0.53
0.66 -0.61
1.09 0.80
-0.00 -0.66
-0.07 0.83
-0.70 -0.10
-0.23 -0.55
1.32 0.46
0.46 -0.15
0.29 1.75
-0.97 -0.91
0.79 0.56
0.99 1.10
0.73 -0.18
0.60 0.28
-1.15 -0.56
0.36 0.08
0.58 -0.61
-1.45 -0.35
0.72 0.16
0.73 2.34
0.02 0.28
-0.54 -1.04
-0.81 -1.31
0.50 -0.62
-1.54 0.60
0.87 -0.20
-1.83 -0.06
0.95 1.63
-0.21 -1.75
-0.59 -0.40
1.17 -0.14
0.26 -0.34
-0.48 -1.30
-0.47 -0.11
1.70 0.34
2.74 1.78
-0.45 -0.21
-0.57 0.07
-0.38 -1.23
0.77 1.64
-0.49 -1.06
1.30 0.74
0.85 -0.33
0.85 0.08
0.36 0.74
-0.01 -1.05
-0.33 0.81
-0.57 -0.28
-0.17 1.41
1.27 -0.28
