0.82 -0.86
-0.39 0.21
0.05 -0.71
-0.52 0.88
-0.36 1.65
0.24 -0.43
1.16 -1.05
-0.92 0.46
-0.48 0.08
2.10 -1.50
-0.02 1.28
-1.04 1.16
0.20 -0.06
1.05 -0.68
0.81 -0.73
1.00 -0.93
0.13 0.49
-1.19 1.22
-0.39 0.57
-0.83 0.66
-0.69 1.18
-2.55 1.85
-1.02 1.03
2.38 -2.08
-0.05 -0.11
-0.27 -0.16
-1.54 1.36
0.55 -0.12
0.46 0.43
1.38 -0.32
0.31 -0.55
0.13 0.43
0.09 0.03
0.28 0.75
-0.57 1.05
1.50 -1.37
-1.13 0.23
-0.97 -0.71
0.54 0.20
1.26 -1.55
0.08 0.94
0.95 -0.75
-0.99 0.98
1.32 -2.55
0.20 0.70
0.85 -1.76
-0.03 0.29
0.16 0.37
0.62 0.23
-2.37 1.46
