-0.42 0.93
0.69 0.04
-0.28 1.36
-0.95 1.03
-1.39 -1.17
-0.23 0.29
1.50 -0.14
0.70 1.14
-0.50 0.61
1.15 -0.91
1.14 -0.53
0.06 0.59
0.85 0.01
1.21 -1.37
0.08 0.36
0.28 0.67
-1.30 -0.64
0.18 0.70
2.55 -0.75
1.16 0.86
-0.39 0.39
-1.13 0.01
-1.38 0.73
0.02 0.00
1.47 -0.56
1.30 0.41
0.35 -0.52
-1.05 1.81
0.33 -0.67
-0.40 0.54
-1.41 0.76
0.15 2.77
1.12 -0.11
0.90 -0.93
-0.07 -0.86
-1.36 0.74
-0.04 -2.25
-1.73 0.24
-0.15 -1.11
0.34 1.75
0.84 1.57
0.69 -1.06
1.41 -0.51
1.60 1.80
-0.29 -0.35
0.94 0.76
2.04 0.55
1.04 -1.12
-2.40 2.33
1.68 0.66
-0.02 -1.05
2.28 0.14
0.18 1.58
-0.97 -1.43
-1.34 0.20
-0.17 -1.22
-0.72 0.19
-0.39 -1.75
-0.78 -0.54
-0.62 -1.33
0.09 1.49
-0.01 -0.44
-0.47 -0.75
0.23 0.68
1.20 -1.37
0.06 -0.98
-0.77 -0.92
0.26 0.50
-0.86 0.87
-0.85 0.23
-0.94 2.16
-2.09 0.66
-2.18 -0.60
-0.36 -0.05
-1.05 -1.17
0.59 -2.65
-0.93 -0.55
-0.25 -1.19
0.01 -1.02
1.41 -1.00
-0.46 -0.01
1.17 0.22
-0.65 0.77
-0.74 0.02
0.15 -0.81
0.27 -0.71
0.99 -0.15
-0.71 -0.28
0.86 1.06
0.42 0.01
-0.14 -0.09
0.83 0.74
0.94 -0.78
-0.26 -0.96
-0.67 -0.37
-0.17 -0.16
-0.81 1.37
-0.64 -0.36
-2.07 -0.10
0.28 1.04
