-1.38 -0.49
-1.68 0.53
0.96 -0.80
0.68 0.52
-1.04 0.92
-1.09 0.22
-0.05 -0.10
-0.51 0.50
-0.05 1.48
0.26 0.23
1.64 -1.50
0.30 0.12
0.29 -0.19
0.15 -0.43
0.85 0.92
0.74 0.58
0.30 0.12
-0.56 0.36
0.03 -0.07
0.72 0.50
-0.84 0.04
-0.15 -0.73
-0.76 1.31
-2.01 -0.25
-0.50 0.49
-1.12 -0.37
0.78 0.21
2.05 0.42
1.45 1.25
-0.10 -2.19
-0.85 1.04
1.42 -1.16
-0.56 1.56
-1.03 0.41
1.41 -1.44
-0.94 -2.55
-0.69 2.21
-1.47 0.33
1.14 0.90
-2.13 0.52
0.19 0.84
1.50 0.36
1.42 -0.17
0.52 -0.27
-0.50 -2.33
0.22 0.81
-1.45 0.53
0.32 -0.94
-0.16 -2.01
0.11 -0.11
