1.10 -1.10
0.99 -0.99
1.60 -1.60
-0.20 0.20
1.19 -1.19
-0.23 0.23
-0.61 0.61
0.06 -0.06
1.01 -1.01
0.01 -0.01
0.46 -0.46
2.22 -2.22
1.38 -1.38
0.28 -0.28
-0.64 0.64
-0.03 0.03
1.46 -1.46
-0.11 0.11
-0.76 0.76
1.92 -1.92
-0.38 0.38
0.42 -0.42
1.25 -1.25
1.02 -1.02
-1.46 1.46
1.64 -1.64
-0.06 0.06
-0.05 0.05
1.01 -1.01
0.45 -0.45
-0.99 0.99
-1.07 1.07
0.31 -0.31
-0.12 0.12
-1.53 1.53
-1.03 1.03
1.61 -1.61
0.72 -0.72
0.05 -0.05
-1.08 1.08
1.40 -1.40
-0.99 0.99
-0.05 0.05
0.09 -0.09
1.18 -1.18
-1.19 1.19
0.07 -0.07
1.38 -1.38
-0.81 0.81
-0.59 0.59
0.44 -0.44
-1.97 1.97
-1.63 1.63
-0.85 0.85
-1.29 1.29
0.00 -0.00
0.89 -0.89
-0.56 0.56
-0.66 0.66
0.01 -0.01
-0.42 0.42
1.83 -1.83
-1.95 1.95
-1.01 1.01
-0.19 0.19
-2.16 2.16
-0.38 0.38
0.15 -0.15
1.89 -1.89
2.53 -2.53
-0.15 0.15
-0.11 0.11
1.17 -1.17
1.25 -1.25
0.71 -0.71
1.85 -1.85
1.28 -1.28
-0.75 0.75
-0.62 0.62
-0.46 0.46
-0.44 0.44
-0.53 0.53
-0.16 0.16
-0.29 0.29
1.05 -1.05
-0.08 0.08
1.27 -1.27
0.77 -0.77
1.17 -1.17
-0.46 0.46
-0.32 0.32
-0.44 0.44
0.13 -0.13
-0.86 0.86
0.06 -0.06
-0.58 0.58
-1.05 1.05
0.03 -0.03
0.67 -0.67
0.47 -0.47
