-0.57 -0.57
-1.79 -1.79
1.80 1.80
-0.50 -0.50
0.12 0.12
-0.52 -0.52
1.05 1.05
0.72 0.72
-1.37 -1.37
0.48 0.48
-1.63 -1.63
-0.78 -0.78
-0.68 -0.68
-1.09 -1.09
-0.79 -0.79
2.31 2.31
-0.89 -0.89
1.32 1.32
-1.97 -1.97
-0.02 -0.02
-0.18 -0.18
-0.63 -0.63
-2.22 -2.22
-1.04 -1.04
0.05 0.05
-0.61 -0.61
-0.51 -0.51
-0.43 -0.43
1.06 1.06
1.48 1.48
-0.05 -0.05
0.02 0.02
0.32 0.32
0.18 0.18
0.29 0.29
-0.26 -0.26
1.39 1.39
0.09 0.09
0.48 0.48
-0.44 -0.44
-0.44 -0.44
-1.64 -1.64
0.69 0.69
0.99 0.99
0.68 0.68
-0.24 -0.24
0.54 0.54
-1.66 -1.66
-0.13 -0.13
-0.24 -0.24
-2.79 -2.79
0.37 0.37
-0.10 -0.10
0.25 0.25
0.60 0.60
1.51 1.51
0.40 0.40
0.33 0.33
0.79 0.79
0.52 0.52
1.01 1.01
0.14 0.14
-1.58 -1.58
-0.08 -0.08
2.01 2.01
-0.49 -0.49
0.42 0.42
1.98 1.98
0.67 0.67
1.01 1.01
-0.70 -0.70
0.65 0.65
1.07 1.07
-1.10 -1.10
0.65 0.65
-1.23 -1.23
-0.14 -0.14
-0.31 -0.31
-0.09 -0.09
-0.71 -0.71
0.67 0.67
-0.39 -0.39
-1.77 -1.77
-2.03 -2.03
0.04 0.04
-0.31 -0.31
0.10 0.10
1.03 1.03
-0.48 -0.48
0.59 0.59
