1.95 1.95
-0.13 -0.13
0.89 0.89
1.95 1.95
1.71 1.71
0.61 0.61
-0.44 -0.44
0.19 0.19
-0.61 -0.61
-1.39 -1.39
-0.16 -0.16
-0.75 -0.75
-0.91 -0.91
1.38 1.38
0.47 0.47
-0.53 -0.53
0.17 0.17
-0.99 -0.99
-0.14 -0.14
-0.09 -0.09
3.24 3.24
0.76 0.76
-0.13 -0.13
-0.20 -0.20
0.24 0.24
-0.77 -0.77
0.57 0.57
-0.16 -0.16
-0.18 -0.18
0.84 0.84
1.71 1.71
0.77 0.77
0.21 0.21
0.71 0.71
-0.74 -0.74
2.06 2.06
0.88 0.88
0.89 0.89
1.56 1.56
-0.26 -0.26
0.64 0.64
0.75 0.75
-1.02 -1.02
-0.82 -0.82
-1.72 -1.72
-0.29 -0.29
0.56 0.56
1.00 1.00
-0.98 -0.98
-0.57 -0.57
