0.47 -0.60
0.21 -1.17
-2.73 2.46
-0.07 0.51
0.04 -0.12
-0.68 0.50
-0.20 0.50
0.05 -0.40
0.14 -1.16
-1.73 1.40
0.54 -0.42
-1.30 0.81
-1.96 1.95
0.21 0.17
-0.10 -0.27
0.17 -0.27
-1.20 1.49
0.36 -0.66
1.12 -1.00
-1.45 1.33
0.21 -0.65
-1.55 2.02
-0.37 -0.12
0.57 -0.21
-1.09 1.18
2.36 -1.72
-0.67 1.23
-0.86 0.79
-2.35 1.23
0.90 -0.47
0.82 -1.64
-0.09 0.48
-1.49 1.49
0.84 -0.75
-0.61 1.01
0.99 -0.21
-0.39 0.39
1.63 -1.42
0.70 -0.74
-0.85 0.86
0.28 0.17
0.03 -0.31
-0.54 0.77
0.95 -1.04
0.02 -0.20
0.18 -0.31
1.15 -1.57
-0.34 -0.42
-0.15 0.87
0.30 0.33
