-0.36 -0.07
-0.30 0.65
-0.54 -0.40
0.64 0.51
-0.69 -0.76
1.40 1.98
0.31 -0.45
-1.29 -0.65
1.03 1.29
-0.49 1.06
-1.79 -0.81
-1.16 -1.25
0.65 0.04
-0.95 -0.73
0.13 -0.09
1.07 0.81
2.15 1.24
0.13 -1.47
2.09 2.00
0.31 0.65
-1.01 -0.23
-1.52 -1.80
-0.32 -1.02
-1.26 -1.30
0.77 -0.02
-0.44 -0.53
0.15 0.19
-1.55 -0.94
-0.49 -1.41
0.22 -0.74
1.10 1.92
-1.51 -0.98
-0.08 -0.51
-1.05 -1.66
-0.14 0.51
-0.75 -0.83
0.36 0.65
0.38 0.20
0.40 0.72
-2.71 -1.86
-0.88 -1.08
-0.55 -0.27
1.86 1.94
0.56 0.58
-1.38 -0.26
-0.17 -0.77
-0.19 -0.85
0.45 0.29
-0.45 -0.32
-0.36 0.79
