-0.11 -0.52
-0.48 0.34
-2.03 -0.23
-0.93 -1.69
1.07 0.11
-1.38 0.68
-1.18 1.50
-0.40 0.86
-2.33 -0.41
0.39 1.65
-0.53 1.63
-0.22 2.21
1.15 0.18
0.37 -0.43
0.98 0.59
0.60 -0.56
-0.90 0.29
0.21 1.26
-0.73 0.73
0.18 -0.00
1.16 0.82
0.64 0.93
-0.38 -0.20
-1.43 0.48
1.10 0.97
-0.56 -1.02
0.41 -0.15
1.30 -1.38
0.61 -0.93
-0.10 0.02
-0.19 -0.55
1.17 -0.01
1.73 -0.41
0.83 -0.53
1.72 0.17
-1.92 0.17
-0.87 0.02
-0.55 0.64
-1.31 0.95
-0.66 0.72
-0.21 0.44
1.05 0.59
-0.65 -2.29
1.85 -0.90
-0.29 0.17
0.31 -1.04
-0.32 -2.23
1.29 1.53
0.29 -0.37
-0.61 -2.35
