0.92 -0.18
-0.88 0.38
-0.59 -0.80
-2.93 -1.26
-1.57 -0.16
1.24 -0.07
0.51 -0.34
-1.55 0.24
-1.14 0.51
0.64 -0.65
-0.97 -0.06
0.53 0.63
1.10 -1.01
-1.48 1.02
1.02 -1.32
1.47 -0.60
0.27 0.75
1.90 0.29
-0.83 -1.33
-1.21 1.50
-0.82 0.49
-0.59 -0.12
-0.56 2.11
-0.09 -0.92
0.27 -0.39
-1.61 1.53
-0.21 -1.24
-0.40 0.91
-0.35 1.04
-0.86 1.59
0.43 1.84
0.13 -0.12
-0.21 2.52
0.55 0.81
-0.46 0.55
-0.15 0.71
-1.23 0.87
-1.87 0.38
-0.03 0.54
0.02 0.24
0.99 1.78
0.44 -0.44
-0.32 -0.56
-0.02 0.02
1.83 0.26
0.91 0.01
0.15 0.06
1.06 -2.67
-0.59 0.90
0.68 -1.00
