0.91 0.34
-0.59 -1.58
0.43 0.54
0.05 -0.04
0.04 0.17
-0.74 0.44
0.18 0.88
-1.62 -0.26
0.63 0.64
0.07 -0.11
1.71 0.85
-0.11 -2.23
0.69 1.13
0.24 1.47
0.81 -0.91
2.85 -1.16
-1.17 -1.40
0.58 0.74
-0.38 0.29
-0.18 -0.22
-2.36 0.70
0.18 0.39
-1.19 0.18
-0.80 0.08
1.29 0.06
1.10 -0.79
0.08 -0.46
0.44 -0.77
0.17 0.50
0.70 1.22
1.76 -0.35
0.98 -0.62
-2.39 1.10
-0.16 -0.80
-0.61 -0.87
-0.64 1.80
0.29 1.06
-1.58 0.83
0.45 -0.89
-1.20 0.84
1.19 -2.78
0.15 -0.32
-0.24 0.03
-0.58 0.68
0.75 0.81
0.16 0.40
-0.54 -0.10
-1.47 -0.11
-0.35 -2.58
0.55 1.47
1.42 1.12
1.07 -0.18
0.87 -0.25
0.16 -0.49
0.94 -0.18
-1.09 -1.83
-0.25 -1.16
-0.97 -1.38
1.20 -2.08
0.43 -1.89
1.06 1.44
-1.30 0.78
0.94 -0.98
0.25 -0.65
1.45 -0.92
2.81 -0.30
-0.76 0.10
-0.19 1.35
0.83 -1.17
0.10 1.43
1.08 -0.59
1.16 -0.96
-0.12 0.66
-0.63 -0.82
-0.16 -1.65
-0.55 1.12
0.32 -0.40
-0.91 -0.60
0.87 0.29
1.05 1.30
1.09 -1.33
-0.27 0.59
-0.21 1.01
1.97 0.20
0.12 -0.00
-2.18 -0.30
-0.03 -0.40
-0.77 -0.04
0.69 1.14
-0.50 0.96
