0.20 0.54
0.17 -0.49
-1.01 1.20
-0.22 0.66
1.97 -1.59
0.28 0.00
-0.31 -1.17
1.87 -0.51
-0.18 0.27
2.42 -1.69
-1.06 1.08
-0.31 -0.08
-1.75 1.59
1.54 -2.18
0.64 -0.33
0.27 -0.08
0.96 -0.36
-0.92 1.65
-0.49 1.16
-0.69 0.75
-0.04 1.39
-1.77 2.35
0.57 -2.21
-0.90 0.47
0.10 -0.78
1.91 -1.90
0.37 -0.24
0.93 -1.76
-0.44 -0.54
1.22 -1.22
-1.18 0.75
0.38 -1.06
0.49 0.23
-1.26 1.28
1.12 -0.42
-0.10 -0.77
1.05 -0.73
-0.00 -0.52
-0.59 1.08
0.36 0.01
0.71 -1.26
0.91 -0.14
0.72 0.25
1.72 -0.89
1.30 -0.20
-1.70 1.09
-1.13 0.75
0.05 -0.13
-0.85 0.37
-1.41 1.96
-0.98 0.27
-1.24 0.64
-1.58 1.53
-0.28 -0.11
0.00 -0.52
-1.91 1.31
-1.38 0.09
-0.27 0.85
0.27 -0.76
0.43 -0.08
2.22 -2.40
-0.51 -0.29
2.37 -1.73
-0.02 -0.26
1.04 -1.33
0.24 -0.36
0.29 0.56
0.79 -0.74
-0.73 0.21
0.05 -0.27
0.28 -1.10
-0.86 -0.05
-1.10 0.72
0.05 0.48
-0.07 -0.89
-1.60 1.07
-0.85 0.02
-1.59 1.66
-0.87 0.91
-0.39 -0.76
0.39 0.09
-0.08 0.72
-0.76 0.87
0.23 0.28
0.20 -0.05
-0.51 0.51
0.02 -0.15
-1.16 1.77
0.03 -0.60
0.63 -0.32
