-1.38 0.26
-0.19 0.00
0.51 0.19
0.09 -2.25
0.52 -1.04
0.12 -0.27
-0.61 0.78
-1.16 0.95
0.31 0.03
-0.55 -0.13
-0.06 0.36
0.70 -0.36
0.04 -0.68
-0.66 1.49
-0.71 -0.03
1.34 -0.01
-0.74 0.95
-1.40 -0.12
0.40 0.24
-2.26 1.58
1.23 -1.77
-0.29 0.80
-1.57 0.68
0.78 0.27
1.14 -1.47
-0.28 0.30
-0.73 0.14
0.77 -1.70
1.21 -1.40
-1.52 2.31
1.14 -1.08
-0.21 0.27
0.38 -0.22
-0.71 -0.70
-1.79 0.53
2.14 -0.21
-0.45 0.79
1.80 -0.99
-0.41 -0.73
-0.61 -0.09
-0.06 0.03
1.21 -1.37
-0.77 -0.56
-0.58 1.27
1.46 0.02
0.65 -0.42
-1.49 0.96
-0.74 -0.01
-0.27 0.20
0.25 1.53
0.18 -0.11
-0.57 1.62
-0.53 -0.01
-0.03 0.99
0.69 -0.38
-1.62 0.86
-1.32 0.83
0.58 -0.76
0.08 0.36
-1.70 1.06
-2.45 2.36
-1.13 1.45
-0.12 0.38
-0.43 -0.14
0.09 0.32
-0.74 0.98
-2.17 1.74
-0.02 0.19
-0.26 -0.57
-0.05 0.01
-1.61 0.59
-0.59 1.55
0.19 -1.81
-0.27 0.22
0.86 -0.45
0.23 -0.69
-0.36 0.56
-0.82 0.13
-0.44 -0.82
-1.52 2.12
1.11 -1.79
-0.80 0.60
-1.31 1.62
-1.33 0.15
1.46 -2.40
-0.93 0.59
-1.40 1.26
1.98 -0.94
1.45 -0.64
-1.32 1.50
